dia;linea_Servicio;Hora;Afluencia
1/01/2019;A;4:00:00;14
2/01/2019;A;4:00:00;8890
3/01/2019;A;4:00:00;9879
4/01/2019;A;4:00:00;9829
5/01/2019;A;4:00:00;8658
6/01/2019;A;4:00:00;2813
7/01/2019;A;4:00:00;2718
8/01/2019;A;4:00:00;11584
9/01/2019;A;4:00:00;11014
10/01/2019;A;4:00:00;11274
11/01/2019;A;4:00:00;10960
12/01/2019;A;4:00:00;9756
13/01/2019;A;4:00:00;3014
14/01/2019;A;4:00:00;12452
15/01/2019;A;4:00:00;12399
16/01/2019;A;4:00:00;11764
17/01/2019;A;4:00:00;12057
18/01/2019;A;4:00:00;12435
19/01/2019;A;4:00:00;10222
20/01/2019;A;4:00:00;2877
21/01/2019;A;4:00:00;12939
22/01/2019;A;4:00:00;12858
23/01/2019;A;4:00:00;13129
24/01/2019;A;4:00:00;12923
25/01/2019;A;4:00:00;12943
26/01/2019;A;4:00:00;10640
27/01/2019;A;4:00:00;2992
28/01/2019;A;4:00:00;13498
29/01/2019;A;4:00:00;13113
30/01/2019;A;4:00:00;13237
31/01/2019;A;4:00:00;12842
1/02/2019;A;4:00:00;12859
2/02/2019;A;4:00:00;10538
3/02/2019;A;4:00:00;2730
4/02/2019;A;4:00:00;13523
5/02/2019;A;4:00:00;13712
6/02/2019;A;4:00:00;13507
7/02/2019;A;4:00:00;13296
8/02/2019;A;4:00:00;13293
9/02/2019;A;4:00:00;10858
10/02/2019;A;4:00:00;3050
11/02/2019;A;4:00:00;13778
12/02/2019;A;4:00:00;13969
13/02/2019;A;4:00:00;13606
14/02/2019;A;4:00:00;13296
15/02/2019;A;4:00:00;10034
16/02/2019;A;4:00:00;10569
17/02/2019;A;4:00:00;2896
18/02/2019;A;4:00:00;14064
19/02/2019;A;4:00:00;13406
20/02/2019;A;4:00:00;12893
21/02/2019;A;4:00:00;13757
22/02/2019;A;4:00:00;13422
23/02/2019;A;4:00:00;10656
24/02/2019;A;4:00:00;2608
25/02/2019;A;4:00:00;13909
26/02/2019;A;4:00:00;13882
27/02/2019;A;4:00:00;13602
28/02/2019;A;4:00:00;13692
1/03/2019;A;4:00:00;13307
2/03/2019;A;4:00:00;10583
3/03/2019;A;4:00:00;2919
4/03/2019;A;4:00:00;13989
5/03/2019;A;4:00:00;13778
6/03/2019;A;4:00:00;14828
7/03/2019;A;4:00:00;14787
8/03/2019;A;4:00:00;14125
9/03/2019;A;4:00:00;10928
10/03/2019;A;4:00:00;3040
11/03/2019;A;4:00:00;14311
12/03/2019;A;4:00:00;13963
13/03/2019;A;4:00:00;3600
14/03/2019;A;4:00:00;13805
15/03/2019;A;4:00:00;13286
16/03/2019;A;4:00:00;10901
17/03/2019;A;4:00:00;3014
18/03/2019;A;4:00:00;14869
19/03/2019;A;4:00:00;14267
20/03/2019;A;4:00:00;14486
21/03/2019;A;4:00:00;13857
22/03/2019;A;4:00:00;13841
23/03/2019;A;4:00:00;11065
24/03/2019;A;4:00:00;3031
25/03/2019;A;4:00:00;3163
26/03/2019;A;4:00:00;14626
27/03/2019;A;4:00:00;14053
28/03/2019;A;4:00:00;14166
29/03/2019;A;4:00:00;12675
30/03/2019;A;4:00:00;11124
31/03/2019;A;4:00:00;2998
1/04/2019;A;4:00:00;14080
2/04/2019;A;4:00:00;13264
3/04/2019;A;4:00:00;13964
4/04/2019;A;4:00:00;14096
5/04/2019;A;4:00:00;13189
6/04/2019;A;4:00:00;11094
7/04/2019;A;4:00:00;3195
8/04/2019;A;4:00:00;14211
9/04/2019;A;4:00:00;13828
10/04/2019;A;4:00:00;13813
11/04/2019;A;4:00:00;13698
12/04/2019;A;4:00:00;13689
13/04/2019;A;4:00:00;11565
14/04/2019;A;4:00:00;3529
15/04/2019;A;4:00:00;12544
16/04/2019;A;4:00:00;12223
17/04/2019;A;4:00:00;11726
18/04/2019;A;4:00:00;3192
19/04/2019;A;4:00:00;2472
20/04/2019;A;4:00:00;5963
21/04/2019;A;4:00:00;2523
22/04/2019;A;4:00:00;14074
23/04/2019;A;4:00:00;15540
24/04/2019;A;4:00:00;13807
25/04/2019;A;4:00:00;2680
26/04/2019;A;4:00:00;
27/04/2019;A;4:00:00;9530
28/04/2019;A;4:00:00;3325
29/04/2019;A;4:00:00;14316
30/04/2019;A;4:00:00;14000
1/05/2019;A;4:00:00;3769
2/05/2019;A;4:00:00;14182
3/05/2019;A;4:00:00;13750
4/05/2019;A;4:00:00;11038
5/05/2019;A;4:00:00;3194
6/05/2019;A;4:00:00;14243
7/05/2019;A;4:00:00;13951
8/05/2019;A;4:00:00;14003
9/05/2019;A;4:00:00;13691
10/05/2019;A;4:00:00;13437
11/05/2019;A;4:00:00;10907
12/05/2019;A;4:00:00;2767
13/05/2019;A;4:00:00;14141
14/05/2019;A;4:00:00;13904
15/05/2019;A;4:00:00;14068
16/05/2019;A;4:00:00;13957
17/05/2019;A;4:00:00;12884
18/05/2019;A;4:00:00;11028
19/05/2019;A;4:00:00;3025
20/05/2019;A;4:00:00;13744
21/05/2019;A;4:00:00;13595
22/05/2019;A;4:00:00;13397
23/05/2019;A;4:00:00;13195
24/05/2019;A;4:00:00;13642
25/05/2019;A;4:00:00;11268
26/05/2019;A;4:00:00;3031
27/05/2019;A;4:00:00;13788
28/05/2019;A;4:00:00;13614
29/05/2019;A;4:00:00;13753
30/05/2019;A;4:00:00;13569
31/05/2019;A;4:00:00;13516
1/06/2019;A;4:00:00;10910
2/06/2019;A;4:00:00;3065
3/06/2019;A;4:00:00;3098
4/06/2019;A;4:00:00;14335
5/06/2019;A;4:00:00;13923
6/06/2019;A;4:00:00;13740
7/06/2019;A;4:00:00;13596
8/06/2019;A;4:00:00;11288
9/06/2019;A;4:00:00;3075
10/06/2019;A;4:00:00;13696
11/06/2019;A;4:00:00;13837
12/06/2019;A;4:00:00;14338
13/06/2019;A;4:00:00;14935
14/06/2019;A;4:00:00;14449
15/06/2019;A;4:00:00;11347
16/06/2019;A;4:00:00;2628
17/06/2019;A;4:00:00;14758
18/06/2019;A;4:00:00;14291
19/06/2019;A;4:00:00;14580
20/06/2019;A;4:00:00;14423
21/06/2019;A;4:00:00;14241
22/06/2019;A;4:00:00;11443
23/06/2019;A;4:00:00;3208
24/06/2019;A;4:00:00;3154
25/06/2019;A;4:00:00;14275
26/06/2019;A;4:00:00;13349
27/06/2019;A;4:00:00;13335
28/06/2019;A;4:00:00;13803
29/06/2019;A;4:00:00;11123
30/06/2019;A;4:00:00;3202
1/07/2019;A;4:00:00;3197
2/07/2019;A;4:00:00;14231
3/07/2019;A;4:00:00;13195
4/07/2019;A;4:00:00;13454
5/07/2019;A;4:00:00;13381
6/07/2019;A;4:00:00;10865
7/07/2019;A;4:00:00;3023
8/07/2019;A;4:00:00;13842
9/07/2019;A;4:00:00;13668
10/07/2019;A;4:00:00;13704
11/07/2019;A;4:00:00;13603
12/07/2019;A;4:00:00;13678
13/07/2019;A;4:00:00;10820
14/07/2019;A;4:00:00;3031
15/07/2019;A;4:00:00;13542
16/07/2019;A;4:00:00;13235
17/07/2019;A;4:00:00;13488
18/07/2019;A;4:00:00;13581
19/07/2019;A;4:00:00;13276
20/07/2019;A;4:00:00;4468
21/07/2019;A;4:00:00;2869
22/07/2019;A;4:00:00;14202
23/07/2019;A;4:00:00;13655
24/07/2019;A;4:00:00;13735
25/07/2019;A;4:00:00;13927
26/07/2019;A;4:00:00;14027
27/07/2019;A;4:00:00;11406
28/07/2019;A;4:00:00;3049
29/07/2019;A;4:00:00;14569
30/07/2019;A;4:00:00;13574
31/07/2019;A;4:00:00;13653
1/08/2019;A;4:00:00;14156
2/08/2019;A;4:00:00;13554
3/08/2019;A;4:00:00;11067
4/08/2019;A;4:00:00;3135
5/08/2019;A;4:00:00;14261
6/08/2019;A;4:00:00;14380
7/08/2019;A;4:00:00;4378
8/08/2019;A;4:00:00;14598
9/08/2019;A;4:00:00;14402
10/08/2019;A;4:00:00;11415
11/08/2019;A;4:00:00;3428
12/08/2019;A;4:00:00;14905
13/08/2019;A;4:00:00;14243
14/08/2019;A;4:00:00;14288
15/08/2019;A;4:00:00;14241
16/08/2019;A;4:00:00;14057
17/08/2019;A;4:00:00;11333
18/08/2019;A;4:00:00;3215
19/08/2019;A;4:00:00;3373
20/08/2019;A;4:00:00;15352
21/08/2019;A;4:00:00;14518
22/08/2019;A;4:00:00;12920
23/08/2019;A;4:00:00;14467
24/08/2019;A;4:00:00;11598
25/08/2019;A;4:00:00;3309
26/08/2019;A;4:00:00;14407
27/08/2019;A;4:00:00;14619
28/08/2019;A;4:00:00;14528
29/08/2019;A;4:00:00;14278
30/08/2019;A;4:00:00;14523
31/08/2019;A;4:00:00;11643
1/09/2019;A;4:00:00;3126
2/09/2019;A;4:00:00;14700
3/09/2019;A;4:00:00;13636
4/09/2019;A;4:00:00;14724
5/09/2019;A;4:00:00;
6/09/2019;A;4:00:00;15201
7/09/2019;A;4:00:00;11967
8/09/2019;A;4:00:00;3355
9/09/2019;A;4:00:00;15038
10/09/2019;A;4:00:00;14418
11/09/2019;A;4:00:00;14387
12/09/2019;A;4:00:00;14364
13/09/2019;A;4:00:00;13810
14/09/2019;A;4:00:00;11393
15/09/2019;A;4:00:00;3298
16/09/2019;A;4:00:00;14576
17/09/2019;A;4:00:00;14718
18/09/2019;A;4:00:00;14261
19/09/2019;A;4:00:00;13997
20/09/2019;A;4:00:00;14434
21/09/2019;A;4:00:00;11620
22/09/2019;A;4:00:00;3209
23/09/2019;A;4:00:00;14122
24/09/2019;A;4:00:00;13870
25/09/2019;A;4:00:00;14291
26/09/2019;A;4:00:00;13751
27/09/2019;A;4:00:00;14846
28/09/2019;A;4:00:00;11791
29/09/2019;A;4:00:00;3529
30/09/2019;A;4:00:00;14472
1/10/2019;A;4:00:00;14586
2/10/2019;A;4:00:00;14925
3/10/2019;A;4:00:00;14506
4/10/2019;A;4:00:00;14648
5/10/2019;A;4:00:00;12272
6/10/2019;A;4:00:00;3585
7/10/2019;A;4:00:00;14703
8/10/2019;A;4:00:00;14620
9/10/2019;A;4:00:00;14452
10/10/2019;A;4:00:00;14664
11/10/2019;A;4:00:00;14684
12/10/2019;A;4:00:00;11918
13/10/2019;A;4:00:00;3531
14/10/2019;A;4:00:00;3703
15/10/2019;A;4:00:00;15689
16/10/2019;A;4:00:00;14805
17/10/2019;A;4:00:00;15018
18/10/2019;A;4:00:00;14966
19/10/2019;A;4:00:00;
20/10/2019;A;4:00:00;3711
21/10/2019;A;4:00:00;15215
22/10/2019;A;4:00:00;14971
23/10/2019;A;4:00:00;14751
24/10/2019;A;4:00:00;14045
25/10/2019;A;4:00:00;15125
26/10/2019;A;4:00:00;12203
27/10/2019;A;4:00:00;329
28/10/2019;A;4:00:00;15590
29/10/2019;A;4:00:00;14921
30/10/2019;A;4:00:00;14705
31/10/2019;A;4:00:00;14862
1/11/2019;A;4:00:00;14889
2/11/2019;A;4:00:00;12071
3/11/2019;A;4:00:00;3027
4/11/2019;A;4:00:00;3674
5/11/2019;A;4:00:00;16003
6/11/2019;A;4:00:00;15227
7/11/2019;A;4:00:00;14818
8/11/2019;A;4:00:00;15069
9/11/2019;A;4:00:00;11537
10/11/2019;A;4:00:00;3736
11/11/2019;A;4:00:00;3499
12/11/2019;A;4:00:00;15219
13/11/2019;A;4:00:00;15011
14/11/2019;A;4:00:00;14924
15/11/2019;A;4:00:00;14946
16/11/2019;A;4:00:00;12193
17/11/2019;A;4:00:00;3641
18/11/2019;A;4:00:00;15382
19/11/2019;A;4:00:00;14888
20/11/2019;A;4:00:00;15192
21/11/2019;A;4:00:00;5061
22/11/2019;A;4:00:00;14795
23/11/2019;A;4:00:00;12019
24/11/2019;A;4:00:00;4023
25/11/2019;A;4:00:00;15547
26/11/2019;A;4:00:00;15121
27/11/2019;A;4:00:00;14800
28/11/2019;A;4:00:00;14639
29/11/2019;A;4:00:00;14788
30/11/2019;A;4:00:00;12273
1/12/2019;A;4:00:00;3507
2/12/2019;A;4:00:00;14685
3/12/2019;A;4:00:00;14189
4/12/2019;A;4:00:00;14556
5/12/2019;A;4:00:00;14169
6/12/2019;A;4:00:00;14372
7/12/2019;A;4:00:00;11851
8/12/2019;A;4:00:00;3185
9/12/2019;A;4:00:00;14258
10/12/2019;A;4:00:00;14664
11/12/2019;A;4:00:00;14410
12/12/2019;A;4:00:00;14430
13/12/2019;A;4:00:00;14304
14/12/2019;A;4:00:00;11824
15/12/2019;A;4:00:00;3744
16/12/2019;A;4:00:00;13993
17/12/2019;A;4:00:00;13555
18/12/2019;A;4:00:00;13624
19/12/2019;A;4:00:00;13844
20/12/2019;A;4:00:00;13449
21/12/2019;A;4:00:00;10820
22/12/2019;A;4:00:00;3738
23/12/2019;A;4:00:00;10452
24/12/2019;A;4:00:00;8723
25/12/2019;A;4:00:00;41
26/12/2019;A;4:00:00;10490
27/12/2019;A;4:00:00;10883
28/12/2019;A;4:00:00;9707
29/12/2019;A;4:00:00;3399
30/12/2019;A;4:00:00;9384
31/12/2019;A;4:00:00;6722
1/01/2019;B;4:00:00;
2/01/2019;B;4:00:00;1559
3/01/2019;B;4:00:00;1760
4/01/2019;B;4:00:00;1732
5/01/2019;B;4:00:00;1556
6/01/2019;B;4:00:00;535
7/01/2019;B;4:00:00;464
8/01/2019;B;4:00:00;2162
9/01/2019;B;4:00:00;2178
10/01/2019;B;4:00:00;2148
11/01/2019;B;4:00:00;2078
12/01/2019;B;4:00:00;1852
13/01/2019;B;4:00:00;525
14/01/2019;B;4:00:00;2310
15/01/2019;B;4:00:00;2328
16/01/2019;B;4:00:00;2221
17/01/2019;B;4:00:00;2260
18/01/2019;B;4:00:00;2334
19/01/2019;B;4:00:00;1914
20/01/2019;B;4:00:00;591
21/01/2019;B;4:00:00;2498
22/01/2019;B;4:00:00;2555
23/01/2019;B;4:00:00;2512
24/01/2019;B;4:00:00;2549
25/01/2019;B;4:00:00;2498
26/01/2019;B;4:00:00;2069
27/01/2019;B;4:00:00;537
28/01/2019;B;4:00:00;2576
29/01/2019;B;4:00:00;2589
30/01/2019;B;4:00:00;2500
31/01/2019;B;4:00:00;2416
1/02/2019;B;4:00:00;2437
2/02/2019;B;4:00:00;1995
3/02/2019;B;4:00:00;509
4/02/2019;B;4:00:00;2568
5/02/2019;B;4:00:00;2479
6/02/2019;B;4:00:00;2444
7/02/2019;B;4:00:00;2511
8/02/2019;B;4:00:00;2431
9/02/2019;B;4:00:00;2007
10/02/2019;B;4:00:00;586
11/02/2019;B;4:00:00;2574
12/02/2019;B;4:00:00;2518
13/02/2019;B;4:00:00;2407
14/02/2019;B;4:00:00;2553
15/02/2019;B;4:00:00;1896
16/02/2019;B;4:00:00;2054
17/02/2019;B;4:00:00;530
18/02/2019;B;4:00:00;2574
19/02/2019;B;4:00:00;2492
20/02/2019;B;4:00:00;2455
21/02/2019;B;4:00:00;2435
22/02/2019;B;4:00:00;2562
23/02/2019;B;4:00:00;1957
24/02/2019;B;4:00:00;534
25/02/2019;B;4:00:00;2702
26/02/2019;B;4:00:00;2643
27/02/2019;B;4:00:00;2588
28/02/2019;B;4:00:00;2541
1/03/2019;B;4:00:00;2591
2/03/2019;B;4:00:00;1989
3/03/2019;B;4:00:00;497
4/03/2019;B;4:00:00;2583
5/03/2019;B;4:00:00;2617
6/03/2019;B;4:00:00;2788
7/03/2019;B;4:00:00;2716
8/03/2019;B;4:00:00;2687
9/03/2019;B;4:00:00;2096
10/03/2019;B;4:00:00;558
11/03/2019;B;4:00:00;2751
12/03/2019;B;4:00:00;2559
13/03/2019;B;4:00:00;728
14/03/2019;B;4:00:00;2540
15/03/2019;B;4:00:00;2581
16/03/2019;B;4:00:00;1997
17/03/2019;B;4:00:00;495
18/03/2019;B;4:00:00;2850
19/03/2019;B;4:00:00;2690
20/03/2019;B;4:00:00;2743
21/03/2019;B;4:00:00;2619
22/03/2019;B;4:00:00;2612
23/03/2019;B;4:00:00;2069
24/03/2019;B;4:00:00;557
25/03/2019;B;4:00:00;655
26/03/2019;B;4:00:00;2837
27/03/2019;B;4:00:00;2712
28/03/2019;B;4:00:00;2615
29/03/2019;B;4:00:00;2678
30/03/2019;B;4:00:00;2194
31/03/2019;B;4:00:00;569
1/04/2019;B;4:00:00;2751
2/04/2019;B;4:00:00;2542
3/04/2019;B;4:00:00;2611
4/04/2019;B;4:00:00;2618
5/04/2019;B;4:00:00;2559
6/04/2019;B;4:00:00;2037
7/04/2019;B;4:00:00;549
8/04/2019;B;4:00:00;2746
9/04/2019;B;4:00:00;2626
10/04/2019;B;4:00:00;2580
11/04/2019;B;4:00:00;2640
12/04/2019;B;4:00:00;2656
13/04/2019;B;4:00:00;2107
14/04/2019;B;4:00:00;630
15/04/2019;B;4:00:00;2698
16/04/2019;B;4:00:00;2718
17/04/2019;B;4:00:00;2670
18/04/2019;B;4:00:00;540
19/04/2019;B;4:00:00;445
20/04/2019;B;4:00:00;1159
21/04/2019;B;4:00:00;448
22/04/2019;B;4:00:00;2659
23/04/2019;B;4:00:00;2918
24/04/2019;B;4:00:00;2504
25/04/2019;B;4:00:00;512
26/04/2019;B;4:00:00;
27/04/2019;B;4:00:00;1630
28/04/2019;B;4:00:00;517
29/04/2019;B;4:00:00;2658
30/04/2019;B;4:00:00;2721
1/05/2019;B;4:00:00;703
2/05/2019;B;4:00:00;2643
3/05/2019;B;4:00:00;2652
4/05/2019;B;4:00:00;2043
5/05/2019;B;4:00:00;571
6/05/2019;B;4:00:00;2690
7/05/2019;B;4:00:00;2558
8/05/2019;B;4:00:00;2577
9/05/2019;B;4:00:00;2514
10/05/2019;B;4:00:00;2531
11/05/2019;B;4:00:00;2052
12/05/2019;B;4:00:00;569
13/05/2019;B;4:00:00;2595
14/05/2019;B;4:00:00;2547
15/05/2019;B;4:00:00;2623
16/05/2019;B;4:00:00;2574
17/05/2019;B;4:00:00;2479
18/05/2019;B;4:00:00;2055
19/05/2019;B;4:00:00;501
20/05/2019;B;4:00:00;2600
21/05/2019;B;4:00:00;2637
22/05/2019;B;4:00:00;2504
23/05/2019;B;4:00:00;2608
24/05/2019;B;4:00:00;2608
25/05/2019;B;4:00:00;2077
26/05/2019;B;4:00:00;635
27/05/2019;B;4:00:00;2341
28/05/2019;B;4:00:00;2587
29/05/2019;B;4:00:00;2642
30/05/2019;B;4:00:00;2602
31/05/2019;B;4:00:00;2547
1/06/2019;B;4:00:00;2155
2/06/2019;B;4:00:00;542
3/06/2019;B;4:00:00;528
4/06/2019;B;4:00:00;2364
5/06/2019;B;4:00:00;2601
6/06/2019;B;4:00:00;2544
7/06/2019;B;4:00:00;2506
8/06/2019;B;4:00:00;2090
9/06/2019;B;4:00:00;607
10/06/2019;B;4:00:00;2613
11/06/2019;B;4:00:00;2584
12/06/2019;B;4:00:00;2547
13/06/2019;B;4:00:00;2530
14/06/2019;B;4:00:00;2514
15/06/2019;B;4:00:00;1862
16/06/2019;B;4:00:00;464
17/06/2019;B;4:00:00;2412
18/06/2019;B;4:00:00;2479
19/06/2019;B;4:00:00;2594
20/06/2019;B;4:00:00;2494
21/06/2019;B;4:00:00;2511
22/06/2019;B;4:00:00;2002
23/06/2019;B;4:00:00;578
24/06/2019;B;4:00:00;599
25/06/2019;B;4:00:00;2570
26/06/2019;B;4:00:00;2476
27/06/2019;B;4:00:00;2480
28/06/2019;B;4:00:00;2506
29/06/2019;B;4:00:00;2056
30/06/2019;B;4:00:00;560
1/07/2019;B;4:00:00;562
2/07/2019;B;4:00:00;2669
3/07/2019;B;4:00:00;2519
4/07/2019;B;4:00:00;2530
5/07/2019;B;4:00:00;2491
6/07/2019;B;4:00:00;2104
7/07/2019;B;4:00:00;582
8/07/2019;B;4:00:00;2730
9/07/2019;B;4:00:00;2565
10/07/2019;B;4:00:00;2524
11/07/2019;B;4:00:00;2610
12/07/2019;B;4:00:00;2600
13/07/2019;B;4:00:00;2039
14/07/2019;B;4:00:00;583
15/07/2019;B;4:00:00;2577
16/07/2019;B;4:00:00;2600
17/07/2019;B;4:00:00;2541
18/07/2019;B;4:00:00;2539
19/07/2019;B;4:00:00;2494
20/07/2019;B;4:00:00;822
21/07/2019;B;4:00:00;496
22/07/2019;B;4:00:00;2725
23/07/2019;B;4:00:00;2643
24/07/2019;B;4:00:00;2608
25/07/2019;B;4:00:00;2597
26/07/2019;B;4:00:00;2578
27/07/2019;B;4:00:00;2108
28/07/2019;B;4:00:00;570
29/07/2019;B;4:00:00;2679
30/07/2019;B;4:00:00;2610
31/07/2019;B;4:00:00;2603
1/08/2019;B;4:00:00;2594
2/08/2019;B;4:00:00;2607
3/08/2019;B;4:00:00;2161
4/08/2019;B;4:00:00;724
5/08/2019;B;4:00:00;2753
6/08/2019;B;4:00:00;2597
7/08/2019;B;4:00:00;895
8/08/2019;B;4:00:00;2774
9/08/2019;B;4:00:00;2652
10/08/2019;B;4:00:00;2083
11/08/2019;B;4:00:00;592
12/08/2019;B;4:00:00;2807
13/08/2019;B;4:00:00;2681
14/08/2019;B;4:00:00;2604
15/08/2019;B;4:00:00;2707
16/08/2019;B;4:00:00;2636
17/08/2019;B;4:00:00;2118
18/08/2019;B;4:00:00;558
19/08/2019;B;4:00:00;607
20/08/2019;B;4:00:00;2814
21/08/2019;B;4:00:00;2730
22/08/2019;B;4:00:00;2683
23/08/2019;B;4:00:00;2680
24/08/2019;B;4:00:00;2202
25/08/2019;B;4:00:00;620
26/08/2019;B;4:00:00;2777
27/08/2019;B;4:00:00;2688
28/08/2019;B;4:00:00;2692
29/08/2019;B;4:00:00;2709
30/08/2019;B;4:00:00;2728
31/08/2019;B;4:00:00;2187
1/09/2019;B;4:00:00;618
2/09/2019;B;4:00:00;2766
3/09/2019;B;4:00:00;2829
4/09/2019;B;4:00:00;2771
5/09/2019;B;4:00:00;
6/09/2019;B;4:00:00;86
7/09/2019;B;4:00:00;2271
8/09/2019;B;4:00:00;691
9/09/2019;B;4:00:00;2752
10/09/2019;B;4:00:00;2707
11/09/2019;B;4:00:00;2699
12/09/2019;B;4:00:00;2628
13/09/2019;B;4:00:00;2605
14/09/2019;B;4:00:00;2254
15/09/2019;B;4:00:00;612
16/09/2019;B;4:00:00;2787
17/09/2019;B;4:00:00;2766
18/09/2019;B;4:00:00;2624
19/09/2019;B;4:00:00;2649
20/09/2019;B;4:00:00;2737
21/09/2019;B;4:00:00;2203
22/09/2019;B;4:00:00;598
23/09/2019;B;4:00:00;2709
24/09/2019;B;4:00:00;2771
25/09/2019;B;4:00:00;2642
26/09/2019;B;4:00:00;2615
27/09/2019;B;4:00:00;2730
28/09/2019;B;4:00:00;2213
29/09/2019;B;4:00:00;613
30/09/2019;B;4:00:00;2764
1/10/2019;B;4:00:00;2738
2/10/2019;B;4:00:00;2687
3/10/2019;B;4:00:00;2684
4/10/2019;B;4:00:00;2783
5/10/2019;B;4:00:00;2249
6/10/2019;B;4:00:00;624
7/10/2019;B;4:00:00;2718
8/10/2019;B;4:00:00;2646
9/10/2019;B;4:00:00;2646
10/10/2019;B;4:00:00;2621
11/10/2019;B;4:00:00;2646
12/10/2019;B;4:00:00;2564
13/10/2019;B;4:00:00;625
14/10/2019;B;4:00:00;623
15/10/2019;B;4:00:00;2811
16/10/2019;B;4:00:00;2820
17/10/2019;B;4:00:00;2685
18/10/2019;B;4:00:00;2765
19/10/2019;B;4:00:00;
20/10/2019;B;4:00:00;679
21/10/2019;B;4:00:00;2804
22/10/2019;B;4:00:00;2730
23/10/2019;B;4:00:00;2758
24/10/2019;B;4:00:00;2515
25/10/2019;B;4:00:00;2849
26/10/2019;B;4:00:00;2304
27/10/2019;B;4:00:00;49
28/10/2019;B;4:00:00;2810
29/10/2019;B;4:00:00;2798
30/10/2019;B;4:00:00;2695
31/10/2019;B;4:00:00;2713
1/11/2019;B;4:00:00;2694
2/11/2019;B;4:00:00;2187
3/11/2019;B;4:00:00;652
4/11/2019;B;4:00:00;703
5/11/2019;B;4:00:00;3036
6/11/2019;B;4:00:00;2769
7/11/2019;B;4:00:00;2753
8/11/2019;B;4:00:00;2799
9/11/2019;B;4:00:00;1982
10/11/2019;B;4:00:00;706
11/11/2019;B;4:00:00;642
12/11/2019;B;4:00:00;2863
13/11/2019;B;4:00:00;2795
14/11/2019;B;4:00:00;2845
15/11/2019;B;4:00:00;2415
16/11/2019;B;4:00:00;2320
17/11/2019;B;4:00:00;693
18/11/2019;B;4:00:00;2895
19/11/2019;B;4:00:00;2716
20/11/2019;B;4:00:00;2737
21/11/2019;B;4:00:00;896
22/11/2019;B;4:00:00;2757
23/11/2019;B;4:00:00;2305
24/11/2019;B;4:00:00;603
25/11/2019;B;4:00:00;2729
26/11/2019;B;4:00:00;2704
27/11/2019;B;4:00:00;2714
28/11/2019;B;4:00:00;2681
29/11/2019;B;4:00:00;2676
30/11/2019;B;4:00:00;2225
1/12/2019;B;4:00:00;1097
2/12/2019;B;4:00:00;2672
3/12/2019;B;4:00:00;2695
4/12/2019;B;4:00:00;2704
5/12/2019;B;4:00:00;2780
6/12/2019;B;4:00:00;2653
7/12/2019;B;4:00:00;2329
8/12/2019;B;4:00:00;590
9/12/2019;B;4:00:00;2751
10/12/2019;B;4:00:00;2736
11/12/2019;B;4:00:00;2686
12/12/2019;B;4:00:00;2640
13/12/2019;B;4:00:00;2627
14/12/2019;B;4:00:00;2184
15/12/2019;B;4:00:00;694
16/12/2019;B;4:00:00;2649
17/12/2019;B;4:00:00;2464
18/12/2019;B;4:00:00;2543
19/12/2019;B;4:00:00;2506
20/12/2019;B;4:00:00;2500
21/12/2019;B;4:00:00;1951
22/12/2019;B;4:00:00;673
23/12/2019;B;4:00:00;1975
24/12/2019;B;4:00:00;1520
25/12/2019;B;4:00:00;1
26/12/2019;B;4:00:00;1876
27/12/2019;B;4:00:00;1912
28/12/2019;B;4:00:00;1747
29/12/2019;B;4:00:00;608
30/12/2019;B;4:00:00;1678
31/12/2019;B;4:00:00;1216
1/01/2020;A;4:00:00;1
1/01/2020;B;4:00:00;
2/01/2020;A;4:00:00;9210
2/01/2020;B;4:00:00;1569
3/01/2020;A;4:00:00;10213
3/01/2020;B;4:00:00;1721
4/01/2020;A;4:00:00;8966
4/01/2020;B;4:00:00;1581
5/01/2020;A;4:00:00;2977
5/01/2020;B;4:00:00;464
6/01/2020;A;4:00:00;3005
6/01/2020;B;4:00:00;579
7/01/2020;A;4:00:00;13055
7/01/2020;B;4:00:00;2284
8/01/2020;A;4:00:00;11372
8/01/2020;B;4:00:00;2182
9/01/2020;A;4:00:00;12667
9/01/2020;B;4:00:00;2244
10/01/2020;A;4:00:00;12420
10/01/2020;B;4:00:00;2343
11/01/2020;A;4:00:00;10660
11/01/2020;B;4:00:00;1904
12/01/2020;A;4:00:00;3054
12/01/2020;B;4:00:00;545
13/01/2020;A;4:00:00;13945
13/01/2020;B;4:00:00;2519
14/01/2020;A;4:00:00;13441
14/01/2020;B;4:00:00;2474
15/01/2020;A;4:00:00;13448
15/01/2020;B;4:00:00;2491
16/01/2020;A;4:00:00;13427
16/01/2020;B;4:00:00;2415
17/01/2020;A;4:00:00;13569
17/01/2020;B;4:00:00;2382
18/01/2020;A;4:00:00;11155
18/01/2020;B;4:00:00;2026
19/01/2020;A;4:00:00;3315
19/01/2020;B;4:00:00;559
20/01/2020;A;4:00:00;14672
20/01/2020;B;4:00:00;2562
21/01/2020;A;4:00:00;14204
21/01/2020;B;4:00:00;2664
22/01/2020;A;4:00:00;13936
22/01/2020;B;4:00:00;2496
23/01/2020;A;4:00:00;13976
23/01/2020;B;4:00:00;2527
24/01/2020;A;4:00:00;14193
24/01/2020;B;4:00:00;2557
25/01/2020;A;4:00:00;11736
25/01/2020;B;4:00:00;2118
26/01/2020;A;4:00:00;3278
26/01/2020;B;4:00:00;618
27/01/2020;A;4:00:00;15080
27/01/2020;B;4:00:00;2753
28/01/2020;A;4:00:00;14554
28/01/2020;B;4:00:00;2693
29/01/2020;A;4:00:00;14641
29/01/2020;B;4:00:00;2625
30/01/2020;A;4:00:00;14499
30/01/2020;B;4:00:00;2602
31/01/2020;A;4:00:00;14169
31/01/2020;B;4:00:00;2627
1/02/2020;A;4:00:00;11438
1/02/2020;B;4:00:00;2089
2/02/2020;A;4:00:00;2928
2/02/2020;B;4:00:00;534
3/02/2020;A;4:00:00;15234
3/02/2020;B;4:00:00;2795
4/02/2020;A;4:00:00;14830
4/02/2020;B;4:00:00;2715
5/02/2020;A;4:00:00;14802
5/02/2020;B;4:00:00;2711
6/02/2020;A;4:00:00;14778
6/02/2020;B;4:00:00;2734
7/02/2020;A;4:00:00;14629
7/02/2020;B;4:00:00;2695
8/02/2020;A;4:00:00;11614
8/02/2020;B;4:00:00;2148
9/02/2020;A;4:00:00;3430
9/02/2020;B;4:00:00;658
10/02/2020;A;4:00:00;15332
10/02/2020;B;4:00:00;2794
11/02/2020;A;4:00:00;15173
11/02/2020;B;4:00:00;2767
12/02/2020;A;4:00:00;15010
12/02/2020;B;4:00:00;2715
13/02/2020;A;4:00:00;15048
13/02/2020;B;4:00:00;2725
14/02/2020;A;4:00:00;14680
14/02/2020;B;4:00:00;2658
15/02/2020;A;4:00:00;11489
15/02/2020;B;4:00:00;2114
16/02/2020;A;4:00:00;3344
16/02/2020;B;4:00:00;521
17/02/2020;A;4:00:00;30886
17/02/2020;B;4:00:00;5444
18/02/2020;A;4:00:00;30306
18/02/2020;B;4:00:00;5334
19/02/2020;A;4:00:00;14933
19/02/2020;B;4:00:00;2613
20/02/2020;A;4:00:00;15290
20/02/2020;B;4:00:00;2630
21/02/2020;A;4:00:00;14854
21/02/2020;B;4:00:00;2645
22/02/2020;A;4:00:00;11847
22/02/2020;B;4:00:00;2066
23/02/2020;A;4:00:00;3390
23/02/2020;B;4:00:00;580
24/02/2020;A;4:00:00;15675
24/02/2020;B;4:00:00;2824
25/02/2020;A;4:00:00;15479
25/02/2020;B;4:00:00;2622
26/02/2020;A;4:00:00;14984
26/02/2020;B;4:00:00;2639
27/02/2020;A;4:00:00;15340
27/02/2020;B;4:00:00;2772
28/02/2020;A;4:00:00;15820
28/02/2020;B;4:00:00;3135
29/02/2020;A;4:00:00;12394
29/02/2020;B;4:00:00;2186
1/03/2020;A;4:00:00;3501
1/03/2020;B;4:00:00;585
2/03/2020;A;4:00:00;16415
2/03/2020;B;4:00:00;3018
3/03/2020;A;4:00:00;16457
3/03/2020;B;4:00:00;2951
4/03/2020;A;4:00:00;16340
4/03/2020;B;4:00:00;2931
5/03/2020;A;4:00:00;16334
5/03/2020;B;4:00:00;2980
6/03/2020;A;4:00:00;16145
6/03/2020;B;4:00:00;2983
7/03/2020;A;4:00:00;12824
7/03/2020;B;4:00:00;2263
8/03/2020;A;4:00:00;3560
8/03/2020;B;4:00:00;625
9/03/2020;A;4:00:00;17039
9/03/2020;B;4:00:00;3004
10/03/2020;A;4:00:00;16668
10/03/2020;B;4:00:00;3031
11/03/2020;A;4:00:00;18640
11/03/2020;B;4:00:00;3435
12/03/2020;A;4:00:00;18491
12/03/2020;B;4:00:00;3451
13/03/2020;A;4:00:00;18392
13/03/2020;B;4:00:00;3246
14/03/2020;A;4:00:00;12511
14/03/2020;B;4:00:00;2291
15/03/2020;A;4:00:00;3258
15/03/2020;B;4:00:00;546
16/03/2020;A;4:00:00;15164
16/03/2020;B;4:00:00;2685
17/03/2020;A;4:00:00;14146
17/03/2020;B;4:00:00;2683
18/03/2020;A;4:00:00;8421
18/03/2020;B;4:00:00;2573
19/03/2020;A;4:00:00;13643
19/03/2020;B;4:00:00;2544
20/03/2020;A;4:00:00;12880
20/03/2020;B;4:00:00;2325
21/03/2020;A;4:00:00;4004
21/03/2020;B;4:00:00;679
22/03/2020;A;4:00:00;1803
22/03/2020;B;4:00:00;312
23/03/2020;A;4:00:00;1908
23/03/2020;B;4:00:00;330
24/03/2020;A;4:00:00;5483
24/03/2020;B;4:00:00;1088
25/03/2020;A;4:00:00;4128
25/03/2020;B;4:00:00;817
26/03/2020;A;4:00:00;4121
26/03/2020;B;4:00:00;768
27/03/2020;A;4:00:00;4083
27/03/2020;B;4:00:00;785
28/03/2020;A;4:00:00;3724
28/03/2020;B;4:00:00;671
29/03/2020;A;4:00:00;1445
29/03/2020;B;4:00:00;301
30/03/2020;A;4:00:00;4154
30/03/2020;B;4:00:00;783
31/03/2020;A;4:00:00;4035
31/03/2020;B;4:00:00;755
1/04/2020;A;4:00:00;4022
1/04/2020;B;4:00:00;735
2/04/2020;A;4:00:00;4095
2/04/2020;B;4:00:00;753
3/04/2020;A;4:00:00;4215
3/04/2020;B;4:00:00;796
4/04/2020;A;4:00:00;3846
4/04/2020;B;4:00:00;671
5/04/2020;A;4:00:00;1574
5/04/2020;B;4:00:00;315
6/04/2020;A;4:00:00;4187
6/04/2020;B;4:00:00;735
7/04/2020;A;4:00:00;4061
7/04/2020;B;4:00:00;696
8/04/2020;A;4:00:00;4232
8/04/2020;B;4:00:00;745
9/04/2020;A;4:00:00;1782
9/04/2020;B;4:00:00;338
10/04/2020;A;4:00:00;1560
10/04/2020;B;4:00:00;322
11/04/2020;A;4:00:00;3185
11/04/2020;B;4:00:00;607
12/04/2020;A;4:00:00;1524
12/04/2020;B;4:00:00;315
13/04/2020;A;4:00:00;4598
13/04/2020;B;4:00:00;841
14/04/2020;A;4:00:00;4674
14/04/2020;B;4:00:00;866
15/04/2020;A;4:00:00;5021
15/04/2020;B;4:00:00;867
16/04/2020;A;4:00:00;4985
16/04/2020;B;4:00:00;894
17/04/2020;A;4:00:00;4997
17/04/2020;B;4:00:00;907
18/04/2020;A;4:00:00;4471
18/04/2020;B;4:00:00;844
19/04/2020;A;4:00:00;1662
19/04/2020;B;4:00:00;354
20/04/2020;A;4:00:00;5212
20/04/2020;B;4:00:00;976
21/04/2020;A;4:00:00;5347
21/04/2020;B;4:00:00;982
22/04/2020;A;4:00:00;5397
22/04/2020;B;4:00:00;979
23/04/2020;A;4:00:00;5487
23/04/2020;B;4:00:00;967
24/04/2020;A;4:00:00;5498
24/04/2020;B;4:00:00;941
25/04/2020;A;4:00:00;4910
25/04/2020;B;4:00:00;887
26/04/2020;A;4:00:00;1747
26/04/2020;B;4:00:00;319
27/04/2020;A;4:00:00;6195
27/04/2020;B;4:00:00;1157
28/04/2020;A;4:00:00;5981
28/04/2020;B;4:00:00;1364
29/04/2020;A;4:00:00;6364
29/04/2020;B;4:00:00;1409
30/04/2020;A;4:00:00;6519
30/04/2020;B;4:00:00;1135
1/05/2020;A;4:00:00;2163
1/05/2020;B;4:00:00;399
2/05/2020;A;4:00:00;5750
2/05/2020;B;4:00:00;985
3/05/2020;A;4:00:00;1782
3/05/2020;B;4:00:00;279
4/05/2020;A;4:00:00;7014
4/05/2020;B;4:00:00;1276
5/05/2020;A;4:00:00;7834
5/05/2020;B;4:00:00;1460
6/05/2020;A;4:00:00;7216
6/05/2020;B;4:00:00;1287
7/05/2020;A;4:00:00;7869
7/05/2020;B;4:00:00;1239
8/05/2020;A;4:00:00;8261
8/05/2020;B;4:00:00;1462
9/05/2020;A;4:00:00;7080
9/05/2020;B;4:00:00;1281
10/05/2020;A;4:00:00;1531
10/05/2020;B;4:00:00;285
11/05/2020;A;4:00:00;8002
11/05/2020;B;4:00:00;1674
12/05/2020;A;4:00:00;8376
12/05/2020;B;4:00:00;1347
13/05/2020;A;4:00:00;8783
13/05/2020;B;4:00:00;1463
14/05/2020;A;4:00:00;8307
14/05/2020;B;4:00:00;1694
15/05/2020;A;4:00:00;8626
15/05/2020;B;4:00:00;1863
16/05/2020;A;4:00:00;8018
16/05/2020;B;4:00:00;1451
17/05/2020;A;4:00:00;1719
17/05/2020;B;4:00:00;317
18/05/2020;A;4:00:00;8711
18/05/2020;B;4:00:00;1759
19/05/2020;A;4:00:00;9439
19/05/2020;B;4:00:00;1762
20/05/2020;A;4:00:00;8839
20/05/2020;B;4:00:00;1772
21/05/2020;A;4:00:00;9293
21/05/2020;B;4:00:00;1711
22/05/2020;A;4:00:00;9284
22/05/2020;B;4:00:00;1701
23/05/2020;A;4:00:00;8279
23/05/2020;B;4:00:00;1442
24/05/2020;A;4:00:00;2081
24/05/2020;B;4:00:00;374
25/05/2020;A;4:00:00;2504
25/05/2020;B;4:00:00;510
26/05/2020;A;4:00:00;9518
26/05/2020;B;4:00:00;1895
27/05/2020;A;4:00:00;9712
27/05/2020;B;4:00:00;1863
28/05/2020;A;4:00:00;9837
28/05/2020;B;4:00:00;1753
29/05/2020;A;4:00:00;9668
29/05/2020;B;4:00:00;1756
30/05/2020;A;4:00:00;7661
30/05/2020;B;4:00:00;1302
31/05/2020;A;4:00:00;2010
31/05/2020;B;4:00:00;300
1/06/2020;A;4:00:00;9475
1/06/2020;B;4:00:00;1768
2/06/2020;A;4:00:00;9767
2/06/2020;B;4:00:00;1751
3/06/2020;A;4:00:00;9692
3/06/2020;B;4:00:00;1807
4/06/2020;A;4:00:00;9681
4/06/2020;B;4:00:00;1735
5/06/2020;A;4:00:00;9495
5/06/2020;B;4:00:00;1767
6/06/2020;A;4:00:00;8397
6/06/2020;B;4:00:00;1545
7/06/2020;A;4:00:00;2065
7/06/2020;B;4:00:00;351
8/06/2020;A;4:00:00;9511
8/06/2020;B;4:00:00;1873
9/06/2020;A;4:00:00;9581
9/06/2020;B;4:00:00;1907
10/06/2020;A;4:00:00;10228
10/06/2020;B;4:00:00;1792
11/06/2020;A;4:00:00;10581
11/06/2020;B;4:00:00;1756
12/06/2020;A;4:00:00;10279
12/06/2020;B;4:00:00;1747
14/06/2020;A;4:00:00;2337
14/06/2020;B;4:00:00;365
15/06/2020;A;4:00:00;2479
15/06/2020;B;4:00:00;415
16/06/2020;A;4:00:00;9996
16/06/2020;B;4:00:00;1810
17/06/2020;A;4:00:00;10112
17/06/2020;B;4:00:00;1773
18/06/2020;A;4:00:00;10338
18/06/2020;B;4:00:00;1748
19/06/2020;A;4:00:00;10511
19/06/2020;B;4:00:00;1933
20/06/2020;A;4:00:00;8728
20/06/2020;B;4:00:00;1513
21/06/2020;A;4:00:00;2238
21/06/2020;B;4:00:00;407
22/06/2020;A;4:00:00;2652
22/06/2020;B;4:00:00;467
23/06/2020;A;4:00:00;10642
23/06/2020;B;4:00:00;2020
24/06/2020;A;4:00:00;10298
24/06/2020;B;4:00:00;1958
25/06/2020;A;4:00:00;10186
25/06/2020;B;4:00:00;1968
26/06/2020;A;4:00:00;10300
26/06/2020;B;4:00:00;1899
27/06/2020;A;4:00:00;9042
27/06/2020;B;4:00:00;1671
28/06/2020;A;4:00:00;2352
28/06/2020;B;4:00:00;395
29/06/2020;A;4:00:00;2907
29/06/2020;B;4:00:00;442
30/06/2020;A;4:00:00;10638
30/06/2020;B;4:00:00;1921
1/07/2020;A;4:00:00;10455
1/07/2020;B;4:00:00;1873
2/07/2020;A;4:00:00;10427
2/07/2020;B;4:00:00;1905
3/07/2020;A;4:00:00;10879
3/07/2020;B;4:00:00;1958
4/07/2020;A;4:00:00;9325
4/07/2020;B;4:00:00;1517
5/07/2020;A;4:00:00;2386
5/07/2020;B;4:00:00;365
6/07/2020;A;4:00:00;10777
6/07/2020;B;4:00:00;2006
7/07/2020;A;4:00:00;10869
7/07/2020;B;4:00:00;1914
8/07/2020;A;4:00:00;10582
8/07/2020;B;4:00:00;1929
9/07/2020;A;4:00:00;10404
9/07/2020;B;4:00:00;1977
10/07/2020;A;4:00:00;10778
10/07/2020;B;4:00:00;1920
11/07/2020;A;4:00:00;9087
11/07/2020;B;4:00:00;1560
12/07/2020;A;4:00:00;2359
12/07/2020;B;4:00:00;410
13/07/2020;A;4:00:00;10644
13/07/2020;B;4:00:00;1909
14/07/2020;A;4:00:00;10651
14/07/2020;B;4:00:00;1903
15/07/2020;A;4:00:00;10965
15/07/2020;B;4:00:00;2042
16/07/2020;A;4:00:00;10891
16/07/2020;B;4:00:00;1919
17/07/2020;A;4:00:00;6460
17/07/2020;B;4:00:00;1089
18/07/2020;A;4:00:00;5453
18/07/2020;B;4:00:00;948
19/07/2020;A;4:00:00;1788
19/07/2020;B;4:00:00;321
20/07/2020;A;4:00:00;2069
20/07/2020;B;4:00:00;347
21/07/2020;A;4:00:00;11117
21/07/2020;B;4:00:00;2035
22/07/2020;A;4:00:00;10803
22/07/2020;B;4:00:00;2206
23/07/2020;A;4:00:00;10957
23/07/2020;B;4:00:00;1920
24/07/2020;A;4:00:00;7023
24/07/2020;B;4:00:00;1188
25/07/2020;A;4:00:00;6193
25/07/2020;B;4:00:00;1040
26/07/2020;A;4:00:00;1932
26/07/2020;B;4:00:00;298
27/07/2020;A;4:00:00;11709
27/07/2020;B;4:00:00;2233
28/07/2020;A;4:00:00;10915
28/07/2020;B;4:00:00;1954
29/07/2020;A;4:00:00;11027
29/07/2020;B;4:00:00;2167
30/07/2020;A;4:00:00;11251
30/07/2020;B;4:00:00;2112
31/07/2020;A;4:00:00;7418
31/07/2020;B;4:00:00;1269
1/08/2020;A;4:00:00;6418
1/08/2020;B;4:00:00;1091
2/08/2020;A;4:00:00;1938
2/08/2020;B;4:00:00;339
3/08/2020;A;4:00:00;11478
3/08/2020;B;4:00:00;2151
4/08/2020;A;4:00:00;11570
4/08/2020;B;4:00:00;2262
5/08/2020;A;4:00:00;11230
5/08/2020;B;4:00:00;2275
6/08/2020;A;4:00:00;11414
6/08/2020;B;4:00:00;2142
7/08/2020;A;4:00:00;2886
7/08/2020;B;4:00:00;469
9/08/2020;A;4:00:00;1858
9/08/2020;B;4:00:00;308
10/08/2020;A;4:00:00;11536
10/08/2020;B;4:00:00;2215
11/08/2020;A;4:00:00;11166
11/08/2020;B;4:00:00;2195
12/08/2020;A;4:00:00;11078
12/08/2020;B;4:00:00;2154
13/08/2020;A;4:00:00;11088
13/08/2020;B;4:00:00;2153
14/08/2020;A;4:00:00;11258
14/08/2020;B;4:00:00;1266
15/08/2020;A;4:00:00;7377
15/08/2020;B;4:00:00;1269
16/08/2020;A;4:00:00;2157
16/08/2020;B;4:00:00;332
17/08/2020;A;4:00:00;2447
17/08/2020;B;4:00:00;401
18/08/2020;A;4:00:00;11126
18/08/2020;B;4:00:00;2162
19/08/2020;A;4:00:00;11270
19/08/2020;B;4:00:00;2092
20/08/2020;A;4:00:00;22138
20/08/2020;B;4:00:00;3996
21/08/2020;A;4:00:00;11364
21/08/2020;B;4:00:00;1975
22/08/2020;A;4:00:00;8059
22/08/2020;B;4:00:00;1386
23/08/2020;A;4:00:00;2349
23/08/2020;B;4:00:00;408
24/08/2020;A;4:00:00;11225
24/08/2020;B;4:00:00;2086
25/08/2020;A;4:00:00;10935
25/08/2020;B;4:00:00;2094
26/08/2020;A;4:00:00;11557
26/08/2020;B;4:00:00;2026
27/08/2020;A;4:00:00;11401
27/08/2020;B;4:00:00;1991
28/08/2020;A;4:00:00;11160
28/08/2020;B;4:00:00;2007
29/08/2020;A;4:00:00;8429
29/08/2020;B;4:00:00;1490
30/08/2020;A;4:00:00;2345
30/08/2020;B;4:00:00;372
31/08/2020;A;4:00:00;11429
31/08/2020;B;4:00:00;1974
1/09/2020;A;4:00:00;11686
1/09/2020;B;4:00:00;2108
2/09/2020;A;4:00:00;11471
2/09/2020;B;4:00:00;2139
3/09/2020;A;4:00:00;11664
3/09/2020;B;4:00:00;2124
4/09/2020;A;4:00:00;11744
4/09/2020;B;4:00:00;2163
5/09/2020;A;4:00:00;9211
5/09/2020;B;4:00:00;1633
6/09/2020;A;4:00:00;2391
6/09/2020;B;4:00:00;392
7/09/2020;A;4:00:00;12681
7/09/2020;B;4:00:00;2170
8/09/2020;A;4:00:00;11864
8/09/2020;B;4:00:00;2039
9/09/2020;A;4:00:00;12194
9/09/2020;B;4:00:00;2129
10/09/2020;A;4:00:00;11655
10/09/2020;B;4:00:00;2054
11/09/2020;A;4:00:00;11857
11/09/2020;B;4:00:00;2075
12/09/2020;A;4:00:00;8970
12/09/2020;B;4:00:00;1594
13/09/2020;A;4:00:00;2564
13/09/2020;B;4:00:00;382
14/09/2020;A;4:00:00;12118
14/09/2020;B;4:00:00;2224
15/09/2020;A;4:00:00;12020
15/09/2020;B;4:00:00;2118
16/09/2020;A;4:00:00;11935
16/09/2020;B;4:00:00;2149
17/09/2020;A;4:00:00;11749
17/09/2020;B;4:00:00;2170
18/09/2020;A;4:00:00;11438
18/09/2020;B;4:00:00;2112
19/09/2020;A;4:00:00;9353
19/09/2020;B;4:00:00;1656
20/09/2020;A;4:00:00;2334
20/09/2020;B;4:00:00;354
21/09/2020;A;4:00:00;12090
21/09/2020;B;4:00:00;2208
22/09/2020;A;4:00:00;12000
22/09/2020;B;4:00:00;2130
23/09/2020;A;4:00:00;12011
23/09/2020;B;4:00:00;2151
24/09/2020;A;4:00:00;11643
24/09/2020;B;4:00:00;2137
25/09/2020;A;4:00:00;11726
25/09/2020;B;4:00:00;2124
26/09/2020;A;4:00:00;9605
26/09/2020;B;4:00:00;1737
27/09/2020;A;4:00:00;2729
27/09/2020;B;4:00:00;394
28/09/2020;A;4:00:00;12267
28/09/2020;B;4:00:00;2230
29/09/2020;A;4:00:00;12245
29/09/2020;B;4:00:00;2159
30/09/2020;A;4:00:00;11864
30/09/2020;B;4:00:00;2138
1/10/2020;A;4:00:00;11860
1/10/2020;B;4:00:00;2157
2/10/2020;A;4:00:00;11648
2/10/2020;B;4:00:00;2135
3/10/2020;A;4:00:00;9639
3/10/2020;B;4:00:00;1744
4/10/2020;A;4:00:00;2562
4/10/2020;B;4:00:00;456
5/10/2020;A;4:00:00;12151
5/10/2020;B;4:00:00;2161
6/10/2020;A;4:00:00;12023
6/10/2020;B;4:00:00;2168
7/10/2020;A;4:00:00;11946
7/10/2020;B;4:00:00;2157
8/10/2020;A;4:00:00;12014
8/10/2020;B;4:00:00;2114
9/10/2020;A;4:00:00;11810
9/10/2020;B;4:00:00;2148
10/10/2020;A;4:00:00;9736
10/10/2020;B;4:00:00;1750
11/10/2020;A;4:00:00;2735
11/10/2020;B;4:00:00;470
12/10/2020;A;4:00:00;3099
12/10/2020;B;4:00:00;518
13/10/2020;A;4:00:00;12485
13/10/2020;B;4:00:00;2239
14/10/2020;A;4:00:00;12011
14/10/2020;B;4:00:00;2215
15/10/2020;A;4:00:00;12158
15/10/2020;B;4:00:00;2201
16/10/2020;A;4:00:00;12025
16/10/2020;B;4:00:00;2192
17/10/2020;A;4:00:00;9904
17/10/2020;B;4:00:00;1824
18/10/2020;A;4:00:00;2905
18/10/2020;B;4:00:00;490
19/10/2020;A;4:00:00;12325
19/10/2020;B;4:00:00;2268
20/10/2020;A;4:00:00;12112
20/10/2020;B;4:00:00;2100
21/10/2020;A;4:00:00;12225
21/10/2020;B;4:00:00;2091
22/10/2020;A;4:00:00;11474
22/10/2020;B;4:00:00;2162
23/10/2020;A;4:00:00;12133
23/10/2020;B;4:00:00;2215
24/10/2020;A;4:00:00;10028
24/10/2020;B;4:00:00;1840
25/10/2020;A;4:00:00;3057
25/10/2020;B;4:00:00;482
26/10/2020;A;4:00:00;12419
26/10/2020;B;4:00:00;2293
27/10/2020;A;4:00:00;12411
27/10/2020;B;4:00:00;2166
28/10/2020;A;4:00:00;12419
28/10/2020;B;4:00:00;2225
29/10/2020;A;4:00:00;12450
29/10/2020;B;4:00:00;2232
30/10/2020;A;4:00:00;12206
30/10/2020;B;4:00:00;2239
31/10/2020;A;4:00:00;8475
31/10/2020;B;4:00:00;1848
1/11/2020;A;4:00:00;2526
1/11/2020;B;4:00:00;413
2/11/2020;A;4:00:00;2980
2/11/2020;B;4:00:00;513
3/11/2020;A;4:00:00;12827
3/11/2020;B;4:00:00;2768
4/11/2020;A;4:00:00;12231
4/11/2020;B;4:00:00;2659
5/11/2020;A;4:00:00;12258
5/11/2020;B;4:00:00;2655
6/11/2020;A;4:00:00;12234
6/11/2020;B;4:00:00;2689
7/11/2020;A;4:00:00;10302
7/11/2020;B;4:00:00;2253
8/11/2020;A;4:00:00;3121
8/11/2020;B;4:00:00;510
9/11/2020;A;4:00:00;13615
9/11/2020;B;4:00:00;2389
10/11/2020;A;4:00:00;13028
10/11/2020;B;4:00:00;2268
11/11/2020;A;4:00:00;13078
11/11/2020;B;4:00:00;2277
13/11/2020;A;4:00:00;12781
13/11/2020;B;4:00:00;2278
14/11/2020;A;4:00:00;10223
14/11/2020;B;4:00:00;1848
15/11/2020;A;4:00:00;3075
15/11/2020;B;4:00:00;454
16/11/2020;A;4:00:00;3442
16/11/2020;B;4:00:00;588
17/11/2020;A;4:00:00;13599
17/11/2020;B;4:00:00;2273
18/11/2020;A;4:00:00;13161
18/11/2020;B;4:00:00;2230
19/11/2020;A;4:00:00;13237
19/11/2020;B;4:00:00;2316
20/11/2020;A;4:00:00;13150
20/11/2020;B;4:00:00;2289
21/11/2020;A;4:00:00;11084
21/11/2020;B;4:00:00;1922
22/11/2020;A;4:00:00;3303
22/11/2020;B;4:00:00;505
23/11/2020;A;4:00:00;12703
23/11/2020;B;4:00:00;2274
24/11/2020;A;4:00:00;12919
24/11/2020;B;4:00:00;2282
25/11/2020;A;4:00:00;12762
25/11/2020;B;4:00:00;2302
26/11/2020;A;4:00:00;12644
26/11/2020;B;4:00:00;2337
27/11/2020;A;4:00:00;12724
27/11/2020;B;4:00:00;2294
28/11/2020;A;4:00:00;10604
28/11/2020;B;4:00:00;1997
29/11/2020;A;4:00:00;3214
29/11/2020;B;4:00:00;497
30/11/2020;A;4:00:00;12595
30/11/2020;B;4:00:00;2307
1/12/2020;A;4:00:00;12179
1/12/2020;B;4:00:00;2160
2/12/2020;A;4:00:00;12475
2/12/2020;B;4:00:00;2239
3/12/2020;A;4:00:00;12389
3/12/2020;B;4:00:00;2245
4/12/2020;A;4:00:00;12715
4/12/2020;B;4:00:00;2330
5/12/2020;A;4:00:00;10848
5/12/2020;B;4:00:00;1981
6/12/2020;A;4:00:00;3401
6/12/2020;B;4:00:00;533
7/12/2020;A;4:00:00;11964
7/12/2020;B;4:00:00;2146
8/12/2020;A;4:00:00;3432
8/12/2020;B;4:00:00;548
9/12/2020;A;4:00:00;12832
9/12/2020;B;4:00:00;2360
10/12/2020;A;4:00:00;12589
10/12/2020;B;4:00:00;2249
11/12/2020;A;4:00:00;12810
11/12/2020;B;4:00:00;2262
12/12/2020;A;4:00:00;10802
12/12/2020;B;4:00:00;1986
13/12/2020;A;4:00:00;3711
13/12/2020;B;4:00:00;574
14/12/2020;A;4:00:00;13085
14/12/2020;B;4:00:00;2409
15/12/2020;A;4:00:00;12758
15/12/2020;B;4:00:00;2342
16/12/2020;A;4:00:00;12663
16/12/2020;B;4:00:00;2306
17/12/2020;A;4:00:00;12610
17/12/2020;B;4:00:00;2294
18/12/2020;A;4:00:00;12668
18/12/2020;B;4:00:00;2205
19/12/2020;A;4:00:00;10669
19/12/2020;B;4:00:00;1974
20/12/2020;A;4:00:00;3371
20/12/2020;B;4:00:00;573
21/12/2020;A;4:00:00;12416
21/12/2020;B;4:00:00;2240
22/12/2020;A;4:00:00;11705
22/12/2020;B;4:00:00;2109
23/12/2020;A;4:00:00;11513
23/12/2020;B;4:00:00;2068
24/12/2020;A;4:00:00;8161
24/12/2020;B;4:00:00;1436
25/12/2020;A;4:00:00;26
25/12/2020;B;4:00:00;4
26/12/2020;A;4:00:00;5069
26/12/2020;B;4:00:00;918
27/12/2020;A;4:00:00;5358
27/12/2020;B;4:00:00;850
28/12/2020;A;4:00:00;10595
28/12/2020;B;4:00:00;1846
29/12/2020;A;4:00:00;10525
29/12/2020;B;4:00:00;1878
30/12/2020;A;4:00:00;10071
30/12/2020;B;4:00:00;1910
31/12/2020;A;4:00:00;7032
31/12/2020;B;4:00:00;1225
1/01/2021;A;4:00:00;
1/01/2021;B;4:00:00;
2/01/2021;A;4:00:00;
2/01/2021;B;4:00:00;
3/01/2021;A;4:00:00;1532
3/01/2021;B;4:00:00;233
4/01/2021;A;4:00:00;10937
4/01/2021;B;4:00:00;1957
5/01/2021;A;4:00:00;11386
5/01/2021;B;4:00:00;1333
6/01/2021;A;4:00:00;10986
6/01/2021;B;4:00:00;1954
7/01/2021;A;4:00:00;10556
7/01/2021;B;4:00:00;1921
8/01/2021;A;4:00:00;10943
8/01/2021;B;4:00:00;1983
9/01/2021;A;4:00:00;7117
9/01/2021;B;4:00:00;1138
10/01/2021;A;4:00:00;1825
10/01/2021;B;4:00:00;309
11/01/2021;A;4:00:00;1983
11/01/2021;B;4:00:00;322
12/01/2021;A;4:00:00;11828
12/01/2021;B;4:00:00;2210
13/01/2021;A;4:00:00;11694
13/01/2021;B;4:00:00;2166
14/01/2021;A;4:00:00;11324
14/01/2021;B;4:00:00;2111
15/01/2021;A;4:00:00;11391
15/01/2021;B;4:00:00;2118
16/01/2021;A;4:00:00;8365
16/01/2021;B;4:00:00;1396
17/01/2021;A;4:00:00;2089
17/01/2021;B;4:00:00;344
18/01/2021;A;4:00:00;11949
18/01/2021;B;4:00:00;2186
19/01/2021;A;4:00:00;12029
19/01/2021;B;4:00:00;2147
20/01/2021;A;4:00:00;11769
20/01/2021;B;4:00:00;2229
21/01/2021;A;4:00:00;11709
21/01/2021;B;4:00:00;2124
22/01/2021;A;4:00:00;11912
22/01/2021;B;4:00:00;2106
23/01/2021;A;4:00:00;9602
23/01/2021;B;4:00:00;1777
24/01/2021;A;4:00:00;2646
24/01/2021;B;4:00:00;437
25/01/2021;A;4:00:00;12258
25/01/2021;B;4:00:00;2140
26/01/2021;A;4:00:00;12242
26/01/2021;B;4:00:00;2213
27/01/2021;A;4:00:00;12062
27/01/2021;B;4:00:00;2161
28/01/2021;A;4:00:00;11816
28/01/2021;B;4:00:00;2116
29/01/2021;A;4:00:00;11987
29/01/2021;B;4:00:00;2168
30/01/2021;A;4:00:00;9747
30/01/2021;B;4:00:00;1723
31/01/2021;A;4:00:00;2455
31/01/2021;B;4:00:00;421
1/02/2021;A;4:00:00;12169
1/02/2021;B;4:00:00;2193
2/02/2021;A;4:00:00;11944
2/02/2021;B;4:00:00;2165
3/02/2021;A;4:00:00;11772
3/02/2021;B;4:00:00;2160
4/02/2021;A;4:00:00;12188
4/02/2021;B;4:00:00;2243
5/02/2021;A;4:00:00;12001
5/02/2021;B;4:00:00;2118
6/02/2021;A;4:00:00;9721
6/02/2021;B;4:00:00;1787
7/02/2021;A;4:00:00;2609
7/02/2021;B;4:00:00;417
8/02/2021;A;4:00:00;12609
8/02/2021;B;4:00:00;2314
9/02/2021;A;4:00:00;12362
9/02/2021;B;4:00:00;2300
10/02/2021;A;4:00:00;12161
10/02/2021;B;4:00:00;2255
11/02/2021;A;4:00:00;12325
11/02/2021;B;4:00:00;2253
12/02/2021;A;4:00:00;12278
12/02/2021;B;4:00:00;2223
13/02/2021;A;4:00:00;10028
13/02/2021;B;4:00:00;1820
14/02/2021;A;4:00:00;2739
14/02/2021;B;4:00:00;419
15/02/2021;A;4:00:00;12714
15/02/2021;B;4:00:00;2292
16/02/2021;A;4:00:00;12258
16/02/2021;B;4:00:00;2178
17/02/2021;A;4:00:00;12300
17/02/2021;B;4:00:00;2222
18/02/2021;A;4:00:00;12295
18/02/2021;B;4:00:00;2066
19/02/2021;A;4:00:00;12034
19/02/2021;B;4:00:00;2187
20/02/2021;A;4:00:00;10120
20/02/2021;B;4:00:00;1835
21/02/2021;A;4:00:00;2704
21/02/2021;B;4:00:00;462
22/02/2021;A;4:00:00;12863
22/02/2021;B;4:00:00;2352
23/02/2021;A;4:00:00;12483
23/02/2021;B;4:00:00;2291
24/02/2021;A;4:00:00;12334
24/02/2021;B;4:00:00;2244
25/02/2021;A;4:00:00;12351
25/02/2021;B;4:00:00;2288
26/02/2021;A;4:00:00;12169
26/02/2021;B;4:00:00;2275
27/02/2021;A;4:00:00;9949
27/02/2021;B;4:00:00;1793
28/02/2021;A;4:00:00;2633
28/02/2021;B;4:00:00;432
1/03/2021;A;4:00:00;12706
1/03/2021;B;4:00:00;2380
2/03/2021;A;4:00:00;12240
2/03/2021;B;4:00:00;2224
3/03/2021;A;4:00:00;12159
3/03/2021;B;4:00:00;2212
4/03/2021;A;4:00:00;12174
4/03/2021;B;4:00:00;2274
5/03/2021;A;4:00:00;12225
5/03/2021;B;4:00:00;2257
6/03/2021;A;4:00:00;10022
6/03/2021;B;4:00:00;1837
7/03/2021;A;4:00:00;2704
7/03/2021;B;4:00:00;441
8/03/2021;A;4:00:00;12012
8/03/2021;B;4:00:00;2227
9/03/2021;A;4:00:00;12101
9/03/2021;B;4:00:00;2223
10/03/2021;A;4:00:00;12249
10/03/2021;B;4:00:00;2255
11/03/2021;A;4:00:00;12440
11/03/2021;B;4:00:00;2301
12/03/2021;A;4:00:00;11685
12/03/2021;B;4:00:00;2306
13/03/2021;A;4:00:00;10017
13/03/2021;B;4:00:00;1807
14/03/2021;A;4:00:00;2730
14/03/2021;B;4:00:00;450
15/03/2021;A;4:00:00;12893
15/03/2021;B;4:00:00;2347
16/03/2021;A;4:00:00;12453
16/03/2021;B;4:00:00;2198
17/03/2021;A;4:00:00;12037
17/03/2021;B;4:00:00;2245
18/03/2021;A;4:00:00;12456
18/03/2021;B;4:00:00;2233
19/03/2021;A;4:00:00;12386
19/03/2021;B;4:00:00;2167
20/03/2021;A;4:00:00;10186
20/03/2021;B;4:00:00;1805
21/03/2021;A;4:00:00;2907
21/03/2021;B;4:00:00;451
22/03/2021;A;4:00:00;2910
22/03/2021;B;4:00:00;534
23/03/2021;A;4:00:00;9240
23/03/2021;B;4:00:00;2332
24/03/2021;A;4:00:00;10006
24/03/2021;B;4:00:00;2349
25/03/2021;A;4:00:00;11982
25/03/2021;B;4:00:00;2383
26/03/2021;A;4:00:00;11724
26/03/2021;B;4:00:00;2310
27/03/2021;A;4:00:00;9611
27/03/2021;B;4:00:00;1961
28/03/2021;A;4:00:00;2869
28/03/2021;B;4:00:00;539
29/03/2021;A;4:00:00;11688
29/03/2021;B;4:00:00;2303
30/03/2021;A;4:00:00;11694
30/03/2021;B;4:00:00;2209
31/03/2021;A;4:00:00;11715
31/03/2021;B;4:00:00;2212
1/04/2021;A;4:00:00;2497
1/04/2021;B;4:00:00;408
2/04/2021;A;4:00:00;1995
2/04/2021;B;4:00:00;350
3/04/2021;A;4:00:00;5153
3/04/2021;B;4:00:00;902
4/04/2021;A;4:00:00;1956
4/04/2021;B;4:00:00;398
5/04/2021;A;4:00:00;12417
5/04/2021;B;4:00:00;2372
6/04/2021;A;4:00:00;12217
6/04/2021;B;4:00:00;2324
7/04/2021;A;4:00:00;12282
7/04/2021;B;4:00:00;2294
8/04/2021;A;4:00:00;13130
8/04/2021;B;4:00:00;2435
9/04/2021;A;4:00:00;8893
9/04/2021;B;4:00:00;1481
10/04/2021;A;4:00:00;7737
10/04/2021;B;4:00:00;1375
11/04/2021;A;4:00:00;2270
11/04/2021;B;4:00:00;391
12/04/2021;A;4:00:00;13210
12/04/2021;B;4:00:00;2410
13/04/2021;A;4:00:00;13114
13/04/2021;B;4:00:00;2468
14/04/2021;A;4:00:00;12743
14/04/2021;B;4:00:00;2367
15/04/2021;A;4:00:00;12439
15/04/2021;B;4:00:00;2354
16/04/2021;A;4:00:00;9772
16/04/2021;B;4:00:00;1803
17/04/2021;A;4:00:00;8513
17/04/2021;B;4:00:00;1562
18/04/2021;A;4:00:00;2330
18/04/2021;B;4:00:00;440
19/04/2021;A;4:00:00;12603
19/04/2021;B;4:00:00;2328
20/04/2021;A;4:00:00;12350
20/04/2021;B;4:00:00;2365
21/04/2021;A;4:00:00;12298
21/04/2021;B;4:00:00;2329
22/04/2021;A;4:00:00;12406
22/04/2021;B;4:00:00;2368
23/04/2021;A;4:00:00;10455
23/04/2021;B;4:00:00;1899
24/04/2021;A;4:00:00;8843
24/04/2021;B;4:00:00;1692
25/04/2021;A;4:00:00;2442
25/04/2021;B;4:00:00;428
26/04/2021;A;4:00:00;12465
26/04/2021;B;4:00:00;2433
27/04/2021;A;4:00:00;12405
27/04/2021;B;4:00:00;2306
28/04/2021;A;4:00:00;12391
28/04/2021;B;4:00:00;2378
29/04/2021;A;4:00:00;11877
29/04/2021;B;4:00:00;2291
30/04/2021;A;4:00:00;10451
30/04/2021;B;4:00:00;1967
1/05/2021;A;4:00:00;3165
1/05/2021;B;4:00:00;652
2/05/2021;A;4:00:00;1330
2/05/2021;B;4:00:00;252
3/05/2021;A;4:00:00;12131
3/05/2021;B;4:00:00;2311
4/05/2021;A;4:00:00;12376
4/05/2021;B;4:00:00;2269
5/05/2021;A;4:00:00;12292
5/05/2021;B;4:00:00;2301
6/05/2021;A;4:00:00;12462
6/05/2021;B;4:00:00;2378
7/05/2021;A;4:00:00;12536
7/05/2021;B;4:00:00;2303
8/05/2021;A;4:00:00;8921
8/05/2021;B;4:00:00;1606
9/05/2021;A;4:00:00;2346
9/05/2021;B;4:00:00;416
10/05/2021;A;4:00:00;12149
10/05/2021;B;4:00:00;2295
11/05/2021;A;4:00:00;12547
11/05/2021;B;4:00:00;2354
12/05/2021;A;4:00:00;12869
12/05/2021;B;4:00:00;2384
13/05/2021;A;4:00:00;12475
13/05/2021;B;4:00:00;2320
14/05/2021;A;4:00:00;12233
14/05/2021;B;4:00:00;2262
15/05/2021;A;4:00:00;9837
15/05/2021;B;4:00:00;1869
16/05/2021;A;4:00:00;2491
16/05/2021;B;4:00:00;479
17/05/2021;A;4:00:00;2775
17/05/2021;B;4:00:00;514
18/05/2021;A;4:00:00;12534
18/05/2021;B;4:00:00;2509
19/05/2021;A;4:00:00;12542
19/05/2021;B;4:00:00;2460
20/05/2021;A;4:00:00;12537
20/05/2021;B;4:00:00;2439
21/05/2021;A;4:00:00;12527
21/05/2021;B;4:00:00;2357
22/05/2021;A;4:00:00;9913
22/05/2021;B;4:00:00;1907
23/05/2021;A;4:00:00;2647
23/05/2021;B;4:00:00;457
24/05/2021;A;4:00:00;12782
24/05/2021;B;4:00:00;2336
25/05/2021;A;4:00:00;12569
25/05/2021;B;4:00:00;2448
26/05/2021;A;4:00:00;12294
26/05/2021;B;4:00:00;2377
27/05/2021;A;4:00:00;12166
27/05/2021;B;4:00:00;2409
28/05/2021;A;4:00:00;12475
28/05/2021;B;4:00:00;2319
29/05/2021;A;4:00:00;9864
29/05/2021;B;4:00:00;1773
30/05/2021;A;4:00:00;2458
30/05/2021;B;4:00:00;388
31/05/2021;A;4:00:00;11937
31/05/2021;B;4:00:00;2212
1/06/2021;A;4:00:00;11745
1/06/2021;B;4:00:00;2210
2/06/2021;A;4:00:00;12087
2/06/2021;B;4:00:00;2234
3/06/2021;A;4:00:00;12423
3/06/2021;B;4:00:00;2310
4/06/2021;A;4:00:00;12225
4/06/2021;B;4:00:00;2247
5/06/2021;A;4:00:00;9964
5/06/2021;B;4:00:00;1798
6/06/2021;A;4:00:00;2536
6/06/2021;B;4:00:00;487
7/06/2021;A;4:00:00;2806
7/06/2021;B;4:00:00;538
8/06/2021;A;4:00:00;13365
8/06/2021;B;4:00:00;2400
9/06/2021;A;4:00:00;13408
9/06/2021;B;4:00:00;2361
10/06/2021;A;4:00:00;13479
10/06/2021;B;4:00:00;2395
11/06/2021;A;4:00:00;13466
11/06/2021;B;4:00:00;2367
12/06/2021;A;4:00:00;10768
12/06/2021;B;4:00:00;1895
13/06/2021;A;4:00:00;2678
13/06/2021;B;4:00:00;493
14/06/2021;A;4:00:00;2948
14/06/2021;B;4:00:00;542
15/06/2021;A;4:00:00;13908
15/06/2021;B;4:00:00;2458
16/06/2021;A;4:00:00;13386
16/06/2021;B;4:00:00;2318
17/06/2021;A;4:00:00;13337
17/06/2021;B;4:00:00;2379
18/06/2021;A;4:00:00;13140
18/06/2021;B;4:00:00;2672
19/06/2021;A;4:00:00;10163
19/06/2021;B;4:00:00;2299
20/06/2021;A;4:00:00;2499
20/06/2021;B;4:00:00;474
21/06/2021;A;4:00:00;12772
21/06/2021;B;4:00:00;2795
22/06/2021;A;4:00:00;12453
22/06/2021;B;4:00:00;2710
23/06/2021;A;4:00:00;12522
23/06/2021;B;4:00:00;2790
24/06/2021;A;4:00:00;11980
24/06/2021;B;4:00:00;2686
25/06/2021;A;4:00:00;12159
25/06/2021;B;4:00:00;2385
26/06/2021;A;4:00:00;9925
26/06/2021;B;4:00:00;1919
27/06/2021;A;4:00:00;2913
27/06/2021;B;4:00:00;477
28/06/2021;A;4:00:00;12171
28/06/2021;B;4:00:00;2379
29/06/2021;A;4:00:00;12633
29/06/2021;B;4:00:00;2352
30/06/2021;A;4:00:00;12556
30/06/2021;B;4:00:00;2413
1/07/2021;A;4:00:00;12452
1/07/2021;B;4:00:00;2312
2/07/2021;A;4:00:00;12024
2/07/2021;B;4:00:00;2316
3/07/2021;A;4:00:00;9880
3/07/2021;B;4:00:00;1839
4/07/2021;A;4:00:00;2694
4/07/2021;B;4:00:00;471
5/07/2021;A;4:00:00;3026
5/07/2021;B;4:00:00;492
6/07/2021;A;4:00:00;13110
6/07/2021;B;4:00:00;2430
7/07/2021;A;4:00:00;12411
7/07/2021;B;4:00:00;2340
8/07/2021;A;4:00:00;12029
8/07/2021;B;4:00:00;2340
9/07/2021;A;4:00:00;12694
9/07/2021;B;4:00:00;2395
10/07/2021;A;4:00:00;10384
10/07/2021;B;4:00:00;1894
11/07/2021;A;4:00:00;2734
11/07/2021;B;4:00:00;470
12/07/2021;A;4:00:00;13081
12/07/2021;B;4:00:00;2466
13/07/2021;A;4:00:00;12880
13/07/2021;B;4:00:00;2448
14/07/2021;A;4:00:00;12768
14/07/2021;B;4:00:00;2440
15/07/2021;A;4:00:00;12701
15/07/2021;B;4:00:00;2504
16/07/2021;A;4:00:00;12573
16/07/2021;B;4:00:00;2381
17/07/2021;A;4:00:00;10360
17/07/2021;B;4:00:00;1860
18/07/2021;A;4:00:00;2866
18/07/2021;B;4:00:00;514
19/07/2021;A;4:00:00;11959
19/07/2021;B;4:00:00;2278
20/07/2021;A;4:00:00;3734
20/07/2021;B;4:00:00;704
21/07/2021;A;4:00:00;13153
21/07/2021;B;4:00:00;2585
22/07/2021;A;4:00:00;13043
22/07/2021;B;4:00:00;2645
23/07/2021;A;4:00:00;12913
23/07/2021;B;4:00:00;2483
24/07/2021;A;4:00:00;10435
24/07/2021;B;4:00:00;2050
25/07/2021;A;4:00:00;2874
25/07/2021;B;4:00:00;481
26/07/2021;A;4:00:00;13223
26/07/2021;B;4:00:00;2540
27/07/2021;A;4:00:00;12939
27/07/2021;B;4:00:00;2378
28/07/2021;A;4:00:00;12884
28/07/2021;B;4:00:00;2414
29/07/2021;A;4:00:00;12941
29/07/2021;B;4:00:00;2430
30/07/2021;A;4:00:00;12275
30/07/2021;B;4:00:00;2182
31/07/2021;A;4:00:00;10100
31/07/2021;B;4:00:00;1908
1/08/2021;A;4:00:00;2604
1/08/2021;B;4:00:00;459
2/08/2021;A;4:00:00;13160
2/08/2021;B;4:00:00;2525
3/08/2021;A;4:00:00;13004
3/08/2021;B;4:00:00;2518
4/08/2021;A;4:00:00;12837
4/08/2021;B;4:00:00;2488
5/08/2021;A;4:00:00;13009
5/08/2021;B;4:00:00;2523
6/08/2021;A;4:00:00;12710
6/08/2021;B;4:00:00;2527
7/08/2021;A;4:00:00;4517
7/08/2021;B;4:00:00;789
8/08/2021;A;4:00:00;2458
8/08/2021;B;4:00:00;462
9/08/2021;A;4:00:00;13500
9/08/2021;B;4:00:00;2534
10/08/2021;A;4:00:00;13021
10/08/2021;B;4:00:00;2416
11/08/2021;A;4:00:00;13204
11/08/2021;B;4:00:00;2508
12/08/2021;A;4:00:00;13299
12/08/2021;B;4:00:00;2559
13/08/2021;A;4:00:00;12955
13/08/2021;B;4:00:00;2469
14/08/2021;A;4:00:00;10725
14/08/2021;B;4:00:00;2011
15/08/2021;A;4:00:00;2900
15/08/2021;B;4:00:00;469
16/08/2021;A;4:00:00;3312
16/08/2021;B;4:00:00;565
17/08/2021;A;4:00:00;13217
17/08/2021;B;4:00:00;2467
18/08/2021;A;4:00:00;12630
18/08/2021;B;4:00:00;2427
19/08/2021;A;4:00:00;13272
19/08/2021;B;4:00:00;2445
20/08/2021;A;4:00:00;13108
20/08/2021;B;4:00:00;2521
21/08/2021;A;4:00:00;10947
21/08/2021;B;4:00:00;2068
22/08/2021;A;4:00:00;3132
22/08/2021;B;4:00:00;515
23/08/2021;A;4:00:00;12500
23/08/2021;B;4:00:00;2490
24/08/2021;A;4:00:00;13465
24/08/2021;B;4:00:00;2288
25/08/2021;A;4:00:00;13250
25/08/2021;B;4:00:00;2483
26/08/2021;A;4:00:00;13344
26/08/2021;B;4:00:00;2540
27/08/2021;A;4:00:00;13231
27/08/2021;B;4:00:00;2530
28/08/2021;A;4:00:00;10856
28/08/2021;B;4:00:00;2063
29/08/2021;A;4:00:00;3108
29/08/2021;B;4:00:00;572
30/08/2021;A;4:00:00;13158
30/08/2021;B;4:00:00;2558
31/08/2021;A;4:00:00;12960
31/08/2021;B;4:00:00;2495
1/09/2021;A;4:00:00;12990
1/09/2021;B;4:00:00;2559
2/09/2021;A;4:00:00;13009
2/09/2021;B;4:00:00;2526
3/09/2021;A;4:00:00;13301
3/09/2021;B;4:00:00;2497
4/09/2021;A;4:00:00;10893
4/09/2021;B;4:00:00;2068
5/09/2021;A;4:00:00;3126
5/09/2021;B;4:00:00;570
6/09/2021;A;4:00:00;13490
6/09/2021;B;4:00:00;2647
7/09/2021;A;4:00:00;13457
7/09/2021;B;4:00:00;2563
8/09/2021;A;4:00:00;13443
8/09/2021;B;4:00:00;2510
9/09/2021;A;4:00:00;13416
9/09/2021;B;4:00:00;2590
10/09/2021;A;4:00:00;13656
10/09/2021;B;4:00:00;2510
11/09/2021;A;4:00:00;10869
11/09/2021;B;4:00:00;2088
12/09/2021;A;4:00:00;3141
12/09/2021;B;4:00:00;623
13/09/2021;A;4:00:00;14113
13/09/2021;B;4:00:00;2623
14/09/2021;A;4:00:00;13786
14/09/2021;B;4:00:00;2545
15/09/2021;A;4:00:00;12845
15/09/2021;B;4:00:00;2418
16/09/2021;A;4:00:00;13587
16/09/2021;B;4:00:00;2552
17/09/2021;A;4:00:00;13534
17/09/2021;B;4:00:00;2535
18/09/2021;A;4:00:00;10902
18/09/2021;B;4:00:00;2065
19/09/2021;A;4:00:00;2872
19/09/2021;B;4:00:00;513
20/09/2021;A;4:00:00;14091
20/09/2021;B;4:00:00;2620
21/09/2021;A;4:00:00;13458
21/09/2021;B;4:00:00;2501
22/09/2021;A;4:00:00;13831
22/09/2021;B;4:00:00;2632
23/09/2021;A;4:00:00;13225
23/09/2021;B;4:00:00;2582
24/09/2021;A;4:00:00;13096
24/09/2021;B;4:00:00;2499
25/09/2021;A;4:00:00;11223
25/09/2021;B;4:00:00;2078
26/09/2021;A;4:00:00;3407
26/09/2021;B;4:00:00;621
27/09/2021;A;4:00:00;14200
27/09/2021;B;4:00:00;2694
28/09/2021;A;4:00:00;13970
28/09/2021;B;4:00:00;2609
29/09/2021;A;4:00:00;13389
29/09/2021;B;4:00:00;2555
30/09/2021;A;4:00:00;14056
30/09/2021;B;4:00:00;2573
1/10/2021;A;4:00:00;13667
1/10/2021;B;4:00:00;2598
2/10/2021;A;4:00:00;11174
2/10/2021;B;4:00:00;2102
3/10/2021;A;4:00:00;3056
3/10/2021;B;4:00:00;586
4/10/2021;A;4:00:00;14695
4/10/2021;B;4:00:00;2740
5/10/2021;A;4:00:00;13894
5/10/2021;B;4:00:00;2708
6/10/2021;A;4:00:00;14096
6/10/2021;B;4:00:00;2689
7/10/2021;A;4:00:00;14168
7/10/2021;B;4:00:00;2715
8/10/2021;A;4:00:00;14020
8/10/2021;B;4:00:00;2674
9/10/2021;A;4:00:00;11545
9/10/2021;B;4:00:00;2218
10/10/2021;A;4:00:00;3511
10/10/2021;B;4:00:00;622
11/10/2021;A;4:00:00;13651
11/10/2021;B;4:00:00;2723
12/10/2021;A;4:00:00;14300
12/10/2021;B;4:00:00;2766
13/10/2021;A;4:00:00;13432
13/10/2021;B;4:00:00;2523
14/10/2021;A;4:00:00;14112
14/10/2021;B;4:00:00;2741
15/10/2021;A;4:00:00;13813
15/10/2021;B;4:00:00;2751
16/10/2021;A;4:00:00;11365
16/10/2021;B;4:00:00;2112
17/10/2021;A;4:00:00;3092
17/10/2021;B;4:00:00;589
18/10/2021;A;4:00:00;3788
18/10/2021;B;4:00:00;621
19/10/2021;A;4:00:00;14723
19/10/2021;B;4:00:00;2755
20/10/2021;A;4:00:00;14145
20/10/2021;B;4:00:00;2645
21/10/2021;A;4:00:00;14546
21/10/2021;B;4:00:00;2688
22/10/2021;A;4:00:00;14123
22/10/2021;B;4:00:00;2756
23/10/2021;A;4:00:00;11612
23/10/2021;B;4:00:00;2150
24/10/2021;A;4:00:00;3707
24/10/2021;B;4:00:00;676
25/10/2021;A;4:00:00;14660
25/10/2021;B;4:00:00;2859
26/10/2021;A;4:00:00;14428
26/10/2021;B;4:00:00;2713
27/10/2021;A;4:00:00;14241
27/10/2021;B;4:00:00;2667
28/10/2021;A;4:00:00;14671
28/10/2021;B;4:00:00;2832
29/10/2021;A;4:00:00;12969
29/10/2021;B;4:00:00;2508
30/10/2021;A;4:00:00;11742
30/10/2021;B;4:00:00;2064
31/10/2021;A;4:00:00;3251
31/10/2021;B;4:00:00;601
1/11/2021;A;4:00:00;3472
1/11/2021;B;4:00:00;626
2/11/2021;A;4:00:00;14793
2/11/2021;B;4:00:00;2847
3/11/2021;A;4:00:00;14173
3/11/2021;B;4:00:00;2757
4/11/2021;A;4:00:00;14419
4/11/2021;B;4:00:00;2703
5/11/2021;A;4:00:00;14686
5/11/2021;B;4:00:00;2646
6/11/2021;A;4:00:00;11851
6/11/2021;B;4:00:00;2179
7/11/2021;A;4:00:00;3505
7/11/2021;B;4:00:00;641
8/11/2021;A;4:00:00;14696
8/11/2021;B;4:00:00;2822
9/11/2021;A;4:00:00;14222
9/11/2021;B;4:00:00;2706
10/11/2021;A;4:00:00;14187
10/11/2021;B;4:00:00;2690
11/11/2021;A;4:00:00;14533
11/11/2021;B;4:00:00;2726
12/11/2021;A;4:00:00;14120
12/11/2021;B;4:00:00;2739
13/11/2021;A;4:00:00;12016
13/11/2021;B;4:00:00;2194
14/11/2021;A;4:00:00;3531
14/11/2021;B;4:00:00;648
15/11/2021;A;4:00:00;3680
15/11/2021;B;4:00:00;631
16/11/2021;A;4:00:00;15319
16/11/2021;B;4:00:00;2885
17/11/2021;A;4:00:00;14965
17/11/2021;B;4:00:00;2820
18/11/2021;A;4:00:00;14676
18/11/2021;B;4:00:00;2796
19/11/2021;A;4:00:00;15201
19/11/2021;B;4:00:00;2891
20/11/2021;A;4:00:00;12380
20/11/2021;B;4:00:00;2302
21/11/2021;A;4:00:00;3863
21/11/2021;B;4:00:00;738
22/11/2021;A;4:00:00;15015
22/11/2021;B;4:00:00;2933
23/11/2021;A;4:00:00;14769
23/11/2021;B;4:00:00;2790
24/11/2021;A;4:00:00;14309
24/11/2021;B;4:00:00;2699
25/11/2021;A;4:00:00;14312
25/11/2021;B;4:00:00;2669
26/11/2021;A;4:00:00;13911
26/11/2021;B;4:00:00;2765
27/11/2021;A;4:00:00;11666
27/11/2021;B;4:00:00;2254
28/11/2021;A;4:00:00;
28/11/2021;B;4:00:00;
29/11/2021;A;4:00:00;14915
29/11/2021;B;4:00:00;2843
30/11/2021;A;4:00:00;14668
30/11/2021;B;4:00:00;2531
1/12/2021;A;4:00:00;13696
1/12/2021;B;4:00:00;2633
2/12/2021;A;4:00:00;14398
2/12/2021;B;4:00:00;2699
3/12/2021;A;4:00:00;14373
3/12/2021;B;4:00:00;2773
4/12/2021;A;4:00:00;11854
4/12/2021;B;4:00:00;2276
5/12/2021;A;4:00:00;3587
5/12/2021;B;4:00:00;732
6/12/2021;A;4:00:00;14898
6/12/2021;B;4:00:00;2848
7/12/2021;A;4:00:00;14566
7/12/2021;B;4:00:00;2842
8/12/2021;A;4:00:00;3553
8/12/2021;B;4:00:00;676
9/12/2021;A;4:00:00;14575
9/12/2021;B;4:00:00;2734
10/12/2021;A;4:00:00;14547
10/12/2021;B;4:00:00;2722
11/12/2021;A;4:00:00;12555
11/12/2021;B;4:00:00;3344
12/12/2021;A;4:00:00;3619
12/12/2021;B;4:00:00;691
13/12/2021;A;4:00:00;14971
13/12/2021;B;4:00:00;2864
14/12/2021;A;4:00:00;14542
14/12/2021;B;4:00:00;2694
15/12/2021;A;4:00:00;14534
15/12/2021;B;4:00:00;2721
16/12/2021;A;4:00:00;14187
16/12/2021;B;4:00:00;2703
17/12/2021;A;4:00:00;13777
17/12/2021;B;4:00:00;2570
18/12/2021;A;4:00:00;11451
18/12/2021;B;4:00:00;2120
19/12/2021;A;4:00:00;3652
19/12/2021;B;4:00:00;637
20/12/2021;A;4:00:00;13636
20/12/2021;B;4:00:00;2626
21/12/2021;A;4:00:00;13662
21/12/2021;B;4:00:00;2581
22/12/2021;A;4:00:00;13281
22/12/2021;B;4:00:00;2571
23/12/2021;A;4:00:00;12850
23/12/2021;B;4:00:00;2400
24/12/2021;A;4:00:00;8865
24/12/2021;B;4:00:00;1490
25/12/2021;A;4:00:00;1205
25/12/2021;B;4:00:00;243
26/12/2021;A;4:00:00;2139
26/12/2021;B;4:00:00;437
27/12/2021;A;4:00:00;11503
27/12/2021;B;4:00:00;2136
28/12/2021;A;4:00:00;11585
28/12/2021;B;4:00:00;2077
29/12/2021;A;4:00:00;11648
29/12/2021;B;4:00:00;2046
30/12/2021;A;4:00:00;10670
30/12/2021;B;4:00:00;1962
31/12/2021;A;4:00:00;6603
31/12/2021;B;4:00:00;1115
1/01/2022;A;4:00:00;1098
1/01/2022;B;4:00:00;195
2/01/2022;A;4:00:00;1890
2/01/2022;B;4:00:00;398
3/01/2022;A;4:00:00;11205
3/01/2022;B;4:00:00;2000
4/01/2022;A;4:00:00;11376
4/01/2022;B;4:00:00;2135
5/01/2022;A;4:00:00;11505
5/01/2022;B;4:00:00;2131
6/01/2022;A;4:00:00;11506
6/01/2022;B;4:00:00;2134
7/01/2022;A;4:00:00;10950
7/01/2022;B;4:00:00;2121
8/01/2022;A;4:00:00;9672
8/01/2022;B;4:00:00;1774
9/01/2022;A;4:00:00;2837
9/01/2022;B;4:00:00;552
10/01/2022;A;4:00:00;2849
10/01/2022;B;4:00:00;544
11/01/2022;A;4:00:00;13361
11/01/2022;B;4:00:00;2521
12/01/2022;A;4:00:00;13273
12/01/2022;B;4:00:00;2506
13/01/2022;A;4:00:00;13105
13/01/2022;B;4:00:00;2527
14/01/2022;A;4:00:00;13160
14/01/2022;B;4:00:00;2492
15/01/2022;A;4:00:00;10932
15/01/2022;B;4:00:00;2036
16/01/2022;A;4:00:00;3026
16/01/2022;B;4:00:00;581
17/01/2022;A;4:00:00;14150
17/01/2022;B;4:00:00;2722
18/01/2022;A;4:00:00;14092
18/01/2022;B;4:00:00;2591
19/01/2022;A;4:00:00;14036
19/01/2022;B;4:00:00;2662
20/01/2022;A;4:00:00;13857
20/01/2022;B;4:00:00;2687
21/01/2022;A;4:00:00;13658
21/01/2022;B;4:00:00;2746
22/01/2022;A;4:00:00;11027
22/01/2022;B;4:00:00;2221
23/01/2022;A;4:00:00;3115
23/01/2022;B;4:00:00;622
24/01/2022;A;4:00:00;14876
24/01/2022;B;4:00:00;2835
25/01/2022;A;4:00:00;14480
25/01/2022;B;4:00:00;2865
26/01/2022;A;4:00:00;14419
26/01/2022;B;4:00:00;2862
27/01/2022;A;4:00:00;14402
27/01/2022;B;4:00:00;2753
28/01/2022;A;4:00:00;14335
28/01/2022;B;4:00:00;2835
29/01/2022;A;4:00:00;11284
29/01/2022;B;4:00:00;2133
30/01/2022;A;4:00:00;2928
30/01/2022;B;4:00:00;586
31/01/2022;A;4:00:00;14617
31/01/2022;B;4:00:00;2842
1/02/2022;A;4:00:00;14475
1/02/2022;B;4:00:00;2888
2/02/2022;A;4:00:00;14376
2/02/2022;B;4:00:00;2791
3/02/2022;A;4:00:00;14708
3/02/2022;B;4:00:00;2867
4/02/2022;A;4:00:00;14493
4/02/2022;B;4:00:00;2870
5/02/2022;A;4:00:00;11155
5/02/2022;B;4:00:00;2153
6/02/2022;A;4:00:00;3056
6/02/2022;B;4:00:00;584
7/02/2022;A;4:00:00;14453
7/02/2022;B;4:00:00;2770
8/02/2022;A;4:00:00;15034
8/02/2022;B;4:00:00;2765
9/02/2022;A;4:00:00;15190
9/02/2022;B;4:00:00;2984
10/02/2022;A;4:00:00;15125
10/02/2022;B;4:00:00;2949
11/02/2022;A;4:00:00;14918
11/02/2022;B;4:00:00;2979
12/02/2022;A;4:00:00;11983
12/02/2022;B;4:00:00;2272
13/02/2022;A;4:00:00;3247
13/02/2022;B;4:00:00;618
14/02/2022;A;4:00:00;15482
14/02/2022;B;4:00:00;2960
15/02/2022;A;4:00:00;15318
15/02/2022;B;4:00:00;2932
16/02/2022;A;4:00:00;15090
16/02/2022;B;4:00:00;2782
17/02/2022;A;4:00:00;15209
17/02/2022;B;4:00:00;2866
18/02/2022;A;4:00:00;15203
18/02/2022;B;4:00:00;2913
19/02/2022;A;4:00:00;11652
19/02/2022;B;4:00:00;2310
20/02/2022;A;4:00:00;3324
20/02/2022;B;4:00:00;611
21/02/2022;A;4:00:00;15474
21/02/2022;B;4:00:00;2961
22/02/2022;A;4:00:00;15598
22/02/2022;B;4:00:00;3040
23/02/2022;A;4:00:00;15396
23/02/2022;B;4:00:00;2876
24/02/2022;A;4:00:00;15364
24/02/2022;B;4:00:00;3018
25/02/2022;A;4:00:00;14997
25/02/2022;B;4:00:00;2966
26/02/2022;A;4:00:00;12099
26/02/2022;B;4:00:00;2252
27/02/2022;A;4:00:00;3259
27/02/2022;B;4:00:00;636
28/02/2022;A;4:00:00;14540
28/02/2022;B;4:00:00;2491
1/03/2022;A;4:00:00;14989
1/03/2022;B;4:00:00;3017
2/03/2022;A;4:00:00;14717
2/03/2022;B;4:00:00;2775
3/03/2022;A;4:00:00;15249
3/03/2022;B;4:00:00;2926
4/03/2022;A;4:00:00;15010
4/03/2022;B;4:00:00;2992
5/03/2022;A;4:00:00;11448
5/03/2022;B;4:00:00;2254
6/03/2022;A;4:00:00;3261
6/03/2022;B;4:00:00;594
7/03/2022;A;4:00:00;15760
7/03/2022;B;4:00:00;3039
8/03/2022;A;4:00:00;15361
8/03/2022;B;4:00:00;2873
9/03/2022;A;4:00:00;15470
9/03/2022;B;4:00:00;2996
10/03/2022;A;4:00:00;15440
10/03/2022;B;4:00:00;2990
11/03/2022;A;4:00:00;15355
11/03/2022;B;4:00:00;2880
12/03/2022;A;4:00:00;12002
12/03/2022;B;4:00:00;2274
13/03/2022;A;4:00:00;521
13/03/2022;B;4:00:00;105
14/03/2022;A;4:00:00;15717
14/03/2022;B;4:00:00;3058
15/03/2022;A;4:00:00;15566
15/03/2022;B;4:00:00;2993
16/03/2022;A;4:00:00;15159
16/03/2022;B;4:00:00;2953
17/03/2022;A;4:00:00;15074
17/03/2022;B;4:00:00;2924
18/03/2022;A;4:00:00;15095
18/03/2022;B;4:00:00;2935
19/03/2022;A;4:00:00;11690
19/03/2022;B;4:00:00;2256
20/03/2022;A;4:00:00;3497
20/03/2022;B;4:00:00;668
21/03/2022;A;4:00:00;3379
21/03/2022;B;4:00:00;596
22/03/2022;A;4:00:00;16334
22/03/2022;B;4:00:00;3095
23/03/2022;A;4:00:00;15439
23/03/2022;B;4:00:00;2903
24/03/2022;A;4:00:00;15481
24/03/2022;B;4:00:00;2981
25/03/2022;A;4:00:00;15593
25/03/2022;B;4:00:00;2904
26/03/2022;A;4:00:00;12105
26/03/2022;B;4:00:00;2393
27/03/2022;A;4:00:00;3274
27/03/2022;B;4:00:00;908
28/03/2022;A;4:00:00;15900
28/03/2022;B;4:00:00;3088
29/03/2022;A;4:00:00;15050
29/03/2022;B;4:00:00;2946
30/03/2022;A;4:00:00;15122
30/03/2022;B;4:00:00;2898
31/03/2022;A;4:00:00;15467
31/03/2022;B;4:00:00;2920
1/04/2022;A;4:00:00;14558
1/04/2022;B;4:00:00;2798
2/04/2022;A;4:00:00;12007
2/04/2022;B;4:00:00;2249
3/04/2022;A;4:00:00;3340
3/04/2022;B;4:00:00;536
4/04/2022;A;4:00:00;15886
4/04/2022;B;4:00:00;3001
5/04/2022;A;4:00:00;14584
5/04/2022;B;4:00:00;2799
6/04/2022;A;4:00:00;15312
6/04/2022;B;4:00:00;2932
7/04/2022;A;4:00:00;14794
7/04/2022;B;4:00:00;2967
8/04/2022;A;4:00:00;15362
8/04/2022;B;4:00:00;2996
9/04/2022;A;4:00:00;12339
9/04/2022;B;4:00:00;2400
10/04/2022;A;4:00:00;4001
10/04/2022;B;4:00:00;783
11/04/2022;A;4:00:00;14359
11/04/2022;B;4:00:00;2726
12/04/2022;A;4:00:00;14157
12/04/2022;B;4:00:00;2734
13/04/2022;A;4:00:00;13781
13/04/2022;B;4:00:00;2620
14/04/2022;A;4:00:00;3651
14/04/2022;B;4:00:00;644
15/04/2022;A;4:00:00;2629
15/04/2022;B;4:00:00;429
16/04/2022;A;4:00:00;6064
16/04/2022;B;4:00:00;1164
17/04/2022;A;4:00:00;2853
17/04/2022;B;4:00:00;490
18/04/2022;A;4:00:00;15907
18/04/2022;B;4:00:00;3032
19/04/2022;A;4:00:00;15586
19/04/2022;B;4:00:00;2963
20/04/2022;A;4:00:00;15353
20/04/2022;B;4:00:00;2939
21/04/2022;A;4:00:00;15186
21/04/2022;B;4:00:00;3013
22/04/2022;A;4:00:00;12404
22/04/2022;B;4:00:00;2829
23/04/2022;A;4:00:00;12198
23/04/2022;B;4:00:00;2327
24/04/2022;A;4:00:00;3422
24/04/2022;B;4:00:00;633
25/04/2022;A;4:00:00;15634
25/04/2022;B;4:00:00;3246
26/04/2022;A;4:00:00;15674
26/04/2022;B;4:00:00;3019
27/04/2022;A;4:00:00;15449
27/04/2022;B;4:00:00;3088
28/04/2022;A;4:00:00;15030
28/04/2022;B;4:00:00;3109
29/04/2022;A;4:00:00;15325
29/04/2022;B;4:00:00;3080
30/04/2022;A;4:00:00;11944
30/04/2022;B;4:00:00;2241
1/05/2022;A;4:00:00;3245
1/05/2022;B;4:00:00;831
2/05/2022;A;4:00:00;15624
2/05/2022;B;4:00:00;3012
3/05/2022;A;4:00:00;12555
3/05/2022;B;4:00:00;3065
4/05/2022;A;4:00:00;15681
4/05/2022;B;4:00:00;3056
5/05/2022;A;4:00:00;15003
5/05/2022;B;4:00:00;2932
6/05/2022;A;4:00:00;15309
6/05/2022;B;4:00:00;2872
7/05/2022;A;4:00:00;11744
7/05/2022;B;4:00:00;2232
8/05/2022;A;4:00:00;3173
8/05/2022;B;4:00:00;489
9/05/2022;A;4:00:00;15304
9/05/2022;B;4:00:00;2963
10/05/2022;A;4:00:00;15527
10/05/2022;B;4:00:00;3060
11/05/2022;A;4:00:00;15477
11/05/2022;B;4:00:00;2957
12/05/2022;A;4:00:00;15525
12/05/2022;B;4:00:00;2929
13/05/2022;A;4:00:00;15314
13/05/2022;B;4:00:00;2938
14/05/2022;A;4:00:00;11751
14/05/2022;B;4:00:00;2171
15/05/2022;A;4:00:00;3438
15/05/2022;B;4:00:00;653
16/05/2022;A;4:00:00;15327
16/05/2022;B;4:00:00;3024
17/05/2022;A;4:00:00;15030
17/05/2022;B;4:00:00;2908
18/05/2022;A;4:00:00;13843
18/05/2022;B;4:00:00;2630
19/05/2022;A;4:00:00;15406
19/05/2022;B;4:00:00;2925
20/05/2022;A;4:00:00;15060
20/05/2022;B;4:00:00;2900
21/05/2022;A;4:00:00;12107
21/05/2022;B;4:00:00;2391
22/05/2022;A;4:00:00;3489
22/05/2022;B;4:00:00;627
23/05/2022;A;4:00:00;15725
23/05/2022;B;4:00:00;3034
24/05/2022;A;4:00:00;15456
24/05/2022;B;4:00:00;2915
25/05/2022;A;4:00:00;15536
25/05/2022;B;4:00:00;2996
26/05/2022;A;4:00:00;15400
26/05/2022;B;4:00:00;2996
27/05/2022;A;4:00:00;15177
27/05/2022;B;4:00:00;2997
28/05/2022;A;4:00:00;12268
28/05/2022;B;4:00:00;4142
29/05/2022;A;4:00:00;237
29/05/2022;B;4:00:00;45
30/05/2022;A;4:00:00;3172
30/05/2022;B;4:00:00;606
31/05/2022;A;4:00:00;15470
31/05/2022;B;4:00:00;3047
1/06/2022;A;4:00:00;15490
1/06/2022;B;4:00:00;3473
2/06/2022;A;4:00:00;14764
2/06/2022;B;4:00:00;3015
3/06/2022;A;4:00:00;15118
3/06/2022;B;4:00:00;2913
4/06/2022;A;4:00:00;12258
4/06/2022;B;4:00:00;2314
5/06/2022;A;4:00:00;3354
5/06/2022;B;4:00:00;651
6/06/2022;A;4:00:00;15917
6/06/2022;B;4:00:00;3002
7/06/2022;A;4:00:00;15219
7/06/2022;B;4:00:00;2956
8/06/2022;A;4:00:00;15327
8/06/2022;B;4:00:00;3060
9/06/2022;A;4:00:00;15236
9/06/2022;B;4:00:00;3015
10/06/2022;A;4:00:00;15290
10/06/2022;B;4:00:00;3002
11/06/2022;A;4:00:00;11788
11/06/2022;B;4:00:00;2235
12/06/2022;A;4:00:00;3520
12/06/2022;B;4:00:00;583
13/06/2022;A;4:00:00;15411
13/06/2022;B;4:00:00;3038
14/06/2022;A;4:00:00;14416
14/06/2022;B;4:00:00;2849
15/06/2022;A;4:00:00;14866
15/06/2022;B;4:00:00;2911
16/06/2022;A;4:00:00;8919
16/06/2022;B;4:00:00;2874
17/06/2022;A;4:00:00;11145
17/06/2022;B;4:00:00;2811
18/06/2022;A;4:00:00;9875
18/06/2022;B;4:00:00;2356
19/06/2022;A;4:00:00;42
19/06/2022;B;4:00:00;6
20/06/2022;A;4:00:00;2436
20/06/2022;B;4:00:00;601
21/06/2022;A;4:00:00;13030
21/06/2022;B;4:00:00;3054
22/06/2022;A;4:00:00;14269
22/06/2022;B;4:00:00;2801
23/06/2022;A;4:00:00;14923
23/06/2022;B;4:00:00;2917
24/06/2022;A;4:00:00;15345
24/06/2022;B;4:00:00;2850
25/06/2022;A;4:00:00;12018
25/06/2022;B;4:00:00;2323
26/06/2022;A;4:00:00;3020
26/06/2022;B;4:00:00;629
27/06/2022;A;4:00:00;3198
27/06/2022;B;4:00:00;945
28/06/2022;A;4:00:00;15019
28/06/2022;B;4:00:00;2962
29/06/2022;A;4:00:00;14951
29/06/2022;B;4:00:00;2753
30/06/2022;A;4:00:00;16079
30/06/2022;B;4:00:00;2875
1/07/2022;A;4:00:00;15516
1/07/2022;B;4:00:00;2800
2/07/2022;A;4:00:00;12554
2/07/2022;B;4:00:00;2263
3/07/2022;A;4:00:00;3387
3/07/2022;B;4:00:00;597
4/07/2022;A;4:00:00;3677
4/07/2022;B;4:00:00;712
5/07/2022;A;4:00:00;16855
5/07/2022;B;4:00:00;3069
6/07/2022;A;4:00:00;16385
6/07/2022;B;4:00:00;2801
7/07/2022;A;4:00:00;16346
7/07/2022;B;4:00:00;3001
8/07/2022;A;4:00:00;16089
8/07/2022;B;4:00:00;2955
9/07/2022;A;4:00:00;12887
9/07/2022;B;4:00:00;2237
10/07/2022;A;4:00:00;3244
10/07/2022;B;4:00:00;646
11/07/2022;A;4:00:00;15427
11/07/2022;B;4:00:00;2965
12/07/2022;A;4:00:00;15500
12/07/2022;B;4:00:00;2971
13/07/2022;A;4:00:00;15270
13/07/2022;B;4:00:00;2986
14/07/2022;A;4:00:00;14950
14/07/2022;B;4:00:00;2988
15/07/2022;A;4:00:00;15196
15/07/2022;B;4:00:00;3054
16/07/2022;A;4:00:00;11992
16/07/2022;B;4:00:00;2239
17/07/2022;A;4:00:00;3460
17/07/2022;B;4:00:00;659
18/07/2022;A;4:00:00;15504
18/07/2022;B;4:00:00;3012
19/07/2022;A;4:00:00;15833
19/07/2022;B;4:00:00;3105
20/07/2022;A;4:00:00;5279
20/07/2022;B;4:00:00;972
21/07/2022;A;4:00:00;15856
21/07/2022;B;4:00:00;3053
22/07/2022;A;4:00:00;15438
22/07/2022;B;4:00:00;3087
23/07/2022;A;4:00:00;11483
23/07/2022;B;4:00:00;2122
24/07/2022;A;4:00:00;3108
24/07/2022;B;4:00:00;571
25/07/2022;A;4:00:00;14964
25/07/2022;B;4:00:00;3064
26/07/2022;A;4:00:00;15788
26/07/2022;B;4:00:00;3139
27/07/2022;A;4:00:00;15803
27/07/2022;B;4:00:00;3176
28/07/2022;A;4:00:00;14503
28/07/2022;B;4:00:00;2955
29/07/2022;A;4:00:00;15374
29/07/2022;B;4:00:00;3038
30/07/2022;A;4:00:00;12462
30/07/2022;B;4:00:00;2751
31/07/2022;A;4:00:00;3521
31/07/2022;B;4:00:00;682
1/08/2022;A;4:00:00;15015
1/08/2022;B;4:00:00;2962
2/08/2022;A;4:00:00;15050
2/08/2022;B;4:00:00;2977
3/08/2022;A;4:00:00;15689
3/08/2022;B;4:00:00;3063
4/08/2022;A;4:00:00;15996
4/08/2022;B;4:00:00;3158
5/08/2022;A;4:00:00;15208
5/08/2022;B;4:00:00;2887
6/08/2022;A;4:00:00;11863
6/08/2022;B;4:00:00;2535
7/08/2022;A;4:00:00;3217
7/08/2022;B;4:00:00;735
8/08/2022;A;4:00:00;16359
8/08/2022;B;4:00:00;3284
9/08/2022;A;4:00:00;16231
9/08/2022;B;4:00:00;3252
10/08/2022;A;4:00:00;16409
10/08/2022;B;4:00:00;3304
11/08/2022;A;4:00:00;16554
11/08/2022;B;4:00:00;3393
12/08/2022;A;4:00:00;16178
12/08/2022;B;4:00:00;3272
13/08/2022;A;4:00:00;12559
13/08/2022;B;4:00:00;3311
14/08/2022;A;4:00:00;3161
14/08/2022;B;4:00:00;1111
15/08/2022;A;4:00:00;3388
15/08/2022;B;4:00:00;612
16/08/2022;A;4:00:00;16263
16/08/2022;B;4:00:00;3123
17/08/2022;A;4:00:00;16494
17/08/2022;B;4:00:00;3186
18/08/2022;A;4:00:00;16511
18/08/2022;B;4:00:00;3221
19/08/2022;A;4:00:00;15913
19/08/2022;B;4:00:00;3165
20/08/2022;A;4:00:00;13221
20/08/2022;B;4:00:00;2443
21/08/2022;A;4:00:00;3496
21/08/2022;B;4:00:00;623
22/08/2022;A;4:00:00;16423
22/08/2022;B;4:00:00;3227
23/08/2022;A;4:00:00;16793
23/08/2022;B;4:00:00;3308
24/08/2022;A;4:00:00;16754
24/08/2022;B;4:00:00;3190
25/08/2022;A;4:00:00;16569
25/08/2022;B;4:00:00;3204
26/08/2022;A;4:00:00;16260
26/08/2022;B;4:00:00;3252
27/08/2022;A;4:00:00;13152
27/08/2022;B;4:00:00;2469
28/08/2022;A;4:00:00;3247
28/08/2022;B;4:00:00;696
29/08/2022;A;4:00:00;16417
29/08/2022;B;4:00:00;3110
30/08/2022;A;4:00:00;16791
30/08/2022;B;4:00:00;3263
31/08/2022;A;4:00:00;15303
31/08/2022;B;4:00:00;3135
1/09/2022;A;4:00:00;16325
1/09/2022;B;4:00:00;3263
2/09/2022;A;4:00:00;16305
2/09/2022;B;4:00:00;3152
3/09/2022;A;4:00:00;12652
3/09/2022;B;4:00:00;2460
4/09/2022;A;4:00:00;3628
4/09/2022;B;4:00:00;660
5/09/2022;A;4:00:00;16692
5/09/2022;B;4:00:00;3351
6/09/2022;A;4:00:00;15714
6/09/2022;B;4:00:00;3089
7/09/2022;A;4:00:00;16403
7/09/2022;B;4:00:00;3260
8/09/2022;A;4:00:00;15863
8/09/2022;B;4:00:00;3194
9/09/2022;A;4:00:00;16323
9/09/2022;B;4:00:00;3245
10/09/2022;A;4:00:00;12937
10/09/2022;B;4:00:00;2466
11/09/2022;A;4:00:00;3732
11/09/2022;B;4:00:00;711
12/09/2022;A;4:00:00;17182
12/09/2022;B;4:00:00;3309
13/09/2022;A;4:00:00;16861
13/09/2022;B;4:00:00;3268
14/09/2022;A;4:00:00;16609
14/09/2022;B;4:00:00;3322
15/09/2022;A;4:00:00;16614
15/09/2022;B;4:00:00;3247
16/09/2022;A;4:00:00;14421
16/09/2022;B;4:00:00;2868
17/09/2022;A;4:00:00;12531
17/09/2022;B;4:00:00;2431
18/09/2022;A;4:00:00;3413
18/09/2022;B;4:00:00;639
19/09/2022;A;4:00:00;16038
19/09/2022;B;4:00:00;3247
20/09/2022;A;4:00:00;16715
20/09/2022;B;4:00:00;3363
21/09/2022;A;4:00:00;16410
21/09/2022;B;4:00:00;3196
22/09/2022;A;4:00:00;15504
22/09/2022;B;4:00:00;3100
23/09/2022;A;4:00:00;16599
23/09/2022;B;4:00:00;3144
24/09/2022;A;4:00:00;12703
24/09/2022;B;4:00:00;2527
25/09/2022;A;4:00:00;3806
25/09/2022;B;4:00:00;732
26/09/2022;A;4:00:00;17222
26/09/2022;B;4:00:00;3275
27/09/2022;A;4:00:00;16650
27/09/2022;B;4:00:00;3140
28/09/2022;A;4:00:00;16927
28/09/2022;B;4:00:00;3255
29/09/2022;A;4:00:00;16647
29/09/2022;B;4:00:00;3217
30/09/2022;A;4:00:00;16113
30/09/2022;B;4:00:00;3096
1/10/2022;A;4:00:00;12615
1/10/2022;B;4:00:00;2352
2/10/2022;A;4:00:00;3210
2/10/2022;B;4:00:00;698
3/10/2022;A;4:00:00;16678
3/10/2022;B;4:00:00;3222
4/10/2022;A;4:00:00;16877
4/10/2022;B;4:00:00;3267
5/10/2022;A;4:00:00;16777
5/10/2022;B;4:00:00;3340
6/10/2022;A;4:00:00;16986
6/10/2022;B;4:00:00;3294
7/10/2022;A;4:00:00;16711
7/10/2022;B;4:00:00;3194
8/10/2022;A;4:00:00;13023
8/10/2022;B;4:00:00;2388
9/10/2022;A;4:00:00;3641
9/10/2022;B;4:00:00;733
10/10/2022;A;4:00:00;16799
10/10/2022;B;4:00:00;3250
11/10/2022;A;4:00:00;16738
11/10/2022;B;4:00:00;3236
12/10/2022;A;4:00:00;16473
12/10/2022;B;4:00:00;3183
13/10/2022;A;4:00:00;16691
13/10/2022;B;4:00:00;3213
14/10/2022;A;4:00:00;16077
14/10/2022;B;4:00:00;3205
15/10/2022;A;4:00:00;12507
15/10/2022;B;4:00:00;2951
16/10/2022;A;4:00:00;3447
16/10/2022;B;4:00:00;690
17/10/2022;A;4:00:00;3819
17/10/2022;B;4:00:00;870
18/10/2022;A;4:00:00;18002
18/10/2022;B;4:00:00;4034
19/10/2022;A;4:00:00;16675
19/10/2022;B;4:00:00;3877
20/10/2022;A;4:00:00;16186
20/10/2022;B;4:00:00;3719
21/10/2022;A;4:00:00;17090
21/10/2022;B;4:00:00;3834
22/10/2022;A;4:00:00;13513
22/10/2022;B;4:00:00;3103
23/10/2022;A;4:00:00;3920
23/10/2022;B;4:00:00;746
24/10/2022;A;4:00:00;17304
24/10/2022;B;4:00:00;3337
25/10/2022;A;4:00:00;17183
25/10/2022;B;4:00:00;3216
26/10/2022;A;4:00:00;17075
26/10/2022;B;4:00:00;3296
27/10/2022;A;4:00:00;16677
27/10/2022;B;4:00:00;3224
28/10/2022;A;4:00:00;16445
28/10/2022;B;4:00:00;3210
29/10/2022;A;4:00:00;12755
29/10/2022;B;4:00:00;2398
30/10/2022;A;4:00:00;4345
30/10/2022;B;4:00:00;784
31/10/2022;A;4:00:00;17005
31/10/2022;B;4:00:00;3321
1/11/2022;A;4:00:00;16237
1/11/2022;B;4:00:00;3223
2/11/2022;A;4:00:00;16989
2/11/2022;B;4:00:00;3335
3/11/2022;A;4:00:00;16835
3/11/2022;B;4:00:00;3268
4/11/2022;A;4:00:00;16599
4/11/2022;B;4:00:00;3364
5/11/2022;A;4:00:00;13183
5/11/2022;B;4:00:00;2502
6/11/2022;A;4:00:00;3712
6/11/2022;B;4:00:00;679
7/11/2022;A;4:00:00;4249
7/11/2022;B;4:00:00;743
8/11/2022;A;4:00:00;16747
8/11/2022;B;4:00:00;3688
9/11/2022;A;4:00:00;16624
9/11/2022;B;4:00:00;3262
10/11/2022;A;4:00:00;16853
10/11/2022;B;4:00:00;3294
11/11/2022;A;4:00:00;16652
11/11/2022;B;4:00:00;3335
12/11/2022;A;4:00:00;13231
12/11/2022;B;4:00:00;2548
13/11/2022;A;4:00:00;3907
13/11/2022;B;4:00:00;736
14/11/2022;A;4:00:00;3944
14/11/2022;B;4:00:00;753
15/11/2022;A;4:00:00;17344
15/11/2022;B;4:00:00;3449
16/11/2022;A;4:00:00;16410
16/11/2022;B;4:00:00;3331
17/11/2022;A;4:00:00;16817
17/11/2022;B;4:00:00;3269
18/11/2022;A;4:00:00;16784
18/11/2022;B;4:00:00;3171
19/11/2022;A;4:00:00;13212
19/11/2022;B;4:00:00;2622
20/11/2022;A;4:00:00;3598
20/11/2022;B;4:00:00;726
21/11/2022;A;4:00:00;16650
21/11/2022;B;4:00:00;3147
22/11/2022;A;4:00:00;16800
22/11/2022;B;4:00:00;3176
23/11/2022;A;4:00:00;16430
23/11/2022;B;4:00:00;3191
24/11/2022;A;4:00:00;16405
24/11/2022;B;4:00:00;3100
25/11/2022;A;4:00:00;16552
25/11/2022;B;4:00:00;3088
26/11/2022;A;4:00:00;13522
26/11/2022;B;4:00:00;2429
27/11/2022;A;4:00:00;3888
27/11/2022;B;4:00:00;700
28/11/2022;A;4:00:00;16484
28/11/2022;B;4:00:00;3154
29/11/2022;A;4:00:00;16606
29/11/2022;B;4:00:00;3265
30/11/2022;A;4:00:00;16025
30/11/2022;B;4:00:00;3119
1/12/2022;A;4:00:00;15761
1/12/2022;B;4:00:00;3152
2/12/2022;A;4:00:00;15892
2/12/2022;B;4:00:00;3167
3/12/2022;A;4:00:00;13105
3/12/2022;B;4:00:00;2458
4/12/2022;A;4:00:00;4021
4/12/2022;B;4:00:00;804
5/12/2022;A;4:00:00;16439
5/12/2022;B;4:00:00;3162
6/12/2022;A;4:00:00;16095
6/12/2022;B;4:00:00;3257
7/12/2022;A;4:00:00;16035
7/12/2022;B;4:00:00;3231
8/12/2022;A;4:00:00;4168
8/12/2022;B;4:00:00;769
9/12/2022;A;4:00:00;14628
9/12/2022;B;4:00:00;2935
10/12/2022;A;4:00:00;12555
10/12/2022;B;4:00:00;2311
11/12/2022;A;4:00:00;4126
11/12/2022;B;4:00:00;1953
12/12/2022;A;4:00:00;15816
12/12/2022;B;4:00:00;3168
13/12/2022;A;4:00:00;16015
13/12/2022;B;4:00:00;3205
14/12/2022;A;4:00:00;15980
14/12/2022;B;4:00:00;3161
15/12/2022;A;4:00:00;16017
15/12/2022;B;4:00:00;3079
16/12/2022;A;4:00:00;15276
16/12/2022;B;4:00:00;3060
17/12/2022;A;4:00:00;12026
17/12/2022;B;4:00:00;2293
18/12/2022;A;4:00:00;3775
18/12/2022;B;4:00:00;837
19/12/2022;A;4:00:00;15156
19/12/2022;B;4:00:00;2985
20/12/2022;A;4:00:00;15008
20/12/2022;B;4:00:00;2917
21/12/2022;A;4:00:00;14861
21/12/2022;B;4:00:00;2930
22/12/2022;A;4:00:00;14312
22/12/2022;B;4:00:00;2776
23/12/2022;A;4:00:00;13363
23/12/2022;B;4:00:00;2595
24/12/2022;A;4:00:00;8047
24/12/2022;B;4:00:00;1435
25/12/2022;A;4:00:00;1511
25/12/2022;B;4:00:00;293
26/12/2022;A;4:00:00;11277
26/12/2022;B;4:00:00;2051
27/12/2022;A;4:00:00;12164
27/12/2022;B;4:00:00;2145
28/12/2022;A;4:00:00;11792
28/12/2022;B;4:00:00;2182
29/12/2022;A;4:00:00;11626
29/12/2022;B;4:00:00;2129
30/12/2022;A;4:00:00;10822
30/12/2022;B;4:00:00;1999
31/12/2022;A;4:00:00;6084
31/12/2022;B;4:00:00;1161
1/01/2023;A;4:00:00;1328
1/01/2024;B;4:00:00;221
1/02/2023;A;4:00:00;9214
1/02/2023;B;4:00:00;1596
1/03/2023;A;4:00:00;11581
1/03/2023;B;4:00:00;2039
1/04/2023;A;4:00:00;11698
1/04/2023;B;4:00:00;2124
1/05/2023;A;4:00:00;12001
1/05/2023;B;4:00:00;2368
1/06/2023;A;4:00:00;11864
1/06/2023;B;4:00:00;2199
1/07/2023;A;4:00:00;10368
1/07/2023;B;4:00:00;1904
1/08/2023;A;4:00:00;3209
1/08/2023;B;4:00:00;558
1/09/2023;A;4:00:00;3500
1/09/2023;B;4:00:00;574
1/10/2023;A;4:00:00;13705
1/10/2023;B;4:00:00;2593
1/11/2023;A;4:00:00;14685
1/11/2023;B;4:00:00;2726
1/12/2023;A;4:00:00;14142
1/12/2023;B;4:00:00;2789
13/01/2023;A;4:00:00;13972
13/01/2023;B;4:00:00;2656
14/01/2023;A;4:00:00;11550
14/01/2023;B;4:00:00;2178
15/01/2023;A;4:00:00;3461
15/01/2023;B;4:00:00;562
16/01/2023;A;4:00:00;14918
16/01/2023;B;4:00:00;2915
17/01/2023;A;4:00:00;15010
17/01/2023;B;4:00:00;2912
18/01/2023;A;4:00:00;14669
18/01/2023;B;4:00:00;3033
19/01/2023;A;4:00:00;14937
19/01/2023;B;4:00:00;3006
20/01/2023;A;4:00:00;14967
20/01/2023;B;4:00:00;2962
21/01/2023;A;4:00:00;11451
21/01/2023;B;4:00:00;2308
22/01/2023;A;4:00:00;3438
22/01/2023;B;4:00:00;631
23/01/2023;A;4:00:00;15727
23/01/2023;B;4:00:00;3144
24/01/2023;A;4:00:00;15534
24/01/2023;B;4:00:00;3219
25/01/2023;A;4:00:00;15505
25/01/2023;B;4:00:00;3101
26/01/2023;A;4:00:00;15440
26/01/2023;B;4:00:00;3015
27/01/2023;A;4:00:00;15369
27/01/2023;B;4:00:00;3104
28/01/2023;A;4:00:00;11956
28/01/2023;B;4:00:00;2271
29/01/2023;A;4:00:00;3337
29/01/2023;B;4:00:00;570
30/01/2023;A;4:00:00;16019
30/01/2023;B;4:00:00;3235
31/01/2023;A;4:00:00;15269
31/01/2023;B;4:00:00;3095
2/01/2023;A;4:00:00;15454
2/01/2023;B;4:00:00;2922
2/02/2023;A;4:00:00;15443
2/02/2023;B;4:00:00;3136
2/03/2023;A;4:00:00;15528
2/03/2023;B;4:00:00;3074
2/04/2023;A;4:00:00;11937
2/04/2023;B;4:00:00;2247
2/05/2023;A;4:00:00;3471
2/05/2023;B;4:00:00;721
2/06/2023;A;4:00:00;16227
2/06/2023;B;4:00:00;3261
2/07/2023;A;4:00:00;16285
2/07/2023;B;4:00:00;3105
2/08/2023;A;4:00:00;15998
2/08/2023;B;4:00:00;3137
2/09/2023;A;4:00:00;16168
2/09/2023;B;4:00:00;3158
2/10/2023;A;4:00:00;15929
2/10/2023;B;4:00:00;3095
2/11/2023;A;4:00:00;11927
2/11/2023;B;4:00:00;2333
2/12/2023;A;4:00:00;3940
2/12/2023;B;4:00:00;649
13/02/2023;A;4:00:00;16240
13/02/2023;B;4:00:00;3310
14/02/2023;A;4:00:00;16246
14/02/2023;B;4:00:00;3144
15/02/2023;A;4:00:00;15793
15/02/2023;B;4:00:00;3135
16/02/2023;A;4:00:00;15877
16/02/2023;B;4:00:00;3059
17/02/2023;A;4:00:00;15831
17/02/2023;B;4:00:00;3101
18/02/2023;A;4:00:00;12200
18/02/2023;B;4:00:00;2279
19/02/2023;A;4:00:00;3629
19/02/2023;B;4:00:00;684
20/02/2023;A;4:00:00;17050
20/02/2023;B;4:00:00;3299
21/02/2023;A;4:00:00;16713
21/02/2023;B;4:00:00;3185
22/02/2023;A;4:00:00;17198
22/02/2023;B;4:00:00;3148
23/02/2023;A;4:00:00;16783
23/02/2023;B;4:00:00;3440
24/02/2023;A;4:00:00;16225
24/02/2023;B;4:00:00;3278
25/02/2023;A;4:00:00;12257
25/02/2023;B;4:00:00;2341
26/02/2023;A;4:00:00;3530
26/02/2023;B;4:00:00;1746
27/02/2023;A;4:00:00;17015
27/02/2023;B;4:00:00;3354
28/02/2023;A;4:00:00;16445
28/02/2023;B;4:00:00;3132
3/01/2023;A;4:00:00;16629
3/01/2023;B;4:00:00;3152
3/02/2023;A;4:00:00;16432
3/02/2023;B;4:00:00;3144
3/03/2023;A;4:00:00;16383
3/03/2023;B;4:00:00;3214
3/04/2023;A;4:00:00;12019
3/04/2023;B;4:00:00;2372
3/05/2023;A;4:00:00;3364
3/05/2023;B;4:00:00;679
3/06/2023;A;4:00:00;16059
3/06/2023;B;4:00:00;3253
3/07/2023;A;4:00:00;16432
3/07/2023;B;4:00:00;3314
3/08/2023;A;4:00:00;15030
3/08/2023;B;4:00:00;3191
3/09/2023;A;4:00:00;16212
3/09/2023;B;4:00:00;3172
3/10/2023;A;4:00:00;16206
3/10/2023;B;4:00:00;3157
3/11/2023;A;4:00:00;12264
3/11/2023;B;4:00:00;2296
3/12/2023;A;4:00:00;3473
3/12/2023;B;4:00:00;685
13/03/2023;A;4:00:00;16660
13/03/2023;B;4:00:00;3232
14/03/2023;A;4:00:00;16536
14/03/2023;B;4:00:00;3093
15/03/2023;A;4:00:00;16720
15/03/2023;B;4:00:00;3155
16/03/2023;A;4:00:00;16382
16/03/2023;B;4:00:00;3200
17/03/2023;A;4:00:00;16286
17/03/2023;B;4:00:00;3158
18/03/2023;A;4:00:00;12199
18/03/2023;B;4:00:00;2373
19/03/2023;A;4:00:00;3627
19/03/2023;B;4:00:00;670
20/03/2023;A;4:00:00;3758
20/03/2023;B;4:00:00;752
21/03/2023;A;4:00:00;17093
21/03/2023;B;4:00:00;3448
22/03/2023;A;4:00:00;16699
22/03/2023;B;4:00:00;3297
23/03/2023;A;4:00:00;16419
23/03/2023;B;4:00:00;3294
24/03/2023;A;4:00:00;16395
24/03/2023;B;4:00:00;3285
25/03/2023;A;4:00:00;11987
25/03/2023;B;4:00:00;2381
26/03/2023;A;4:00:00;3802
26/03/2023;B;4:00:00;803
27/03/2023;A;4:00:00;17768
27/03/2023;B;4:00:00;3388
28/03/2023;A;4:00:00;16694
28/03/2023;B;4:00:00;3235
29/03/2023;A;4:00:00;16642
29/03/2023;B;4:00:00;3256
30/03/2023;A;4:00:00;16570
30/03/2023;B;4:00:00;3190
31/03/2023;A;4:00:00;15999
31/03/2023;B;4:00:00;3112
4/01/2023;A;4:00:00;12453
4/01/2023;B;4:00:00;2359
4/02/2023;A;4:00:00;3801
4/02/2023;B;4:00:00;682
4/03/2023;A;4:00:00;15018
4/03/2023;B;4:00:00;2877
4/04/2023;A;4:00:00;14941
4/04/2023;B;4:00:00;2835
4/05/2023;A;4:00:00;14242
4/05/2023;B;4:00:00;2697
4/06/2023;A;4:00:00;4155
4/06/2023;B;4:00:00;730
4/07/2023;A;4:00:00;2987
4/07/2023;B;4:00:00;487
4/08/2023;A;4:00:00;6587
4/08/2023;B;4:00:00;1143
4/09/2023;A;4:00:00;3318
4/09/2023;B;4:00:00;600
4/10/2023;A;4:00:00;17294
4/10/2023;B;4:00:00;3327
4/11/2023;A;4:00:00;16780
4/11/2023;B;4:00:00;3294
4/12/2023;A;4:00:00;16730
4/12/2023;B;4:00:00;3146
13/04/2023;A;4:00:00;16694
13/04/2023;B;4:00:00;3246
14/04/2023;A;4:00:00;16521
14/04/2023;B;4:00:00;3266
15/04/2023;A;4:00:00;12462
15/04/2023;B;4:00:00;2376
16/04/2023;A;4:00:00;3591
16/04/2023;B;4:00:00;724
17/04/2023;A;4:00:00;17200
17/04/2023;B;4:00:00;3285
18/04/2023;A;4:00:00;16417
18/04/2023;B;4:00:00;3192
19/04/2023;A;4:00:00;16517
19/04/2023;B;4:00:00;3347
20/04/2023;A;4:00:00;16460
20/04/2023;B;4:00:00;3258
21/04/2023;A;4:00:00;16165
21/04/2023;B;4:00:00;3217
22/04/2023;A;4:00:00;12415
22/04/2023;B;4:00:00;2441
23/04/2023;A;4:00:00;3716
23/04/2023;B;4:00:00;1513
24/04/2023;A;4:00:00;17237
24/04/2023;B;4:00:00;3318
25/04/2023;A;4:00:00;17122
25/04/2023;B;4:00:00;3284
26/04/2023;A;4:00:00;16793
26/04/2023;B;4:00:00;3276
27/04/2023;A;4:00:00;16430
27/04/2023;B;4:00:00;3264
28/04/2023;A;4:00:00;16261
28/04/2023;B;4:00:00;3115
29/04/2023;A;4:00:00;12303
29/04/2023;B;4:00:00;2384
30/04/2023;A;4:00:00;3328
30/04/2023;B;4:00:00;658
5/01/2023;A;4:00:00;3483
5/01/2023;B;4:00:00;614
5/02/2023;A;4:00:00;17068
5/02/2023;B;4:00:00;3281
5/03/2023;A;4:00:00;16796
5/03/2023;B;4:00:00;3280
5/04/2023;A;4:00:00;16563
5/04/2023;B;4:00:00;3282
5/05/2023;A;4:00:00;16566
5/05/2023;B;4:00:00;3239
5/06/2023;A;4:00:00;12345
5/06/2023;B;4:00:00;2460
5/07/2023;A;4:00:00;4024
5/07/2023;B;4:00:00;697
5/08/2023;A;4:00:00;16982
5/08/2023;B;4:00:00;3334
5/09/2023;A;4:00:00;16882
5/09/2023;B;4:00:00;3410
5/10/2023;A;4:00:00;16986
5/10/2023;B;4:00:00;3480
5/11/2023;A;4:00:00;16754
5/11/2023;B;4:00:00;3328
5/12/2023;A;4:00:00;16772
5/12/2023;B;4:00:00;3233
13/05/2023;A;4:00:00;12670
13/05/2023;B;4:00:00;2368
14/05/2023;A;4:00:00;3175
14/05/2023;B;4:00:00;499
15/05/2023;A;4:00:00;16397
15/05/2023;B;4:00:00;3084
16/05/2023;A;4:00:00;16819
16/05/2023;B;4:00:00;3264
17/05/2023;A;4:00:00;16221
17/05/2023;B;4:00:00;3165
18/05/2023;A;4:00:00;16705
18/05/2023;B;4:00:00;3175
19/05/2023;A;4:00:00;16589
19/05/2023;B;4:00:00;3255
20/05/2023;A;4:00:00;12190
20/05/2023;B;4:00:00;2473
21/05/2023;A;4:00:00;3713
21/05/2023;B;4:00:00;729
22/05/2023;A;4:00:00;3699
22/05/2023;B;4:00:00;712
23/05/2023;A;4:00:00;17306
23/05/2023;B;4:00:00;3305
24/05/2023;A;4:00:00;16784
24/05/2023;B;4:00:00;3230
25/05/2023;A;4:00:00;16752
25/05/2023;B;4:00:00;3316
26/05/2023;A;4:00:00;15990
26/05/2023;B;4:00:00;3222
27/05/2023;A;4:00:00;12431
27/05/2023;B;4:00:00;2323
28/05/2023;A;4:00:00;3666
28/05/2023;B;4:00:00;666
29/05/2023;A;4:00:00;16734
29/05/2023;B;4:00:00;3304
30/05/2023;A;4:00:00;16593
30/05/2023;B;4:00:00;3205
31/05/2023;A;4:00:00;16575
31/05/2023;B;4:00:00;3232
6/01/2023;A;4:00:00;15137
6/01/2023;B;4:00:00;2988
6/02/2023;A;4:00:00;16273
6/02/2023;B;4:00:00;3196
6/03/2023;A;4:00:00;12459
6/03/2023;B;4:00:00;2318
6/04/2023;A;4:00:00;3408
6/04/2023;B;4:00:00;683
6/05/2023;A;4:00:00;17071
6/05/2023;B;4:00:00;3308
6/06/2023;A;4:00:00;16885
6/06/2023;B;4:00:00;3217
6/07/2023;A;4:00:00;16552
6/07/2023;B;4:00:00;3106
6/08/2023;A;4:00:00;15835
6/08/2023;B;4:00:00;3048
6/09/2023;A;4:00:00;16085
6/09/2023;B;4:00:00;3108
6/10/2023;A;4:00:00;12474
6/10/2023;B;4:00:00;2337
6/11/2023;A;4:00:00;3539
6/11/2023;B;4:00:00;656
6/12/2023;A;4:00:00;3845
6/12/2023;B;4:00:00;626
13/06/2023;A;4:00:00;16943
13/06/2023;B;4:00:00;3205
14/06/2023;A;4:00:00;16533
14/06/2023;B;4:00:00;3062
15/06/2023;A;4:00:00;16427
15/06/2023;B;4:00:00;3243
16/06/2023;A;4:00:00;15954
16/06/2023;B;4:00:00;2959
17/06/2023;A;4:00:00;12205
17/06/2023;B;4:00:00;2238
18/06/2023;A;4:00:00;3326
18/06/2023;B;4:00:00;717
19/06/2023;A;4:00:00;3281
19/06/2023;B;4:00:00;632
20/06/2023;A;4:00:00;16679
20/06/2023;B;4:00:00;3193
21/06/2023;A;4:00:00;16346
21/06/2023;B;4:00:00;3190
22/06/2023;A;4:00:00;16058
22/06/2023;B;4:00:00;3102
23/06/2023;A;4:00:00;15542
23/06/2023;B;4:00:00;3029
24/06/2023;A;4:00:00;12511
24/06/2023;B;4:00:00;2365
25/06/2023;A;4:00:00;3699
25/06/2023;B;4:00:00;663
26/06/2023;A;4:00:00;16077
26/06/2023;B;4:00:00;3229
27/06/2023;A;4:00:00;16082
27/06/2023;B;4:00:00;3015
28/06/2023;A;4:00:00;15191
28/06/2023;B;4:00:00;2898
29/06/2023;A;4:00:00;15807
29/06/2023;B;4:00:00;3084
30/06/2023;A;4:00:00;15991
30/06/2023;B;4:00:00;3006
7/01/2023;A;4:00:00;12199
7/01/2023;B;4:00:00;2172
7/02/2023;A;4:00:00;3360
7/02/2023;B;4:00:00;566
7/03/2023;A;4:00:00;3594
7/03/2023;B;4:00:00;647
7/04/2023;A;4:00:00;16359
7/04/2023;B;4:00:00;3082
7/05/2023;A;4:00:00;16256
7/05/2023;B;4:00:00;3094
7/06/2023;A;4:00:00;15953
7/06/2023;B;4:00:00;3109
7/07/2023;A;4:00:00;15945
7/07/2023;B;4:00:00;3037
7/08/2023;A;4:00:00;12118
7/08/2023;B;4:00:00;2252
7/09/2023;A;4:00:00;3519
7/09/2023;B;4:00:00;635
7/10/2023;A;4:00:00;16689
7/10/2023;B;4:00:00;3090
7/11/2023;A;4:00:00;16711
7/11/2023;B;4:00:00;3209
7/12/2023;A;4:00:00;16458
7/12/2023;B;4:00:00;3105
13/07/2023;A;4:00:00;16438
13/07/2023;B;4:00:00;3056
14/07/2023;A;4:00:00;16622
14/07/2023;B;4:00:00;3165
15/07/2023;A;4:00:00;12815
15/07/2023;B;4:00:00;2282
16/07/2023;A;4:00:00;3477
16/07/2023;B;4:00:00;651
17/07/2023;A;4:00:00;16592
17/07/2023;B;4:00:00;3110
18/07/2023;A;4:00:00;16905
18/07/2023;B;4:00:00;3080
19/07/2023;A;4:00:00;16664
19/07/2023;B;4:00:00;3133
20/07/2023;A;4:00:00;5461
20/07/2023;B;4:00:00;1002
21/07/2023;A;4:00:00;15823
21/07/2023;B;4:00:00;2961
22/07/2023;A;4:00:00;11818
22/07/2023;B;4:00:00;2374
23/07/2023;A;4:00:00;3593
23/07/2023;B;4:00:00;570
24/07/2023;A;4:00:00;17356
24/07/2023;B;4:00:00;3154
25/07/2023;A;4:00:00;16953
25/07/2023;B;4:00:00;3275
26/07/2023;A;4:00:00;16870
26/07/2023;B;4:00:00;3267
27/07/2023;A;4:00:00;16447
27/07/2023;B;4:00:00;3230
28/07/2023;A;4:00:00;16286
28/07/2023;B;4:00:00;3213
29/07/2023;A;4:00:00;12703
29/07/2023;B;4:00:00;2654
30/07/2023;A;4:00:00;3490
30/07/2023;B;4:00:00;706
31/07/2023;A;4:00:00;16670
31/07/2023;B;4:00:00;3216
8/01/2023;A;4:00:00;16875
8/01/2023;B;4:00:00;3281
8/02/2023;A;4:00:00;16710
8/02/2023;B;4:00:00;3280
8/03/2023;A;4:00:00;16623
8/03/2023;B;4:00:00;3220
8/04/2023;A;4:00:00;16768
8/04/2023;B;4:00:00;3266
8/05/2023;A;4:00:00;12650
8/05/2023;B;4:00:00;2376
8/06/2023;A;4:00:00;3583
8/06/2023;B;4:00:00;949
8/07/2023;A;4:00:00;3913
8/07/2023;B;4:00:00;697
8/08/2023;A;4:00:00;18676
8/08/2023;B;4:00:00;3496
8/09/2023;A;4:00:00;17290
8/09/2023;B;4:00:00;3222
8/10/2023;A;4:00:00;17108
8/10/2023;B;4:00:00;3287
8/11/2023;A;4:00:00;16790
8/11/2023;B;4:00:00;3175
8/12/2023;A;4:00:00;13179
8/12/2023;B;4:00:00;2416
13/08/2023;A;4:00:00;3784
13/08/2023;B;4:00:00;648
14/08/2023;A;4:00:00;17858
14/08/2023;B;4:00:00;3302
15/08/2023;A;4:00:00;16512
15/08/2023;B;4:00:00;3228
16/08/2023;A;4:00:00;16878
16/08/2023;B;4:00:00;3224
17/08/2023;A;4:00:00;16848
17/08/2023;B;4:00:00;3186
18/08/2023;A;4:00:00;15858
18/08/2023;B;4:00:00;3061
19/08/2023;A;4:00:00;13379
19/08/2023;B;4:00:00;2450
20/08/2023;A;4:00:00;4058
20/08/2023;B;4:00:00;690
21/08/2023;A;4:00:00;3964
21/08/2023;B;4:00:00;709
22/08/2023;A;4:00:00;17945
22/08/2023;B;4:00:00;3234
23/08/2023;A;4:00:00;17625
23/08/2023;B;4:00:00;3231
24/08/2023;A;4:00:00;16941
24/08/2023;B;4:00:00;3207
25/08/2023;A;4:00:00;16489
25/08/2023;B;4:00:00;3097
26/08/2023;A;4:00:00;13140
26/08/2023;B;4:00:00;2410
27/08/2023;A;4:00:00;3968
27/08/2023;B;4:00:00;714
28/08/2023;A;4:00:00;17762
28/08/2023;B;4:00:00;3335
29/08/2023;A;4:00:00;16650
29/08/2023;B;4:00:00;3088
30/08/2023;A;4:00:00;17141
30/08/2023;B;4:00:00;3328
31/08/2023;A;4:00:00;17053
31/08/2023;B;4:00:00;3115
9/01/2023;A;4:00:00;16856
9/01/2023;B;4:00:00;3107
9/02/2023;A;4:00:00;12549
9/02/2023;B;4:00:00;2295
9/03/2023;A;4:00:00;3968
9/03/2023;B;4:00:00;717
9/04/2023;A;4:00:00;16921
9/04/2023;B;4:00:00;3130
9/05/2023;A;4:00:00;17137
9/05/2023;B;4:00:00;3261
9/06/2023;A;4:00:00;17510
9/06/2023;B;4:00:00;3234
9/07/2023;A;4:00:00;17080
9/07/2023;B;4:00:00;3225
9/08/2023;A;4:00:00;16921
9/08/2023;B;4:00:00;3317
9/09/2023;A;4:00:00;12792
9/09/2023;B;4:00:00;2333
9/10/2023;A;4:00:00;3777
9/10/2023;B;4:00:00;667
9/11/2023;A;4:00:00;15782
9/11/2023;B;4:00:00;3127
9/12/2023;A;4:00:00;17058
9/12/2023;B;4:00:00;3319
13/09/2023;A;4:00:00;16831
13/09/2023;B;4:00:00;3231
14/09/2023;A;4:00:00;16866
14/09/2023;B;4:00:00;3221
15/09/2023;A;4:00:00;16982
15/09/2023;B;4:00:00;3248
16/09/2023;A;4:00:00;12376
16/09/2023;B;4:00:00;2262
17/09/2023;A;4:00:00;3161
17/09/2023;B;4:00:00;1115
18/09/2023;A;4:00:00;17029
18/09/2023;B;4:00:00;3315
19/09/2023;A;4:00:00;17045
19/09/2023;B;4:00:00;3176
20/09/2023;A;4:00:00;16804
20/09/2023;B;4:00:00;3233
21/09/2023;A;4:00:00;16805
21/09/2023;B;4:00:00;3202
22/09/2023;A;4:00:00;16647
22/09/2023;B;4:00:00;3177
23/09/2023;A;4:00:00;8084
23/09/2023;B;4:00:00;545
24/09/2023;A;4:00:00;3953
24/09/2023;B;4:00:00;703
25/09/2023;A;4:00:00;17164
25/09/2023;B;4:00:00;3208
26/09/2023;A;4:00:00;16874
26/09/2023;B;4:00:00;3196
27/09/2023;A;4:00:00;18771
27/09/2023;B;4:00:00;3769
28/09/2023;A;4:00:00;19919
28/09/2023;B;4:00:00;4369
29/09/2023;A;4:00:00;16716
29/09/2023;B;4:00:00;3190
30/09/2023;A;4:00:00;12561
30/09/2023;B;4:00:00;2334
10/01/2023;A;4:00:00;3260
10/01/2023;B;4:00:00;689
10/02/2023;A;4:00:00;16909
10/02/2023;B;4:00:00;3280
10/03/2023;A;4:00:00;16325
10/03/2023;B;4:00:00;3063
10/04/2023;A;4:00:00;16857
10/04/2023;B;4:00:00;3164
10/05/2023;A;4:00:00;17060
10/05/2023;B;4:00:00;3190
10/06/2023;A;4:00:00;16499
10/06/2023;B;4:00:00;3117
10/07/2023;A;4:00:00;12606
10/07/2023;B;4:00:00;2347
10/08/2023;A;4:00:00;3870
10/08/2023;B;4:00:00;705
10/09/2023;A;4:00:00;17031
10/09/2023;B;4:00:00;3267
10/10/2023;A;4:00:00;16637
10/10/2023;B;4:00:00;3118
10/11/2023;A;4:00:00;16549
10/11/2023;B;4:00:00;3118
10/12/2023;A;4:00:00;16514
10/12/2023;B;4:00:00;3128
13/10/2023;A;4:00:00;16264
13/10/2023;B;4:00:00;3150
14/10/2023;A;4:00:00;12771
14/10/2023;B;4:00:00;2251
15/10/2023;A;4:00:00;3817
15/10/2023;B;4:00:00;686
16/10/2023;A;4:00:00;3891
16/10/2023;B;4:00:00;714
17/10/2023;A;4:00:00;17715
17/10/2023;B;4:00:00;3359
18/10/2023;A;4:00:00;17337
18/10/2023;B;4:00:00;3199
19/10/2023;A;4:00:00;17146
19/10/2023;B;4:00:00;3240
20/10/2023;A;4:00:00;16057
20/10/2023;B;4:00:00;3132
21/10/2023;A;4:00:00;13045
21/10/2023;B;4:00:00;2426
22/10/2023;A;4:00:00;3952
22/10/2023;B;4:00:00;686
23/10/2023;A;4:00:00;17052
23/10/2023;B;4:00:00;3257
24/10/2023;A;4:00:00;16782
24/10/2023;B;4:00:00;3144
25/10/2023;A;4:00:00;16961
25/10/2023;B;4:00:00;3143
26/10/2023;A;4:00:00;17083
26/10/2023;B;4:00:00;3148
27/10/2023;A;4:00:00;16720
27/10/2023;B;4:00:00;3115
28/10/2023;A;4:00:00;12867
28/10/2023;B;4:00:00;2313
29/10/2023;A;4:00:00;10
29/10/2023;B;4:00:00;12
30/10/2023;A;4:00:00;17355
30/10/2023;B;4:00:00;3734
31/10/2023;A;4:00:00;16529
31/10/2023;B;4:00:00;3663
11/01/2023;A;4:00:00;16084
11/01/2023;B;4:00:00;3486
11/02/2023;A;4:00:00;18058
11/02/2023;B;4:00:00;3638
11/03/2023;A;4:00:00;17804
11/03/2023;B;4:00:00;3514
11/04/2023;A;4:00:00;13655
11/04/2023;B;4:00:00;2702
11/05/2023;A;4:00:00;4840
11/05/2023;B;4:00:00;789
11/06/2023;A;4:00:00;4773
11/06/2023;B;4:00:00;830
11/07/2023;A;4:00:00;19075
11/07/2023;B;4:00:00;3297
11/08/2023;A;4:00:00;18061
11/08/2023;B;4:00:00;3148
11/09/2023;A;4:00:00;18304
11/09/2023;B;4:00:00;3245
11/10/2023;A;4:00:00;18446
11/10/2023;B;4:00:00;3252
11/11/2023;A;4:00:00;13955
11/11/2023;B;4:00:00;2386
11/12/2023;A;4:00:00;4060
11/12/2023;B;4:00:00;712
13/11/2023;A;4:00:00;4360
13/11/2023;B;4:00:00;781
14/11/2023;A;4:00:00;19127
14/11/2023;B;4:00:00;3241
15/11/2023;A;4:00:00;17002
15/11/2023;B;4:00:00;3164
16/11/2023;A;4:00:00;17062
16/11/2023;B;4:00:00;3146
17/11/2023;A;4:00:00;17021
17/11/2023;B;4:00:00;3153
18/11/2023;A;4:00:00;12943
18/11/2023;B;4:00:00;2243
19/11/2023;A;4:00:00;4035
19/11/2023;B;4:00:00;735
20/11/2023;A;4:00:00;17073
20/11/2023;B;4:00:00;3217
21/11/2023;A;4:00:00;16713
21/11/2023;B;4:00:00;3197
22/11/2023;A;4:00:00;16929
22/11/2023;B;4:00:00;3199
23/11/2023;A;4:00:00;16734
23/11/2023;B;4:00:00;3141
24/11/2023;A;4:00:00;16470
24/11/2023;B;4:00:00;3118
25/11/2023;A;4:00:00;12869
25/11/2023;B;4:00:00;2387
26/11/2023;A;4:00:00;4094
26/11/2023;B;4:00:00;753
27/11/2023;A;4:00:00;17094
27/11/2023;B;4:00:00;3217
28/11/2023;A;4:00:00;16894
28/11/2023;B;4:00:00;3026
29/11/2023;A;4:00:00;16545
29/11/2023;B;4:00:00;3082
30/11/2023;A;4:00:00;16644
30/11/2023;B;4:00:00;3061
12/01/2023;A;4:00:00;15969
12/01/2023;B;4:00:00;2955
12/02/2023;A;4:00:00;12432
12/02/2023;B;4:00:00;2299
12/03/2023;A;4:00:00;4117
12/03/2023;B;4:00:00;780
12/04/2023;A;4:00:00;16602
12/04/2023;B;4:00:00;3159
12/05/2023;A;4:00:00;16347
12/05/2023;B;4:00:00;3126
12/06/2023;A;4:00:00;16332
12/06/2023;B;4:00:00;3072
12/07/2023;A;4:00:00;16282
12/07/2023;B;4:00:00;3115
12/08/2023;A;4:00:00;4481
12/08/2023;B;4:00:00;821
12/09/2023;A;4:00:00;9780
12/09/2023;B;4:00:00;1770
12/10/2023;A;4:00:00;3721
12/10/2023;B;4:00:00;1239
12/11/2023;A;4:00:00;17076
12/11/2023;B;4:00:00;3221
12/12/2023;A;4:00:00;16477
12/12/2023;B;4:00:00;3062
13/12/2023;A;4:00:00;16272
13/12/2023;B;4:00:00;3098
14/12/2023;A;4:00:00;32260
14/12/2023;B;4:00:00;6196
15/12/2023;A;4:00:00;15851
15/12/2023;B;4:00:00;2985
16/12/2023;A;4:00:00;12051
16/12/2023;B;4:00:00;2280
17/12/2023;A;4:00:00;4126
17/12/2023;B;4:00:00;727
18/12/2023;A;4:00:00;15623
18/12/2023;B;4:00:00;2889
19/12/2023;A;4:00:00;15419
19/12/2023;B;4:00:00;2906
20/12/2023;A;4:00:00;15428
20/12/2023;B;4:00:00;2926
21/12/2023;A;4:00:00;15069
21/12/2023;B;4:00:00;2834
22/12/2023;A;4:00:00;11062
22/12/2023;B;4:00:00;2321
23/12/2023;A;4:00:00;9902
23/12/2023;B;4:00:00;1834
24/12/2023;A;4:00:00;3286
24/12/2023;B;4:00:00;550
25/12/2023;A;4:00:00;1724
25/12/2023;B;4:00:00;350
26/12/2023;A;4:00:00;11498
26/12/2023;B;4:00:00;2136
27/12/2023;A;4:00:00;12655
27/12/2023;B;4:00:00;2329
28/12/2023;A;4:00:00;12571
28/12/2023;B;4:00:00;2215
29/12/2023;A;4:00:00;11828
29/12/2023;B;4:00:00;2112
30/12/2023;A;4:00:00;8088
30/12/2023;B;4:00:00;1406
31/12/2023;A;4:00:00;2900
31/12/2023;B;4:00:00;456
1/01/2024;A;4:00:00;1460
1/01/2024;B;4:00:00;231
2/01/2024;A;4:00:00;10188
2/01/2024;B;4:00:00;1757
3/01/2024;A;4:00:00;11530
3/01/2024;B;4:00:00;2041
4/01/2024;A;4:00:00;11200
4/01/2024;B;4:00:00;2051
5/01/2024;A;4:00:00;11285
5/01/2024;B;4:00:00;2044
6/01/2024;A;4:00:00;9683
6/01/2024;B;4:00:00;1780
7/01/2024;A;4:00:00;3331
7/01/2024;B;4:00:00;614
8/01/2024;A;4:00:00;3476
8/01/2024;B;4:00:00;638
9/01/2024;A;4:00:00;13626
9/01/2024;B;4:00:00;2455
10/01/2024;A;4:00:00;13643
10/01/2024;B;4:00:00;2615
11/01/2024;A;4:00:00;13646
11/01/2024;B;4:00:00;2506
12/01/2024;A;4:00:00;13728
12/01/2024;B;4:00:00;2549
13/01/2024;A;4:00:00;11112
13/01/2024;B;4:00:00;2056
14/01/2024;A;4:00:00;3671
14/01/2024;B;4:00:00;655
15/01/2024;A;4:00:00;15690
15/01/2024;B;4:00:00;2942
16/01/2024;A;4:00:00;15204
16/01/2024;B;4:00:00;2757
17/01/2024;A;4:00:00;15134
17/01/2024;B;4:00:00;2868
18/01/2024;A;4:00:00;15131
18/01/2024;B;4:00:00;2825
19/01/2024;A;4:00:00;15235
19/01/2024;B;4:00:00;2864
20/01/2024;A;4:00:00;12390
20/01/2024;B;4:00:00;2314
21/01/2024;A;4:00:00;3704
21/01/2024;B;4:00:00;659
22/01/2024;A;4:00:00;16279
22/01/2024;B;4:00:00;3061
23/01/2024;A;4:00:00;15881
23/01/2024;B;4:00:00;2988
24/01/2024;A;4:00:00;15766
24/01/2024;B;4:00:00;3014
25/01/2024;A;4:00:00;15981
25/01/2024;B;4:00:00;2955
26/01/2024;A;4:00:00;15888
26/01/2024;B;4:00:00;2900
27/01/2024;A;4:00:00;13247
27/01/2024;B;4:00:00;2179
28/01/2024;A;4:00:00;3705
28/01/2024;B;4:00:00;604
29/01/2024;A;4:00:00;17816
29/01/2024;B;4:00:00;3085
30/01/2024;A;4:00:00;17367
30/01/2024;B;4:00:00;2937
31/01/2024;A;4:00:00;17130
31/01/2024;B;4:00:00;2986
1/02/2024;A;4:00:00;16281
1/02/2024;B;4:00:00;3035
2/02/2024;A;4:00:00;15868
2/02/2024;B;4:00:00;2939
3/02/2024;A;4:00:00;12195
3/02/2024;B;4:00:00;2172
4/02/2024;A;4:00:00;3932
4/02/2024;B;4:00:00;680
5/02/2024;A;4:00:00;16993
5/02/2024;B;4:00:00;3088
6/02/2024;A;4:00:00;16644
6/02/2024;B;4:00:00;3009
7/02/2024;A;4:00:00;16339
7/02/2024;B;4:00:00;3036
8/02/2024;A;4:00:00;16746
8/02/2024;B;4:00:00;3056
9/02/2024;A;4:00:00;16290
9/02/2024;B;4:00:00;2999
10/02/2024;A;4:00:00;12414
10/02/2024;B;4:00:00;2158
11/02/2024;A;4:00:00;3637
11/02/2024;B;4:00:00;601
12/02/2024;A;4:00:00;16677
12/02/2024;B;4:00:00;3190
13/02/2024;A;4:00:00;16492
13/02/2024;B;4:00:00;3133
14/02/2024;A;4:00:00;16701
14/02/2024;B;4:00:00;3024
15/02/2024;A;4:00:00;16544
15/02/2024;B;4:00:00;3119
16/02/2024;A;4:00:00;16188
16/02/2024;B;4:00:00;3024
17/02/2024;A;4:00:00;13536
17/02/2024;B;4:00:00;2157
18/02/2024;A;4:00:00;4376
18/02/2024;B;4:00:00;713
19/02/2024;A;4:00:00;16773
19/02/2024;B;4:00:00;3158
20/02/2024;A;4:00:00;16825
20/02/2024;B;4:00:00;3110
21/02/2024;A;4:00:00;16457
21/02/2024;B;4:00:00;3068
22/02/2024;A;4:00:00;16438
22/02/2024;B;4:00:00;3091
23/02/2024;A;4:00:00;16307
23/02/2024;B;4:00:00;3042
24/02/2024;A;4:00:00;12467
24/02/2024;B;4:00:00;2265
25/02/2024;A;4:00:00;3868
25/02/2024;B;4:00:00;672
26/02/2024;A;4:00:00;16881
26/02/2024;B;4:00:00;3189
27/02/2024;A;4:00:00;16616
27/02/2024;B;4:00:00;3083
28/02/2024;A;4:00:00;16342
28/02/2024;B;4:00:00;3016
29/02/2024;A;4:00:00;16514
29/02/2024;B;4:00:00;3097
1/03/2024;A;4:00:00;16314
1/03/2024;B;4:00:00;2960
2/03/2024;A;4:00:00;12570
2/03/2024;B;4:00:00;2222
3/03/2024;A;4:00:00;3626
3/03/2024;B;4:00:00;639
4/03/2024;A;4:00:00;16934
4/03/2024;B;4:00:00;3177
5/03/2024;A;4:00:00;16991
5/03/2024;B;4:00:00;3103
6/03/2024;A;4:00:00;16800
6/03/2024;B;4:00:00;3104
7/03/2024;A;4:00:00;16705
7/03/2024;B;4:00:00;3122
8/03/2024;A;4:00:00;16406
8/03/2024;B;4:00:00;3133
9/03/2024;A;4:00:00;12650
9/03/2024;B;4:00:00;2410
10/03/2024;A;4:00:00;3855
10/03/2024;B;4:00:00;718
11/03/2024;A;4:00:00;16798
11/03/2024;B;4:00:00;3260
12/03/2024;A;4:00:00;16788
12/03/2024;B;4:00:00;3214
13/03/2024;A;4:00:00;16729
13/03/2024;B;4:00:00;3144
14/03/2024;A;4:00:00;16813
14/03/2024;B;4:00:00;3146
15/03/2024;A;4:00:00;16740
15/03/2024;B;4:00:00;3206
16/03/2024;A;4:00:00;12817
16/03/2024;B;4:00:00;2356
17/03/2024;A;4:00:00;4013
17/03/2024;B;4:00:00;739
18/03/2024;A;4:00:00;17003
18/03/2024;B;4:00:00;3214
19/03/2024;A;4:00:00;16494
19/03/2024;B;4:00:00;3143
20/03/2024;A;4:00:00;16533
20/03/2024;B;4:00:00;3062
21/03/2024;A;4:00:00;16696
21/03/2024;B;4:00:00;3159
22/03/2024;A;4:00:00;16698
22/03/2024;B;4:00:00;3098
23/03/2024;A;4:00:00;12857
23/03/2024;B;4:00:00;2341
24/03/2024;A;4:00:00;3978
24/03/2024;B;4:00:00;739
25/03/2024;A;4:00:00;4887
25/03/2024;B;4:00:00;858
26/03/2024;A;4:00:00;12660
26/03/2024;B;4:00:00;2340
27/03/2024;A;4:00:00;11819
27/03/2024;B;4:00:00;2258
28/03/2024;A;4:00:00;4066
28/03/2024;B;4:00:00;668
29/03/2024;A;4:00:00;3055
29/03/2024;B;4:00:00;502
30/03/2024;A;4:00:00;6573
30/03/2024;B;4:00:00;1157
31/03/2024;A;4:00:00;3473
31/03/2024;B;4:00:00;584
1/04/2024;A;4:00:00;17066
1/04/2024;B;4:00:00;3194
2/04/2024;A;4:00:00;16575
2/04/2024;B;4:00:00;3142
3/04/2024;A;4:00:00;16460
3/04/2024;B;4:00:00;3101
4/04/2024;A;4:00:00;16299
4/04/2024;B;4:00:00;3084
5/04/2024;A;4:00:00;16168
5/04/2024;B;4:00:00;3039
6/04/2024;A;4:00:00;12206
6/04/2024;B;4:00:00;2251
7/04/2024;A;4:00:00;3706
7/04/2024;B;4:00:00;648
8/04/2024;A;4:00:00;16743
8/04/2024;B;4:00:00;3130
9/04/2024;A;4:00:00;16572
9/04/2024;B;4:00:00;3140
10/04/2024;A;4:00:00;16490
10/04/2024;B;4:00:00;3068
11/04/2024;A;4:00:00;16546
11/04/2024;B;4:00:00;3117
12/04/2024;A;4:00:00;16999
12/04/2024;B;4:00:00;3077
13/04/2024;A;4:00:00;12529
13/04/2024;B;4:00:00;2260
14/04/2024;A;4:00:00;3689
14/04/2024;B;4:00:00;646
15/04/2024;A;4:00:00;16818
15/04/2024;B;4:00:00;3263
16/04/2024;A;4:00:00;16676
16/04/2024;B;4:00:00;3152
17/04/2024;A;4:00:00;16372
17/04/2024;B;4:00:00;3028
18/04/2024;A;4:00:00;16570
18/04/2024;B;4:00:00;3058
19/04/2024;A;4:00:00;16257
19/04/2024;B;4:00:00;2999
20/04/2024;A;4:00:00;12250
20/04/2024;B;4:00:00;2315
21/04/2024;A;4:00:00;3845
21/04/2024;B;4:00:00;889
22/04/2024;A;4:00:00;16220
22/04/2024;B;4:00:00;3155
23/04/2024;A;4:00:00;16670
23/04/2024;B;4:00:00;3161
24/04/2024;A;4:00:00;16264
24/04/2024;B;4:00:00;3044
25/04/2024;A;4:00:00;16802
25/04/2024;B;4:00:00;3287
26/04/2024;A;4:00:00;15728
26/04/2024;B;4:00:00;3034
27/04/2024;A;4:00:00;12432
27/04/2024;B;4:00:00;2390
28/04/2024;A;4:00:00;3491
28/04/2024;B;4:00:00;646
29/04/2024;A;4:00:00;17092
29/04/2024;B;4:00:00;3244
30/04/2024;A;4:00:00;16660
30/04/2024;B;4:00:00;3114
1/05/2024;A;4:00:00;4997
1/05/2024;B;4:00:00;824
2/05/2024;A;4:00:00;16517
2/05/2024;B;4:00:00;3079
3/05/2024;A;4:00:00;16491
3/05/2024;B;4:00:00;3056
4/05/2024;A;4:00:00;11043
4/05/2024;B;4:00:00;2002
5/05/2024;A;4:00:00;3734
5/05/2024;B;4:00:00;651
6/05/2024;A;4:00:00;16883
6/05/2024;B;4:00:00;3146
7/05/2024;A;4:00:00;16500
7/05/2024;B;4:00:00;3111
8/05/2024;A;4:00:00;16149
8/05/2024;B;4:00:00;3078
9/05/2024;A;4:00:00;15438
9/05/2024;B;4:00:00;3013
10/05/2024;A;4:00:00;16139
10/05/2024;B;4:00:00;3021
11/05/2024;A;4:00:00;12248
11/05/2024;B;4:00:00;2267
12/05/2024;A;4:00:00;3731
12/05/2024;B;4:00:00;574
13/05/2024;A;4:00:00;3740
13/05/2024;B;4:00:00;681
14/05/2024;A;4:00:00;17245
14/05/2024;B;4:00:00;3258
15/05/2024;A;4:00:00;15212
15/05/2024;B;4:00:00;2979
16/05/2024;A;4:00:00;16353
16/05/2024;B;4:00:00;3128
17/05/2024;A;4:00:00;16577
17/05/2024;B;4:00:00;3073
18/05/2024;A;4:00:00;12480
18/05/2024;B;4:00:00;2319
19/05/2024;A;4:00:00;3821
19/05/2024;B;4:00:00;703
20/05/2024;A;4:00:00;16784
20/05/2024;B;4:00:00;3187
21/05/2024;A;4:00:00;16399
21/05/2024;B;4:00:00;3049
22/05/2024;A;4:00:00;16482
22/05/2024;B;4:00:00;3001
23/05/2024;A;4:00:00;16461
23/05/2024;B;4:00:00;3060
24/05/2024;A;4:00:00;16096
24/05/2024;B;4:00:00;2959
25/05/2024;A;4:00:00;12583
25/05/2024;B;4:00:00;2308
26/05/2024;A;4:00:00;3770
26/05/2024;B;4:00:00;755
27/05/2024;A;4:00:00;16717
27/05/2024;B;4:00:00;3218
28/05/2024;A;4:00:00;16338
28/05/2024;B;4:00:00;3077
29/05/2024;A;4:00:00;16086
29/05/2024;B;4:00:00;2944
30/05/2024;A;4:00:00;16554
30/05/2024;B;4:00:00;3096
31/05/2024;A;4:00:00;15652
31/05/2024;B;4:00:00;2992
1/06/2024;A;4:00:00;12165
1/06/2024;B;4:00:00;2218
2/06/2024;A;4:00:00;3668
2/06/2024;B;4:00:00;679
3/06/2024;A;4:00:00;3725
3/06/2024;B;4:00:00;667
4/06/2024;A;4:00:00;17242
4/06/2024;B;4:00:00;3169
5/06/2024;A;4:00:00;16299
5/06/2024;B;4:00:00;3088
6/06/2024;A;4:00:00;16357
6/06/2024;B;4:00:00;3072
7/06/2024;A;4:00:00;16415
7/06/2024;B;4:00:00;3014
8/06/2024;A;4:00:00;13108
8/06/2024;B;4:00:00;2289
9/06/2024;A;4:00:00;3618
9/06/2024;B;4:00:00;691
10/06/2024;A;4:00:00;4231
10/06/2024;B;4:00:00;719
11/06/2024;A;4:00:00;17493
11/06/2024;B;4:00:00;3224
12/06/2024;A;4:00:00;16915
12/06/2024;B;4:00:00;3064
13/06/2024;A;4:00:00;16898
13/06/2024;B;4:00:00;3047
14/06/2024;A;4:00:00;16475
14/06/2024;B;4:00:00;3020
15/06/2024;A;4:00:00;12475
15/06/2024;B;4:00:00;2199
16/06/2024;A;4:00:00;3160
16/06/2024;B;4:00:00;643
17/06/2024;A;4:00:00;15544
17/06/2024;B;4:00:00;2971
18/06/2024;A;4:00:00;15889
18/06/2024;B;4:00:00;2936
19/06/2024;A;4:00:00;15532
19/06/2024;B;4:00:00;2929
20/06/2024;A;4:00:00;15499
20/06/2024;B;4:00:00;2832
21/06/2024;A;4:00:00;15581
21/06/2024;B;4:00:00;2948
22/06/2024;A;4:00:00;11928
22/06/2024;B;4:00:00;2197
23/06/2024;A;4:00:00;3629
23/06/2024;B;4:00:00;766
24/06/2024;A;4:00:00;15970
24/06/2024;B;4:00:00;3018
25/06/2024;A;4:00:00;15872
25/06/2024;B;4:00:00;2963
26/06/2024;A;4:00:00;15238
26/06/2024;B;4:00:00;2882
27/06/2024;A;4:00:00;17084
27/06/2024;B;4:00:00;2865
28/06/2024;A;4:00:00;16765
28/06/2024;B;4:00:00;2849
29/06/2024;A;4:00:00;12847
29/06/2024;B;4:00:00;2161
30/06/2024;A;4:00:00;3531
30/06/2024;B;4:00:00;622
1/07/2024;A;4:00:00;3936
1/07/2024;B;4:00:00;649
2/07/2024;A;4:00:00;17075
2/07/2024;B;4:00:00;2909
3/07/2024;A;4:00:00;16792
3/07/2024;B;4:00:00;2863
4/07/2024;A;4:00:00;16614
4/07/2024;B;4:00:00;2925
5/07/2024;A;4:00:00;16852
5/07/2024;B;4:00:00;2911
6/07/2024;A;4:00:00;13366
6/07/2024;B;4:00:00;2127
7/07/2024;A;4:00:00;3702
7/07/2024;B;4:00:00;823
8/07/2024;A;4:00:00;17813
8/07/2024;B;4:00:00;3096
9/07/2024;A;4:00:00;17747
9/07/2024;B;4:00:00;3075
10/07/2024;A;4:00:00;17681
10/07/2024;B;4:00:00;3117
11/07/2024;A;4:00:00;17093
11/07/2024;B;4:00:00;3116
12/07/2024;A;4:00:00;17182
12/07/2024;B;4:00:00;3041
13/07/2024;A;4:00:00;13522
13/07/2024;B;4:00:00;2275
14/07/2024;A;4:00:00;3749
14/07/2024;B;4:00:00;680
15/07/2024;A;4:00:00;15901
15/07/2024;B;4:00:00;2875
16/07/2024;A;4:00:00;17191
16/07/2024;B;4:00:00;3060
17/07/2024;A;4:00:00;16948
17/07/2024;B;4:00:00;3045
18/07/2024;A;4:00:00;17214
18/07/2024;B;4:00:00;3025
19/07/2024;A;4:00:00;16593
19/07/2024;B;4:00:00;3043
20/07/2024;A;4:00:00;5686
20/07/2024;B;4:00:00;943
21/07/2024;A;4:00:00;3538
21/07/2024;B;4:00:00;603
22/07/2024;A;4:00:00;17089
22/07/2024;B;4:00:00;3185
23/07/2024;A;4:00:00;16361
23/07/2024;B;4:00:00;3074
24/07/2024;A;4:00:00;16426
24/07/2024;B;4:00:00;3049
25/07/2024;A;4:00:00;16535
25/07/2024;B;4:00:00;2986
26/07/2024;A;4:00:00;16580
26/07/2024;B;4:00:00;3102
27/07/2024;A;4:00:00;12268
27/07/2024;B;4:00:00;2215
28/07/2024;A;4:00:00;3876
28/07/2024;B;4:00:00;657
29/07/2024;A;4:00:00;16812
29/07/2024;B;4:00:00;3131
30/07/2024;A;4:00:00;16723
30/07/2024;B;4:00:00;3088
31/07/2024;A;4:00:00;16381
31/07/2024;B;4:00:00;3097
1/08/2024;A;4:00:00;16636
1/08/2024;B;4:00:00;3029
2/08/2024;A;4:00:00;16372
2/08/2024;B;4:00:00;3027
3/08/2024;A;4:00:00;12305
3/08/2024;B;4:00:00;2228
4/08/2024;A;4:00:00;3908
4/08/2024;B;4:00:00;1010
5/08/2024;A;4:00:00;17045
5/08/2024;B;4:00:00;3148
6/08/2024;A;4:00:00;16503
6/08/2024;B;4:00:00;3001
7/08/2024;A;4:00:00;5715
7/08/2024;B;4:00:00;980
8/08/2024;A;4:00:00;17379
8/08/2024;B;4:00:00;3145
9/08/2024;A;4:00:00;16946
9/08/2024;B;4:00:00;3270
10/08/2024;A;4:00:00;12484
10/08/2024;B;4:00:00;2270
11/08/2024;A;4:00:00;3978
11/08/2024;B;4:00:00;754
12/08/2024;A;4:00:00;17271
12/08/2024;B;4:00:00;3285
13/08/2024;A;4:00:00;16734
13/08/2024;B;4:00:00;3052
14/08/2024;A;4:00:00;17049
14/08/2024;B;4:00:00;3082
15/08/2024;A;4:00:00;16936
15/08/2024;B;4:00:00;3158
16/08/2024;A;4:00:00;16593
16/08/2024;B;4:00:00;3002
17/08/2024;A;4:00:00;12482
17/08/2024;B;4:00:00;2303
18/08/2024;A;4:00:00;3957
18/08/2024;B;4:00:00;727
19/08/2024;A;4:00:00;4236
19/08/2024;B;4:00:00;786
20/08/2024;A;4:00:00;17759
20/08/2024;B;4:00:00;3277
21/08/2024;A;4:00:00;16676
21/08/2024;B;4:00:00;3087
22/08/2024;A;4:00:00;17002
22/08/2024;B;4:00:00;3231
23/08/2024;A;4:00:00;16721
23/08/2024;B;4:00:00;3074
24/08/2024;A;4:00:00;12548
24/08/2024;B;4:00:00;2388
25/08/2024;A;4:00:00;3990
25/08/2024;B;4:00:00;725
26/08/2024;A;4:00:00;17403
26/08/2024;B;4:00:00;3854
27/08/2024;A;4:00:00;17423
27/08/2024;B;4:00:00;3753
28/08/2024;A;4:00:00;16568
28/08/2024;B;4:00:00;3661
29/08/2024;A;4:00:00;16984
29/08/2024;B;4:00:00;3727
30/08/2024;A;4:00:00;16976
30/08/2024;B;4:00:00;3512
31/08/2024;A;4:00:00;12454
31/08/2024;B;4:00:00;2727
1/09/2024;A;4:00:00;4657
1/09/2024;B;4:00:00;1050
2/09/2024;A;4:00:00;16889
2/09/2024;B;4:00:00;3093
3/09/2024;A;4:00:00;16147
3/09/2024;B;4:00:00;3018
4/09/2024;A;4:00:00;16757
4/09/2024;B;4:00:00;3080
5/09/2024;A;4:00:00;16114
5/09/2024;B;4:00:00;3053
6/09/2024;A;4:00:00;17146
6/09/2024;B;4:00:00;2966
7/09/2024;A;4:00:00;12668
7/09/2024;B;4:00:00;2356
8/09/2024;A;4:00:00;3784
8/09/2024;B;4:00:00;701
9/09/2024;A;4:00:00;17189
9/09/2024;B;4:00:00;3218
10/09/2024;A;4:00:00;17125
10/09/2024;B;4:00:00;3187
11/09/2024;A;4:00:00;17229
11/09/2024;B;4:00:00;3147
12/09/2024;A;4:00:00;16949
12/09/2024;B;4:00:00;3227
13/09/2024;A;4:00:00;16680
13/09/2024;B;4:00:00;3161
14/09/2024;A;4:00:00;12716
14/09/2024;B;4:00:00;2249
15/09/2024;A;4:00:00;3919
15/09/2024;B;4:00:00;725
16/09/2024;A;4:00:00;17076
16/09/2024;B;4:00:00;3093
17/09/2024;A;4:00:00;16562
17/09/2024;B;4:00:00;2999
18/09/2024;A;4:00:00;16909
18/09/2024;B;4:00:00;3060
19/09/2024;A;4:00:00;16979
19/09/2024;B;4:00:00;3144
20/09/2024;A;4:00:00;17074
20/09/2024;B;4:00:00;3093
21/09/2024;A;4:00:00;14056
21/09/2024;B;4:00:00;2340
22/09/2024;A;4:00:00;3682
22/09/2024;B;4:00:00;775
23/09/2024;A;4:00:00;17192
23/09/2024;B;4:00:00;3249
24/09/2024;A;4:00:00;16966
24/09/2024;B;4:00:00;3103
25/09/2024;A;4:00:00;16891
25/09/2024;B;4:00:00;3124
26/09/2024;A;4:00:00;16780
26/09/2024;B;4:00:00;3116
27/09/2024;A;4:00:00;17283
27/09/2024;B;4:00:00;3126
28/09/2024;A;4:00:00;12776
28/09/2024;B;4:00:00;2326
29/09/2024;A;4:00:00;3738
29/09/2024;B;4:00:00;747
30/09/2024;A;4:00:00;17495
30/09/2024;B;4:00:00;3193
1/10/2024;A;4:00:00;17042
1/10/2024;B;4:00:00;3082
2/10/2024;A;4:00:00;16513
2/10/2024;B;4:00:00;3093
3/10/2024;A;4:00:00;17180
3/10/2024;B;4:00:00;3157
4/10/2024;A;4:00:00;16591
4/10/2024;B;4:00:00;3090
5/10/2024;A;4:00:00;12578
5/10/2024;B;4:00:00;2325
6/10/2024;A;4:00:00;3822
6/10/2024;B;4:00:00;732
7/10/2024;A;4:00:00;16895
7/10/2024;B;4:00:00;3064
8/10/2024;A;4:00:00;16585
8/10/2024;B;4:00:00;3107
9/10/2024;A;4:00:00;16440
9/10/2024;B;4:00:00;3013
10/10/2024;A;4:00:00;16182
10/10/2024;B;4:00:00;3007
11/10/2024;A;4:00:00;16268
11/10/2024;B;4:00:00;2976
12/10/2024;A;4:00:00;12556
12/10/2024;B;4:00:00;2231
13/10/2024;A;4:00:00;3858
13/10/2024;B;4:00:00;653
14/10/2024;A;4:00:00;4062
14/10/2024;B;4:00:00;803
15/10/2024;A;4:00:00;17869
15/10/2024;B;4:00:00;3312
16/10/2024;A;4:00:00;17370
16/10/2024;B;4:00:00;3085
17/10/2024;A;4:00:00;16775
17/10/2024;B;4:00:00;3082
18/10/2024;A;4:00:00;16990
18/10/2024;B;4:00:00;3152
19/10/2024;A;4:00:00;13053
19/10/2024;B;4:00:00;2316
20/10/2024;A;4:00:00;3882
20/10/2024;B;4:00:00;703
21/10/2024;A;4:00:00;17310
21/10/2024;B;4:00:00;3228
22/10/2024;A;4:00:00;16569
22/10/2024;B;4:00:00;3116
23/10/2024;A;4:00:00;16713
23/10/2024;B;4:00:00;3049
24/10/2024;A;4:00:00;16350
24/10/2024;B;4:00:00;3030
25/10/2024;A;4:00:00;16697
25/10/2024;B;4:00:00;3027
26/10/2024;A;4:00:00;12752
26/10/2024;B;4:00:00;2411
27/10/2024;A;4:00:00;4004
27/10/2024;B;4:00:00;686
28/10/2024;A;4:00:00;17365
28/10/2024;B;4:00:00;3176
29/10/2024;A;4:00:00;17068
29/10/2024;B;4:00:00;3107
30/10/2024;A;4:00:00;17038
30/10/2024;B;4:00:00;3156
31/10/2024;A;4:00:00;16782
31/10/2024;B;4:00:00;3074
1/01/2019;A;5:00:00;4554
2/01/2019;A;5:00:00;24595
3/01/2019;A;5:00:00;27058
4/01/2019;A;5:00:00;27254
5/01/2019;A;5:00:00;20437
6/01/2019;A;5:00:00;9296
7/01/2019;A;5:00:00;8552
8/01/2019;A;5:00:00;34280
9/01/2019;A;5:00:00;34009
10/01/2019;A;5:00:00;34824
11/01/2019;A;5:00:00;34774
12/01/2019;A;5:00:00;25145
13/01/2019;A;5:00:00;9295
14/01/2019;A;5:00:00;37972
15/01/2019;A;5:00:00;38789
16/01/2019;A;5:00:00;38351
17/01/2019;A;5:00:00;39497
18/01/2019;A;5:00:00;38876
19/01/2019;A;5:00:00;26737
20/01/2019;A;5:00:00;10055
21/01/2019;A;5:00:00;42538
22/01/2019;A;5:00:00;42444
23/01/2019;A;5:00:00;42669
24/01/2019;A;5:00:00;42547
25/01/2019;A;5:00:00;42148
26/01/2019;A;5:00:00;28233
27/01/2019;A;5:00:00;10624
28/01/2019;A;5:00:00;43153
29/01/2019;A;5:00:00;43814
30/01/2019;A;5:00:00;43554
31/01/2019;A;5:00:00;43514
1/02/2019;A;5:00:00;42766
2/02/2019;A;5:00:00;28567
3/02/2019;A;5:00:00;9705
4/02/2019;A;5:00:00;46495
5/02/2019;A;5:00:00;47810
6/02/2019;A;5:00:00;47640
7/02/2019;A;5:00:00;47796
8/02/2019;A;5:00:00;46684
9/02/2019;A;5:00:00;29839
10/02/2019;A;5:00:00;9917
11/02/2019;A;5:00:00;47192
12/02/2019;A;5:00:00;50238
13/02/2019;A;5:00:00;48900
14/02/2019;A;5:00:00;47032
15/02/2019;A;5:00:00;49305
16/02/2019;A;5:00:00;30460
17/02/2019;A;5:00:00;9831
18/02/2019;A;5:00:00;47644
19/02/2019;A;5:00:00;48979
20/02/2019;A;5:00:00;48285
21/02/2019;A;5:00:00;49667
22/02/2019;A;5:00:00;48969
23/02/2019;A;5:00:00;30667
24/02/2019;A;5:00:00;10645
25/02/2019;A;5:00:00;48673
26/02/2019;A;5:00:00;50367
27/02/2019;A;5:00:00;49358
28/02/2019;A;5:00:00;49085
1/03/2019;A;5:00:00;47936
2/03/2019;A;5:00:00;30084
3/03/2019;A;5:00:00;10070
4/03/2019;A;5:00:00;47799
5/03/2019;A;5:00:00;50074
6/03/2019;A;5:00:00;55201
7/03/2019;A;5:00:00;55002
8/03/2019;A;5:00:00;53970
9/03/2019;A;5:00:00;31266
10/03/2019;A;5:00:00;10820
11/03/2019;A;5:00:00;48660
12/03/2019;A;5:00:00;49571
13/03/2019;A;5:00:00;5214
14/03/2019;A;5:00:00;48534
15/03/2019;A;5:00:00;47906
16/03/2019;A;5:00:00;30030
17/03/2019;A;5:00:00;10031
18/03/2019;A;5:00:00;51640
19/03/2019;A;5:00:00;52244
20/03/2019;A;5:00:00;52522
21/03/2019;A;5:00:00;48835
22/03/2019;A;5:00:00;48032
23/03/2019;A;5:00:00;30839
24/03/2019;A;5:00:00;10755
25/03/2019;A;5:00:00;10420
26/03/2019;A;5:00:00;50276
27/03/2019;A;5:00:00;49535
28/03/2019;A;5:00:00;48907
29/03/2019;A;5:00:00;52273
30/03/2019;A;5:00:00;32134
31/03/2019;A;5:00:00;10714
1/04/2019;A;5:00:00;48373
2/04/2019;A;5:00:00;47486
3/04/2019;A;5:00:00;49744
4/04/2019;A;5:00:00;49744
5/04/2019;A;5:00:00;46859
6/04/2019;A;5:00:00;32022
7/04/2019;A;5:00:00;11020
8/04/2019;A;5:00:00;48451
9/04/2019;A;5:00:00;48088
10/04/2019;A;5:00:00;49858
11/04/2019;A;5:00:00;48710
12/04/2019;A;5:00:00;47694
13/04/2019;A;5:00:00;31548
14/04/2019;A;5:00:00;11804
15/04/2019;A;5:00:00;37899
16/04/2019;A;5:00:00;38179
17/04/2019;A;5:00:00;35770
18/04/2019;A;5:00:00;10852
19/04/2019;A;5:00:00;7357
20/04/2019;A;5:00:00;13808
21/04/2019;A;5:00:00;8386
22/04/2019;A;5:00:00;44995
23/04/2019;A;5:00:00;54453
24/04/2019;A;5:00:00;49507
25/04/2019;A;5:00:00;11243
26/04/2019;A;5:00:00;
27/04/2019;A;5:00:00;18145
28/04/2019;A;5:00:00;11419
29/04/2019;A;5:00:00;47557
30/04/2019;A;5:00:00;49053
1/05/2019;A;5:00:00;13444
2/05/2019;A;5:00:00;49276
3/05/2019;A;5:00:00;48339
4/05/2019;A;5:00:00;30851
5/05/2019;A;5:00:00;10425
6/05/2019;A;5:00:00;47744
7/05/2019;A;5:00:00;49651
8/05/2019;A;5:00:00;48038
9/05/2019;A;5:00:00;48549
10/05/2019;A;5:00:00;46781
11/05/2019;A;5:00:00;30370
12/05/2019;A;5:00:00;8156
13/05/2019;A;5:00:00;45221
14/05/2019;A;5:00:00;48428
15/05/2019;A;5:00:00;48325
16/05/2019;A;5:00:00;48128
17/05/2019;A;5:00:00;44779
18/05/2019;A;5:00:00;30423
19/05/2019;A;5:00:00;10794
20/05/2019;A;5:00:00;46736
21/05/2019;A;5:00:00;48237
22/05/2019;A;5:00:00;48136
23/05/2019;A;5:00:00;46281
24/05/2019;A;5:00:00;46149
25/05/2019;A;5:00:00;30365
26/05/2019;A;5:00:00;10857
27/05/2019;A;5:00:00;45383
28/05/2019;A;5:00:00;48508
29/05/2019;A;5:00:00;46744
30/05/2019;A;5:00:00;46729
31/05/2019;A;5:00:00;46057
1/06/2019;A;5:00:00;29502
2/06/2019;A;5:00:00;10316
3/06/2019;A;5:00:00;10444
4/06/2019;A;5:00:00;47695
5/06/2019;A;5:00:00;46742
6/06/2019;A;5:00:00;47022
7/06/2019;A;5:00:00;45190
8/06/2019;A;5:00:00;31147
9/06/2019;A;5:00:00;11366
10/06/2019;A;5:00:00;45358
11/06/2019;A;5:00:00;46641
12/06/2019;A;5:00:00;47123
13/06/2019;A;5:00:00;47798
14/06/2019;A;5:00:00;46467
15/06/2019;A;5:00:00;31462
16/06/2019;A;5:00:00;8954
17/06/2019;A;5:00:00;44902
18/06/2019;A;5:00:00;47199
19/06/2019;A;5:00:00;46647
20/06/2019;A;5:00:00;46198
21/06/2019;A;5:00:00;45445
22/06/2019;A;5:00:00;31585
23/06/2019;A;5:00:00;11040
24/06/2019;A;5:00:00;10469
25/06/2019;A;5:00:00;43523
26/06/2019;A;5:00:00;43613
27/06/2019;A;5:00:00;44196
28/06/2019;A;5:00:00;43088
29/06/2019;A;5:00:00;28658
30/06/2019;A;5:00:00;10727
1/07/2019;A;5:00:00;10209
2/07/2019;A;5:00:00;44920
3/07/2019;A;5:00:00;43698
4/07/2019;A;5:00:00;44575
5/07/2019;A;5:00:00;43194
6/07/2019;A;5:00:00;29945
7/07/2019;A;5:00:00;10585
8/07/2019;A;5:00:00;43409
9/07/2019;A;5:00:00;43876
10/07/2019;A;5:00:00;44894
11/07/2019;A;5:00:00;45256
12/07/2019;A;5:00:00;43924
13/07/2019;A;5:00:00;29984
14/07/2019;A;5:00:00;11049
15/07/2019;A;5:00:00;44443
16/07/2019;A;5:00:00;45042
17/07/2019;A;5:00:00;45257
18/07/2019;A;5:00:00;45637
19/07/2019;A;5:00:00;44879
20/07/2019;A;5:00:00;16276
21/07/2019;A;5:00:00;9266
22/07/2019;A;5:00:00;45643
23/07/2019;A;5:00:00;46440
24/07/2019;A;5:00:00;47169
25/07/2019;A;5:00:00;47204
26/07/2019;A;5:00:00;44816
27/07/2019;A;5:00:00;30508
28/07/2019;A;5:00:00;10499
29/07/2019;A;5:00:00;46442
30/07/2019;A;5:00:00;46329
31/07/2019;A;5:00:00;47320
1/08/2019;A;5:00:00;48313
2/08/2019;A;5:00:00;47133
3/08/2019;A;5:00:00;30244
4/08/2019;A;5:00:00;10954
5/08/2019;A;5:00:00;47889
6/08/2019;A;5:00:00;50552
7/08/2019;A;5:00:00;14806
8/08/2019;A;5:00:00;50846
9/08/2019;A;5:00:00;49036
10/08/2019;A;5:00:00;31394
11/08/2019;A;5:00:00;12244
12/08/2019;A;5:00:00;48492
13/08/2019;A;5:00:00;50417
14/08/2019;A;5:00:00;49995
15/08/2019;A;5:00:00;49126
16/08/2019;A;5:00:00;47516
17/08/2019;A;5:00:00;30350
18/08/2019;A;5:00:00;10857
19/08/2019;A;5:00:00;11213
20/08/2019;A;5:00:00;51618
21/08/2019;A;5:00:00;50217
22/08/2019;A;5:00:00;45709
23/08/2019;A;5:00:00;48952
24/08/2019;A;5:00:00;32370
25/08/2019;A;5:00:00;11173
26/08/2019;A;5:00:00;48258
27/08/2019;A;5:00:00;52183
28/08/2019;A;5:00:00;50747
29/08/2019;A;5:00:00;49894
30/08/2019;A;5:00:00;49215
31/08/2019;A;5:00:00;31856
1/09/2019;A;5:00:00;10688
2/09/2019;A;5:00:00;47565
3/09/2019;A;5:00:00;52030
4/09/2019;A;5:00:00;50551
5/09/2019;A;5:00:00;
6/09/2019;A;5:00:00;50552
7/09/2019;A;5:00:00;32220
8/09/2019;A;5:00:00;11853
9/09/2019;A;5:00:00;49478
10/09/2019;A;5:00:00;51897
11/09/2019;A;5:00:00;50898
12/09/2019;A;5:00:00;48935
13/09/2019;A;5:00:00;47359
14/09/2019;A;5:00:00;31384
15/09/2019;A;5:00:00;10952
16/09/2019;A;5:00:00;48474
17/09/2019;A;5:00:00;51217
18/09/2019;A;5:00:00;50338
19/09/2019;A;5:00:00;49711
20/09/2019;A;5:00:00;49415
21/09/2019;A;5:00:00;31620
22/09/2019;A;5:00:00;10534
23/09/2019;A;5:00:00;48250
24/09/2019;A;5:00:00;48909
25/09/2019;A;5:00:00;49946
26/09/2019;A;5:00:00;48300
27/09/2019;A;5:00:00;49446
28/09/2019;A;5:00:00;31272
29/09/2019;A;5:00:00;11797
30/09/2019;A;5:00:00;47457
1/10/2019;A;5:00:00;50247
2/10/2019;A;5:00:00;50275
3/10/2019;A;5:00:00;48869
4/10/2019;A;5:00:00;48975
5/10/2019;A;5:00:00;32552
6/10/2019;A;5:00:00;11791
7/10/2019;A;5:00:00;48546
8/10/2019;A;5:00:00;50199
9/10/2019;A;5:00:00;49750
10/10/2019;A;5:00:00;47505
11/10/2019;A;5:00:00;46803
12/10/2019;A;5:00:00;32006
13/10/2019;A;5:00:00;11697
14/10/2019;A;5:00:00;11784
15/10/2019;A;5:00:00;51133
16/10/2019;A;5:00:00;50743
17/10/2019;A;5:00:00;49946
18/10/2019;A;5:00:00;49374
19/10/2019;A;5:00:00;
20/10/2019;A;5:00:00;13483
21/10/2019;A;5:00:00;50222
22/10/2019;A;5:00:00;51441
23/10/2019;A;5:00:00;49809
24/10/2019;A;5:00:00;45959
25/10/2019;A;5:00:00;49311
26/10/2019;A;5:00:00;32122
27/10/2019;A;5:00:00;777
28/10/2019;A;5:00:00;49029
29/10/2019;A;5:00:00;49818
30/10/2019;A;5:00:00;49958
31/10/2019;A;5:00:00;48735
1/11/2019;A;5:00:00;47183
2/11/2019;A;5:00:00;31725
3/11/2019;A;5:00:00;11484
4/11/2019;A;5:00:00;12585
5/11/2019;A;5:00:00;50180
6/11/2019;A;5:00:00;51022
7/11/2019;A;5:00:00;50636
8/11/2019;A;5:00:00;49169
9/11/2019;A;5:00:00;35671
10/11/2019;A;5:00:00;12575
11/11/2019;A;5:00:00;12392
12/11/2019;A;5:00:00;49221
13/11/2019;A;5:00:00;50474
14/11/2019;A;5:00:00;50354
15/11/2019;A;5:00:00;49359
16/11/2019;A;5:00:00;33404
17/11/2019;A;5:00:00;12257
18/11/2019;A;5:00:00;49017
19/11/2019;A;5:00:00;48840
20/11/2019;A;5:00:00;49042
21/11/2019;A;5:00:00;18564
22/11/2019;A;5:00:00;47024
23/11/2019;A;5:00:00;32061
24/11/2019;A;5:00:00;13010
25/11/2019;A;5:00:00;47388
26/11/2019;A;5:00:00;48223
27/11/2019;A;5:00:00;47532
28/11/2019;A;5:00:00;47391
29/11/2019;A;5:00:00;45774
30/11/2019;A;5:00:00;31872
1/12/2019;A;5:00:00;11782
2/12/2019;A;5:00:00;45415
3/12/2019;A;5:00:00;45001
4/12/2019;A;5:00:00;46032
5/12/2019;A;5:00:00;40732
6/12/2019;A;5:00:00;45116
7/12/2019;A;5:00:00;30969
8/12/2019;A;5:00:00;10030
9/12/2019;A;5:00:00;44430
10/12/2019;A;5:00:00;44756
11/12/2019;A;5:00:00;44760
12/12/2019;A;5:00:00;44400
13/12/2019;A;5:00:00;43551
14/12/2019;A;5:00:00;30458
15/12/2019;A;5:00:00;12628
16/12/2019;A;5:00:00;40909
17/12/2019;A;5:00:00;41365
18/12/2019;A;5:00:00;41604
19/12/2019;A;5:00:00;41017
20/12/2019;A;5:00:00;39761
21/12/2019;A;5:00:00;26507
22/12/2019;A;5:00:00;11679
23/12/2019;A;5:00:00;31228
24/12/2019;A;5:00:00;23540
25/12/2019;A;5:00:00;6096
26/12/2019;A;5:00:00;30055
27/12/2019;A;5:00:00;30229
28/12/2019;A;5:00:00;22881
29/12/2019;A;5:00:00;11059
30/12/2019;A;5:00:00;26357
31/12/2019;A;5:00:00;15882
1/01/2019;B;5:00:00;678
2/01/2019;B;5:00:00;3765
3/01/2019;B;5:00:00;4274
4/01/2019;B;5:00:00;4432
5/01/2019;B;5:00:00;3262
6/01/2019;B;5:00:00;1454
7/01/2019;B;5:00:00;1466
8/01/2019;B;5:00:00;5643
9/01/2019;B;5:00:00;5657
10/01/2019;B;5:00:00;5895
11/01/2019;B;5:00:00;5988
12/01/2019;B;5:00:00;4353
13/01/2019;B;5:00:00;1498
14/01/2019;B;5:00:00;6170
15/01/2019;B;5:00:00;6645
16/01/2019;B;5:00:00;6588
17/01/2019;B;5:00:00;6770
18/01/2019;B;5:00:00;6663
19/01/2019;B;5:00:00;4644
20/01/2019;B;5:00:00;1734
21/01/2019;B;5:00:00;7182
22/01/2019;B;5:00:00;7206
23/01/2019;B;5:00:00;7196
24/01/2019;B;5:00:00;7350
25/01/2019;B;5:00:00;7178
26/01/2019;B;5:00:00;4946
27/01/2019;B;5:00:00;1837
28/01/2019;B;5:00:00;7434
29/01/2019;B;5:00:00;7256
30/01/2019;B;5:00:00;7342
31/01/2019;B;5:00:00;7335
1/02/2019;B;5:00:00;7052
2/02/2019;B;5:00:00;4923
3/02/2019;B;5:00:00;1652
4/02/2019;B;5:00:00;7412
5/02/2019;B;5:00:00;8034
6/02/2019;B;5:00:00;7883
7/02/2019;B;5:00:00;7873
8/02/2019;B;5:00:00;7904
9/02/2019;B;5:00:00;4990
10/02/2019;B;5:00:00;1721
11/02/2019;B;5:00:00;7879
12/02/2019;B;5:00:00;8210
13/02/2019;B;5:00:00;8407
14/02/2019;B;5:00:00;8148
15/02/2019;B;5:00:00;8567
16/02/2019;B;5:00:00;4982
17/02/2019;B;5:00:00;1483
18/02/2019;B;5:00:00;8023
19/02/2019;B;5:00:00;8273
20/02/2019;B;5:00:00;8091
21/02/2019;B;5:00:00;8371
22/02/2019;B;5:00:00;8298
23/02/2019;B;5:00:00;5204
24/02/2019;B;5:00:00;1674
25/02/2019;B;5:00:00;8123
26/02/2019;B;5:00:00;8320
27/02/2019;B;5:00:00;8103
28/02/2019;B;5:00:00;8354
1/03/2019;B;5:00:00;7919
2/03/2019;B;5:00:00;5135
3/03/2019;B;5:00:00;1542
4/03/2019;B;5:00:00;8190
5/03/2019;B;5:00:00;8331
6/03/2019;B;5:00:00;9168
7/03/2019;B;5:00:00;9170
8/03/2019;B;5:00:00;8958
9/03/2019;B;5:00:00;5114
10/03/2019;B;5:00:00;1729
11/03/2019;B;5:00:00;7946
12/03/2019;B;5:00:00;8241
13/03/2019;B;5:00:00;757
14/03/2019;B;5:00:00;7924
15/03/2019;B;5:00:00;7972
16/03/2019;B;5:00:00;5079
17/03/2019;B;5:00:00;1693
18/03/2019;B;5:00:00;8580
19/03/2019;B;5:00:00;8378
20/03/2019;B;5:00:00;8663
21/03/2019;B;5:00:00;8033
22/03/2019;B;5:00:00;7844
23/03/2019;B;5:00:00;5157
24/03/2019;B;5:00:00;1728
25/03/2019;B;5:00:00;1764
26/03/2019;B;5:00:00;8174
27/03/2019;B;5:00:00;8050
28/03/2019;B;5:00:00;8002
29/03/2019;B;5:00:00;8323
30/03/2019;B;5:00:00;5540
31/03/2019;B;5:00:00;1709
1/04/2019;B;5:00:00;7827
2/04/2019;B;5:00:00;7546
3/04/2019;B;5:00:00;8180
4/04/2019;B;5:00:00;8140
5/04/2019;B;5:00:00;7901
6/04/2019;B;5:00:00;5372
7/04/2019;B;5:00:00;1744
8/04/2019;B;5:00:00;7670
9/04/2019;B;5:00:00;7868
10/04/2019;B;5:00:00;8037
11/04/2019;B;5:00:00;7952
12/04/2019;B;5:00:00;7795
13/04/2019;B;5:00:00;5246
14/04/2019;B;5:00:00;1979
15/04/2019;B;5:00:00;7468
16/04/2019;B;5:00:00;7691
17/04/2019;B;5:00:00;7283
18/04/2019;B;5:00:00;1692
19/04/2019;B;5:00:00;1056
20/04/2019;B;5:00:00;2511
21/04/2019;B;5:00:00;1312
22/04/2019;B;5:00:00;7109
23/04/2019;B;5:00:00;8776
24/04/2019;B;5:00:00;8100
25/04/2019;B;5:00:00;1370
26/04/2019;B;5:00:00;
27/04/2019;B;5:00:00;3048
28/04/2019;B;5:00:00;1703
29/04/2019;B;5:00:00;7610
30/04/2019;B;5:00:00;8003
1/05/2019;B;5:00:00;2279
2/05/2019;B;5:00:00;8010
3/05/2019;B;5:00:00;7858
4/05/2019;B;5:00:00;4973
5/05/2019;B;5:00:00;1840
6/05/2019;B;5:00:00;7789
7/05/2019;B;5:00:00;7936
8/05/2019;B;5:00:00;7811
9/05/2019;B;5:00:00;7952
10/05/2019;B;5:00:00;7726
11/05/2019;B;5:00:00;5206
12/05/2019;B;5:00:00;1418
13/05/2019;B;5:00:00;7327
14/05/2019;B;5:00:00;7864
15/05/2019;B;5:00:00;7819
16/05/2019;B;5:00:00;7720
17/05/2019;B;5:00:00;7505
18/05/2019;B;5:00:00;5214
19/05/2019;B;5:00:00;1706
20/05/2019;B;5:00:00;7781
21/05/2019;B;5:00:00;7703
22/05/2019;B;5:00:00;7647
23/05/2019;B;5:00:00;7764
24/05/2019;B;5:00:00;7757
25/05/2019;B;5:00:00;5188
26/05/2019;B;5:00:00;1744
27/05/2019;B;5:00:00;7034
28/05/2019;B;5:00:00;7783
29/05/2019;B;5:00:00;7719
30/05/2019;B;5:00:00;7485
31/05/2019;B;5:00:00;7524
1/06/2019;B;5:00:00;4808
2/06/2019;B;5:00:00;1675
3/06/2019;B;5:00:00;1714
4/06/2019;B;5:00:00;8111
5/06/2019;B;5:00:00;7818
6/06/2019;B;5:00:00;7885
7/06/2019;B;5:00:00;7326
8/06/2019;B;5:00:00;5202
9/06/2019;B;5:00:00;1798
10/06/2019;B;5:00:00;7501
11/06/2019;B;5:00:00;7638
12/06/2019;B;5:00:00;7546
13/06/2019;B;5:00:00;7637
14/06/2019;B;5:00:00;7303
15/06/2019;B;5:00:00;4592
16/06/2019;B;5:00:00;1261
17/06/2019;B;5:00:00;6722
18/06/2019;B;5:00:00;7347
19/06/2019;B;5:00:00;7255
20/06/2019;B;5:00:00;7422
21/06/2019;B;5:00:00;7246
22/06/2019;B;5:00:00;4916
23/06/2019;B;5:00:00;1765
24/06/2019;B;5:00:00;1735
25/06/2019;B;5:00:00;6958
26/06/2019;B;5:00:00;7189
27/06/2019;B;5:00:00;7228
28/06/2019;B;5:00:00;7104
29/06/2019;B;5:00:00;4842
30/06/2019;B;5:00:00;1586
1/07/2019;B;5:00:00;1709
2/07/2019;B;5:00:00;7377
3/07/2019;B;5:00:00;7210
4/07/2019;B;5:00:00;7288
5/07/2019;B;5:00:00;7289
6/07/2019;B;5:00:00;5053
7/07/2019;B;5:00:00;1891
8/07/2019;B;5:00:00;7105
9/07/2019;B;5:00:00;7309
10/07/2019;B;5:00:00;7446
11/07/2019;B;5:00:00;7408
12/07/2019;B;5:00:00;7238
13/07/2019;B;5:00:00;4927
14/07/2019;B;5:00:00;1651
15/07/2019;B;5:00:00;7222
16/07/2019;B;5:00:00;7246
17/07/2019;B;5:00:00;7417
18/07/2019;B;5:00:00;7525
19/07/2019;B;5:00:00;7449
20/07/2019;B;5:00:00;2629
21/07/2019;B;5:00:00;1584
22/07/2019;B;5:00:00;7607
23/07/2019;B;5:00:00;7613
24/07/2019;B;5:00:00;7591
25/07/2019;B;5:00:00;7759
26/07/2019;B;5:00:00;7558
27/07/2019;B;5:00:00;5027
28/07/2019;B;5:00:00;1733
29/07/2019;B;5:00:00;7637
30/07/2019;B;5:00:00;7611
31/07/2019;B;5:00:00;7706
1/08/2019;B;5:00:00;7683
2/08/2019;B;5:00:00;7659
3/08/2019;B;5:00:00;4887
4/08/2019;B;5:00:00;2056
5/08/2019;B;5:00:00;7830
6/08/2019;B;5:00:00;8216
7/08/2019;B;5:00:00;2568
8/08/2019;B;5:00:00;8168
9/08/2019;B;5:00:00;8081
10/08/2019;B;5:00:00;5099
11/08/2019;B;5:00:00;2059
12/08/2019;B;5:00:00;7932
13/08/2019;B;5:00:00;8122
14/08/2019;B;5:00:00;8082
15/08/2019;B;5:00:00;7955
16/08/2019;B;5:00:00;7800
17/08/2019;B;5:00:00;4971
18/08/2019;B;5:00:00;1730
19/08/2019;B;5:00:00;1698
20/08/2019;B;5:00:00;8255
21/08/2019;B;5:00:00;8061
22/08/2019;B;5:00:00;8238
23/08/2019;B;5:00:00;7940
24/08/2019;B;5:00:00;5188
25/08/2019;B;5:00:00;1786
26/08/2019;B;5:00:00;7991
27/08/2019;B;5:00:00;8339
28/08/2019;B;5:00:00;8231
29/08/2019;B;5:00:00;8125
30/08/2019;B;5:00:00;7998
31/08/2019;B;5:00:00;5125
1/09/2019;B;5:00:00;1754
2/09/2019;B;5:00:00;7921
3/09/2019;B;5:00:00;8252
4/09/2019;B;5:00:00;8107
5/09/2019;B;5:00:00;
6/09/2019;B;5:00:00;9010
7/09/2019;B;5:00:00;5321
8/09/2019;B;5:00:00;2060
9/09/2019;B;5:00:00;8117
10/09/2019;B;5:00:00;8261
11/09/2019;B;5:00:00;8268
12/09/2019;B;5:00:00;8020
13/09/2019;B;5:00:00;7940
14/09/2019;B;5:00:00;5229
15/09/2019;B;5:00:00;1775
16/09/2019;B;5:00:00;7876
17/09/2019;B;5:00:00;8274
18/09/2019;B;5:00:00;7774
19/09/2019;B;5:00:00;8142
20/09/2019;B;5:00:00;7999
21/09/2019;B;5:00:00;5251
22/09/2019;B;5:00:00;1647
23/09/2019;B;5:00:00;7850
24/09/2019;B;5:00:00;8058
25/09/2019;B;5:00:00;8125
26/09/2019;B;5:00:00;8137
27/09/2019;B;5:00:00;8112
28/09/2019;B;5:00:00;5179
29/09/2019;B;5:00:00;1861
30/09/2019;B;5:00:00;7981
1/10/2019;B;5:00:00;8041
2/10/2019;B;5:00:00;8137
3/10/2019;B;5:00:00;7964
4/10/2019;B;5:00:00;7688
5/10/2019;B;5:00:00;5285
6/10/2019;B;5:00:00;1818
7/10/2019;B;5:00:00;7765
8/10/2019;B;5:00:00;8010
9/10/2019;B;5:00:00;7798
10/10/2019;B;5:00:00;7254
11/10/2019;B;5:00:00;7586
12/10/2019;B;5:00:00;6230
13/10/2019;B;5:00:00;1798
14/10/2019;B;5:00:00;1973
15/10/2019;B;5:00:00;8289
16/10/2019;B;5:00:00;8124
17/10/2019;B;5:00:00;8200
18/10/2019;B;5:00:00;8012
19/10/2019;B;5:00:00;
20/10/2019;B;5:00:00;2194
21/10/2019;B;5:00:00;8077
22/10/2019;B;5:00:00;8408
23/10/2019;B;5:00:00;7922
24/10/2019;B;5:00:00;7119
25/10/2019;B;5:00:00;7802
26/10/2019;B;5:00:00;5070
27/10/2019;B;5:00:00;73
28/10/2019;B;5:00:00;7869
29/10/2019;B;5:00:00;8106
30/10/2019;B;5:00:00;7994
31/10/2019;B;5:00:00;7780
1/11/2019;B;5:00:00;7634
2/11/2019;B;5:00:00;5370
3/11/2019;B;5:00:00;1843
4/11/2019;B;5:00:00;2009
5/11/2019;B;5:00:00;8076
6/11/2019;B;5:00:00;8223
7/11/2019;B;5:00:00;8127
8/11/2019;B;5:00:00;7944
9/11/2019;B;5:00:00;5565
10/11/2019;B;5:00:00;1909
11/11/2019;B;5:00:00;2018
12/11/2019;B;5:00:00;8042
13/11/2019;B;5:00:00;8037
14/11/2019;B;5:00:00;8048
15/11/2019;B;5:00:00;7714
16/11/2019;B;5:00:00;5404
17/11/2019;B;5:00:00;1943
18/11/2019;B;5:00:00;7629
19/11/2019;B;5:00:00;7717
20/11/2019;B;5:00:00;7814
21/11/2019;B;5:00:00;2665
22/11/2019;B;5:00:00;7610
23/11/2019;B;5:00:00;5382
24/11/2019;B;5:00:00;2104
25/11/2019;B;5:00:00;7666
26/11/2019;B;5:00:00;7972
27/11/2019;B;5:00:00;7680
28/11/2019;B;5:00:00;7603
29/11/2019;B;5:00:00;7494
30/11/2019;B;5:00:00;5130
1/12/2019;B;5:00:00;3514
2/12/2019;B;5:00:00;7273
3/12/2019;B;5:00:00;7377
4/12/2019;B;5:00:00;7383
5/12/2019;B;5:00:00;6572
6/12/2019;B;5:00:00;7254
7/12/2019;B;5:00:00;4982
8/12/2019;B;5:00:00;1559
9/12/2019;B;5:00:00;6981
10/12/2019;B;5:00:00;7230
11/12/2019;B;5:00:00;7012
12/12/2019;B;5:00:00;7088
13/12/2019;B;5:00:00;6897
14/12/2019;B;5:00:00;4901
15/12/2019;B;5:00:00;1863
16/12/2019;B;5:00:00;6452
17/12/2019;B;5:00:00;6541
18/12/2019;B;5:00:00;6546
19/12/2019;B;5:00:00;6526
20/12/2019;B;5:00:00;6311
21/12/2019;B;5:00:00;4140
22/12/2019;B;5:00:00;1716
23/12/2019;B;5:00:00;4724
24/12/2019;B;5:00:00;3471
25/12/2019;B;5:00:00;982
26/12/2019;B;5:00:00;4624
27/12/2019;B;5:00:00;4618
28/12/2019;B;5:00:00;3544
29/12/2019;B;5:00:00;1634
30/12/2019;B;5:00:00;3934
31/12/2019;B;5:00:00;2471
1/01/2020;A;5:00:00;4901
1/01/2020;B;5:00:00;750
2/01/2020;A;5:00:00;23658
2/01/2020;B;5:00:00;3602
3/01/2020;A;5:00:00;25862
3/01/2020;B;5:00:00;3885
4/01/2020;A;5:00:00;19788
4/01/2020;B;5:00:00;3075
5/01/2020;A;5:00:00;9419
5/01/2020;B;5:00:00;1431
6/01/2020;A;5:00:00;9111
6/01/2020;B;5:00:00;1393
7/01/2020;A;5:00:00;34370
7/01/2020;B;5:00:00;5329
8/01/2020;A;5:00:00;31164
8/01/2020;B;5:00:00;5365
9/01/2020;A;5:00:00;34686
9/01/2020;B;5:00:00;5561
10/01/2020;A;5:00:00;35289
10/01/2020;B;5:00:00;5516
11/01/2020;A;5:00:00;25670
11/01/2020;B;5:00:00;4127
12/01/2020;A;5:00:00;10093
12/01/2020;B;5:00:00;1479
13/01/2020;A;5:00:00;39600
13/01/2020;B;5:00:00;6193
14/01/2020;A;5:00:00;39797
14/01/2020;B;5:00:00;6311
15/01/2020;A;5:00:00;39902
15/01/2020;B;5:00:00;6311
16/01/2020;A;5:00:00;39648
16/01/2020;B;5:00:00;6248
17/01/2020;A;5:00:00;39863
17/01/2020;B;5:00:00;6356
18/01/2020;A;5:00:00;27739
18/01/2020;B;5:00:00;4505
19/01/2020;A;5:00:00;10438
19/01/2020;B;5:00:00;1530
20/01/2020;A;5:00:00;42914
20/01/2020;B;5:00:00;6662
21/01/2020;A;5:00:00;43738
21/01/2020;B;5:00:00;6859
22/01/2020;A;5:00:00;42771
22/01/2020;B;5:00:00;6872
23/01/2020;A;5:00:00;43866
23/01/2020;B;5:00:00;6949
24/01/2020;A;5:00:00;43041
24/01/2020;B;5:00:00;6926
25/01/2020;A;5:00:00;28925
25/01/2020;B;5:00:00;4616
26/01/2020;A;5:00:00;10480
26/01/2020;B;5:00:00;1662
27/01/2020;A;5:00:00;45370
27/01/2020;B;5:00:00;7086
28/01/2020;A;5:00:00;45392
28/01/2020;B;5:00:00;6998
29/01/2020;A;5:00:00;45066
29/01/2020;B;5:00:00;7214
30/01/2020;A;5:00:00;45254
30/01/2020;B;5:00:00;7187
31/01/2020;A;5:00:00;43827
31/01/2020;B;5:00:00;6849
1/02/2020;A;5:00:00;29448
1/02/2020;B;5:00:00;4829
2/02/2020;A;5:00:00;10226
2/02/2020;B;5:00:00;1549
3/02/2020;A;5:00:00;47482
3/02/2020;B;5:00:00;7656
4/02/2020;A;5:00:00;50636
4/02/2020;B;5:00:00;7789
5/02/2020;A;5:00:00;49942
5/02/2020;B;5:00:00;7699
6/02/2020;A;5:00:00;49884
6/02/2020;B;5:00:00;7816
7/02/2020;A;5:00:00;48631
7/02/2020;B;5:00:00;7574
8/02/2020;A;5:00:00;31563
8/02/2020;B;5:00:00;5125
9/02/2020;A;5:00:00;10377
9/02/2020;B;5:00:00;1580
10/02/2020;A;5:00:00;49830
10/02/2020;B;5:00:00;7921
11/02/2020;A;5:00:00;51960
11/02/2020;B;5:00:00;8258
12/02/2020;A;5:00:00;51192
12/02/2020;B;5:00:00;8216
13/02/2020;A;5:00:00;51714
13/02/2020;B;5:00:00;8183
14/02/2020;A;5:00:00;49918
14/02/2020;B;5:00:00;7774
15/02/2020;A;5:00:00;31219
15/02/2020;B;5:00:00;4948
16/02/2020;A;5:00:00;9527
16/02/2020;B;5:00:00;1568
17/02/2020;A;5:00:00;99362
17/02/2020;B;5:00:00;15980
18/02/2020;A;5:00:00;104478
18/02/2020;B;5:00:00;16246
19/02/2020;A;5:00:00;52295
19/02/2020;B;5:00:00;8065
20/02/2020;A;5:00:00;51029
20/02/2020;B;5:00:00;7906
21/02/2020;A;5:00:00;48567
21/02/2020;B;5:00:00;7591
22/02/2020;A;5:00:00;31800
22/02/2020;B;5:00:00;5166
23/02/2020;A;5:00:00;11022
23/02/2020;B;5:00:00;1708
24/02/2020;A;5:00:00;50739
24/02/2020;B;5:00:00;7865
25/02/2020;A;5:00:00;52240
25/02/2020;B;5:00:00;8245
26/02/2020;A;5:00:00;51799
26/02/2020;B;5:00:00;8103
27/02/2020;A;5:00:00;50871
27/02/2020;B;5:00:00;8024
28/02/2020;A;5:00:00;54446
28/02/2020;B;5:00:00;9012
29/02/2020;A;5:00:00;34387
29/02/2020;B;5:00:00;5350
1/03/2020;A;5:00:00;11063
1/03/2020;B;5:00:00;1685
2/03/2020;A;5:00:00;54683
2/03/2020;B;5:00:00;8471
3/03/2020;A;5:00:00;57639
3/03/2020;B;5:00:00;9200
4/03/2020;A;5:00:00;57150
4/03/2020;B;5:00:00;9148
5/03/2020;A;5:00:00;57177
5/03/2020;B;5:00:00;9161
6/03/2020;A;5:00:00;56054
6/03/2020;B;5:00:00;8847
7/03/2020;A;5:00:00;34781
7/03/2020;B;5:00:00;5487
8/03/2020;A;5:00:00;11273
8/03/2020;B;5:00:00;1700
9/03/2020;A;5:00:00;55570
9/03/2020;B;5:00:00;8795
10/03/2020;A;5:00:00;57828
10/03/2020;B;5:00:00;8966
11/03/2020;A;5:00:00;59696
11/03/2020;B;5:00:00;9197
12/03/2020;A;5:00:00;58673
12/03/2020;B;5:00:00;8945
13/03/2020;A;5:00:00;56116
13/03/2020;B;5:00:00;8708
14/03/2020;A;5:00:00;31636
14/03/2020;B;5:00:00;5038
15/03/2020;A;5:00:00;10148
15/03/2020;B;5:00:00;1612
16/03/2020;A;5:00:00;43589
16/03/2020;B;5:00:00;6642
17/03/2020;A;5:00:00;38264
17/03/2020;B;5:00:00;5818
18/03/2020;A;5:00:00;34550
18/03/2020;B;5:00:00;5589
19/03/2020;A;5:00:00;34099
19/03/2020;B;5:00:00;5256
20/03/2020;A;5:00:00;32389
20/03/2020;B;5:00:00;5145
21/03/2020;A;5:00:00;8656
21/03/2020;B;5:00:00;1252
22/03/2020;A;5:00:00;5250
22/03/2020;B;5:00:00;763
23/03/2020;A;5:00:00;5782
23/03/2020;B;5:00:00;854
24/03/2020;A;5:00:00;14344
24/03/2020;B;5:00:00;2223
25/03/2020;A;5:00:00;10893
25/03/2020;B;5:00:00;1574
26/03/2020;A;5:00:00;10422
26/03/2020;B;5:00:00;1505
27/03/2020;A;5:00:00;10354
27/03/2020;B;5:00:00;1476
28/03/2020;A;5:00:00;8155
28/03/2020;B;5:00:00;1215
29/03/2020;A;5:00:00;4503
29/03/2020;B;5:00:00;649
30/03/2020;A;5:00:00;9741
30/03/2020;B;5:00:00;1477
31/03/2020;A;5:00:00;9591
31/03/2020;B;5:00:00;1475
1/04/2020;A;5:00:00;9330
1/04/2020;B;5:00:00;1451
2/04/2020;A;5:00:00;9587
2/04/2020;B;5:00:00;1462
3/04/2020;A;5:00:00;9653
3/04/2020;B;5:00:00;1403
4/04/2020;A;5:00:00;8072
4/04/2020;B;5:00:00;1178
5/04/2020;A;5:00:00;4443
5/04/2020;B;5:00:00;666
6/04/2020;A;5:00:00;9443
6/04/2020;B;5:00:00;1415
7/04/2020;A;5:00:00;9573
7/04/2020;B;5:00:00;1389
8/04/2020;A;5:00:00;9534
8/04/2020;B;5:00:00;1403
9/04/2020;A;5:00:00;5478
9/04/2020;B;5:00:00;853
10/04/2020;A;5:00:00;4298
10/04/2020;B;5:00:00;646
11/04/2020;A;5:00:00;6794
11/04/2020;B;5:00:00;997
12/04/2020;A;5:00:00;4299
12/04/2020;B;5:00:00;617
13/04/2020;A;5:00:00;10936
13/04/2020;B;5:00:00;1626
14/04/2020;A;5:00:00;11227
14/04/2020;B;5:00:00;1654
15/04/2020;A;5:00:00;11386
15/04/2020;B;5:00:00;1694
16/04/2020;A;5:00:00;11525
16/04/2020;B;5:00:00;1690
17/04/2020;A;5:00:00;11616
17/04/2020;B;5:00:00;1726
18/04/2020;A;5:00:00;9405
18/04/2020;B;5:00:00;1334
19/04/2020;A;5:00:00;4686
19/04/2020;B;5:00:00;659
20/04/2020;A;5:00:00;12177
20/04/2020;B;5:00:00;1806
21/04/2020;A;5:00:00;11979
21/04/2020;B;5:00:00;1779
22/04/2020;A;5:00:00;12211
22/04/2020;B;5:00:00;1827
23/04/2020;A;5:00:00;12276
23/04/2020;B;5:00:00;1767
24/04/2020;A;5:00:00;12165
24/04/2020;B;5:00:00;1881
25/04/2020;A;5:00:00;9777
25/04/2020;B;5:00:00;1426
26/04/2020;A;5:00:00;4585
26/04/2020;B;5:00:00;677
27/04/2020;A;5:00:00;13064
27/04/2020;B;5:00:00;2074
28/04/2020;A;5:00:00;12919
28/04/2020;B;5:00:00;1993
29/04/2020;A;5:00:00;14173
29/04/2020;B;5:00:00;2039
30/04/2020;A;5:00:00;14119
30/04/2020;B;5:00:00;2235
1/05/2020;A;5:00:00;7354
1/05/2020;B;5:00:00;1262
2/05/2020;A;5:00:00;10001
2/05/2020;B;5:00:00;1594
3/05/2020;A;5:00:00;4292
3/05/2020;B;5:00:00;689
4/05/2020;A;5:00:00;15123
4/05/2020;B;5:00:00;2440
5/05/2020;A;5:00:00;15379
5/05/2020;B;5:00:00;2467
6/05/2020;A;5:00:00;16967
6/05/2020;B;5:00:00;2511
7/05/2020;A;5:00:00;16671
7/05/2020;B;5:00:00;2701
8/05/2020;A;5:00:00;16707
8/05/2020;B;5:00:00;2602
9/05/2020;A;5:00:00;12996
9/05/2020;B;5:00:00;2061
10/05/2020;A;5:00:00;4965
10/05/2020;B;5:00:00;749
11/05/2020;A;5:00:00;15381
11/05/2020;B;5:00:00;2618
12/05/2020;A;5:00:00;17211
12/05/2020;B;5:00:00;2649
13/05/2020;A;5:00:00;17583
13/05/2020;B;5:00:00;2802
14/05/2020;A;5:00:00;17635
14/05/2020;B;5:00:00;2576
15/05/2020;A;5:00:00;18552
15/05/2020;B;5:00:00;2633
16/05/2020;A;5:00:00;13395
16/05/2020;B;5:00:00;2101
17/05/2020;A;5:00:00;4837
17/05/2020;B;5:00:00;707
18/05/2020;A;5:00:00;18652
18/05/2020;B;5:00:00;2990
19/05/2020;A;5:00:00;19136
19/05/2020;B;5:00:00;3000
20/05/2020;A;5:00:00;19401
20/05/2020;B;5:00:00;3013
21/05/2020;A;5:00:00;18429
21/05/2020;B;5:00:00;3079
22/05/2020;A;5:00:00;18162
22/05/2020;B;5:00:00;2967
23/05/2020;A;5:00:00;14621
23/05/2020;B;5:00:00;2463
24/05/2020;A;5:00:00;5140
24/05/2020;B;5:00:00;792
25/05/2020;A;5:00:00;6133
25/05/2020;B;5:00:00;998
26/05/2020;A;5:00:00;19350
26/05/2020;B;5:00:00;3246
27/05/2020;A;5:00:00;19334
27/05/2020;B;5:00:00;3171
28/05/2020;A;5:00:00;19495
28/05/2020;B;5:00:00;3300
29/05/2020;A;5:00:00;19283
29/05/2020;B;5:00:00;3293
30/05/2020;A;5:00:00;14701
30/05/2020;B;5:00:00;2555
31/05/2020;A;5:00:00;4686
31/05/2020;B;5:00:00;750
1/06/2020;A;5:00:00;17399
1/06/2020;B;5:00:00;3117
2/06/2020;A;5:00:00;17403
2/06/2020;B;5:00:00;3207
3/06/2020;A;5:00:00;18381
3/06/2020;B;5:00:00;3168
4/06/2020;A;5:00:00;18595
4/06/2020;B;5:00:00;3316
5/06/2020;A;5:00:00;18382
5/06/2020;B;5:00:00;3245
6/06/2020;A;5:00:00;14495
6/06/2020;B;5:00:00;2407
7/06/2020;A;5:00:00;4910
7/06/2020;B;5:00:00;762
8/06/2020;A;5:00:00;18590
8/06/2020;B;5:00:00;3346
9/06/2020;A;5:00:00;19024
9/06/2020;B;5:00:00;3348
10/06/2020;A;5:00:00;19920
10/06/2020;B;5:00:00;3358
11/06/2020;A;5:00:00;19694
11/06/2020;B;5:00:00;3435
12/06/2020;A;5:00:00;20067
12/06/2020;B;5:00:00;3625
14/06/2020;A;5:00:00;5376
14/06/2020;B;5:00:00;915
15/06/2020;A;5:00:00;7057
15/06/2020;B;5:00:00;1255
16/06/2020;A;5:00:00;19779
16/06/2020;B;5:00:00;3764
17/06/2020;A;5:00:00;20172
17/06/2020;B;5:00:00;3589
18/06/2020;A;5:00:00;20173
18/06/2020;B;5:00:00;3696
19/06/2020;A;5:00:00;19955
19/06/2020;B;5:00:00;3500
20/06/2020;A;5:00:00;16918
20/06/2020;B;5:00:00;2869
21/06/2020;A;5:00:00;5242
21/06/2020;B;5:00:00;798
22/06/2020;A;5:00:00;6195
22/06/2020;B;5:00:00;1105
23/06/2020;A;5:00:00;20628
23/06/2020;B;5:00:00;3780
24/06/2020;A;5:00:00;20756
24/06/2020;B;5:00:00;3638
25/06/2020;A;5:00:00;20316
25/06/2020;B;5:00:00;3790
26/06/2020;A;5:00:00;20488
26/06/2020;B;5:00:00;3620
27/06/2020;A;5:00:00;16553
27/06/2020;B;5:00:00;2917
28/06/2020;A;5:00:00;5783
28/06/2020;B;5:00:00;965
29/06/2020;A;5:00:00;6828
29/06/2020;B;5:00:00;1281
30/06/2020;A;5:00:00;21444
30/06/2020;B;5:00:00;3670
1/07/2020;A;5:00:00;21529
1/07/2020;B;5:00:00;3966
2/07/2020;A;5:00:00;21510
2/07/2020;B;5:00:00;3660
3/07/2020;A;5:00:00;21443
3/07/2020;B;5:00:00;3763
4/07/2020;A;5:00:00;16608
4/07/2020;B;5:00:00;2974
5/07/2020;A;5:00:00;5503
5/07/2020;B;5:00:00;911
6/07/2020;A;5:00:00;21028
6/07/2020;B;5:00:00;3717
7/07/2020;A;5:00:00;21642
7/07/2020;B;5:00:00;3816
8/07/2020;A;5:00:00;21613
8/07/2020;B;5:00:00;3811
9/07/2020;A;5:00:00;21503
9/07/2020;B;5:00:00;3778
10/07/2020;A;5:00:00;21052
10/07/2020;B;5:00:00;3851
11/07/2020;A;5:00:00;17420
11/07/2020;B;5:00:00;2891
12/07/2020;A;5:00:00;5876
12/07/2020;B;5:00:00;913
13/07/2020;A;5:00:00;21808
13/07/2020;B;5:00:00;3741
14/07/2020;A;5:00:00;21316
14/07/2020;B;5:00:00;3806
15/07/2020;A;5:00:00;21993
15/07/2020;B;5:00:00;3916
16/07/2020;A;5:00:00;21779
16/07/2020;B;5:00:00;4024
17/07/2020;A;5:00:00;11748
17/07/2020;B;5:00:00;1978
18/07/2020;A;5:00:00;9315
18/07/2020;B;5:00:00;1443
19/07/2020;A;5:00:00;4347
19/07/2020;B;5:00:00;662
20/07/2020;A;5:00:00;4748
20/07/2020;B;5:00:00;778
21/07/2020;A;5:00:00;21300
21/07/2020;B;5:00:00;4112
22/07/2020;A;5:00:00;22182
22/07/2020;B;5:00:00;3991
23/07/2020;A;5:00:00;22000
23/07/2020;B;5:00:00;3851
24/07/2020;A;5:00:00;14603
24/07/2020;B;5:00:00;2580
25/07/2020;A;5:00:00;11325
25/07/2020;B;5:00:00;1879
26/07/2020;A;5:00:00;4543
26/07/2020;B;5:00:00;676
27/07/2020;A;5:00:00;22444
27/07/2020;B;5:00:00;3784
28/07/2020;A;5:00:00;22840
28/07/2020;B;5:00:00;3851
29/07/2020;A;5:00:00;22551
29/07/2020;B;5:00:00;4188
30/07/2020;A;5:00:00;22659
30/07/2020;B;5:00:00;4170
31/07/2020;A;5:00:00;14539
31/07/2020;B;5:00:00;2442
1/08/2020;A;5:00:00;10832
1/08/2020;B;5:00:00;1723
2/08/2020;A;5:00:00;4373
2/08/2020;B;5:00:00;646
3/08/2020;A;5:00:00;22698
3/08/2020;B;5:00:00;4084
4/08/2020;A;5:00:00;23027
4/08/2020;B;5:00:00;4049
5/08/2020;A;5:00:00;22859
5/08/2020;B;5:00:00;4038
6/08/2020;A;5:00:00;22855
6/08/2020;B;5:00:00;4134
7/08/2020;A;5:00:00;8616
7/08/2020;B;5:00:00;1461
9/08/2020;A;5:00:00;4342
9/08/2020;B;5:00:00;638
10/08/2020;A;5:00:00;22918
10/08/2020;B;5:00:00;4142
11/08/2020;A;5:00:00;23316
11/08/2020;B;5:00:00;4120
12/08/2020;A;5:00:00;23518
12/08/2020;B;5:00:00;4084
13/08/2020;A;5:00:00;23676
13/08/2020;B;5:00:00;4105
14/08/2020;A;5:00:00;22980
14/08/2020;B;5:00:00;4076
15/08/2020;A;5:00:00;13995
15/08/2020;B;5:00:00;2484
16/08/2020;A;5:00:00;4952
16/08/2020;B;5:00:00;824
17/08/2020;A;5:00:00;5942
17/08/2020;B;5:00:00;1060
18/08/2020;A;5:00:00;23558
18/08/2020;B;5:00:00;3992
19/08/2020;A;5:00:00;23494
19/08/2020;B;5:00:00;4155
20/08/2020;A;5:00:00;47782
20/08/2020;B;5:00:00;7766
21/08/2020;A;5:00:00;23244
21/08/2020;B;5:00:00;4010
22/08/2020;A;5:00:00;16434
22/08/2020;B;5:00:00;2856
23/08/2020;A;5:00:00;5505
23/08/2020;B;5:00:00;923
24/08/2020;A;5:00:00;23002
24/08/2020;B;5:00:00;4272
25/08/2020;A;5:00:00;23518
25/08/2020;B;5:00:00;4268
26/08/2020;A;5:00:00;23352
26/08/2020;B;5:00:00;4177
27/08/2020;A;5:00:00;23553
27/08/2020;B;5:00:00;4129
28/08/2020;A;5:00:00;23765
28/08/2020;B;5:00:00;4341
29/08/2020;A;5:00:00;17386
29/08/2020;B;5:00:00;3038
30/08/2020;A;5:00:00;5694
30/08/2020;B;5:00:00;904
31/08/2020;A;5:00:00;23498
31/08/2020;B;5:00:00;4041
1/09/2020;A;5:00:00;24126
1/09/2020;B;5:00:00;3987
2/09/2020;A;5:00:00;25078
2/09/2020;B;5:00:00;3918
3/09/2020;A;5:00:00;24915
3/09/2020;B;5:00:00;4444
4/09/2020;A;5:00:00;24080
4/09/2020;B;5:00:00;4465
5/09/2020;A;5:00:00;18972
5/09/2020;B;5:00:00;3311
6/09/2020;A;5:00:00;6241
6/09/2020;B;5:00:00;1030
7/09/2020;A;5:00:00;26177
7/09/2020;B;5:00:00;4513
8/09/2020;A;5:00:00;25487
8/09/2020;B;5:00:00;4198
9/09/2020;A;5:00:00;26287
9/09/2020;B;5:00:00;4511
10/09/2020;A;5:00:00;26390
10/09/2020;B;5:00:00;4589
11/09/2020;A;5:00:00;26041
11/09/2020;B;5:00:00;4618
12/09/2020;A;5:00:00;19770
12/09/2020;B;5:00:00;3489
13/09/2020;A;5:00:00;6622
13/09/2020;B;5:00:00;999
14/09/2020;A;5:00:00;26653
14/09/2020;B;5:00:00;4617
15/09/2020;A;5:00:00;26991
15/09/2020;B;5:00:00;4743
16/09/2020;A;5:00:00;26894
16/09/2020;B;5:00:00;4636
17/09/2020;A;5:00:00;27137
17/09/2020;B;5:00:00;4721
18/09/2020;A;5:00:00;26599
18/09/2020;B;5:00:00;4692
19/09/2020;A;5:00:00;19938
19/09/2020;B;5:00:00;3531
20/09/2020;A;5:00:00;6184
20/09/2020;B;5:00:00;1112
21/09/2020;A;5:00:00;27321
21/09/2020;B;5:00:00;4562
22/09/2020;A;5:00:00;27618
22/09/2020;B;5:00:00;4772
23/09/2020;A;5:00:00;27325
23/09/2020;B;5:00:00;4771
24/09/2020;A;5:00:00;26966
24/09/2020;B;5:00:00;4648
25/09/2020;A;5:00:00;27837
25/09/2020;B;5:00:00;4793
26/09/2020;A;5:00:00;20777
26/09/2020;B;5:00:00;3666
27/09/2020;A;5:00:00;7161
27/09/2020;B;5:00:00;1224
28/09/2020;A;5:00:00;27736
28/09/2020;B;5:00:00;4655
29/09/2020;A;5:00:00;27819
29/09/2020;B;5:00:00;4877
30/09/2020;A;5:00:00;28281
30/09/2020;B;5:00:00;4790
1/10/2020;A;5:00:00;28251
1/10/2020;B;5:00:00;4736
2/10/2020;A;5:00:00;27978
2/10/2020;B;5:00:00;4674
3/10/2020;A;5:00:00;20990
3/10/2020;B;5:00:00;3680
4/10/2020;A;5:00:00;7074
4/10/2020;B;5:00:00;1162
5/10/2020;A;5:00:00;28546
5/10/2020;B;5:00:00;4769
6/10/2020;A;5:00:00;28674
6/10/2020;B;5:00:00;4748
7/10/2020;A;5:00:00;29000
7/10/2020;B;5:00:00;4886
8/10/2020;A;5:00:00;29376
8/10/2020;B;5:00:00;4828
9/10/2020;A;5:00:00;28898
9/10/2020;B;5:00:00;4864
10/10/2020;A;5:00:00;21775
10/10/2020;B;5:00:00;3920
11/10/2020;A;5:00:00;7559
11/10/2020;B;5:00:00;1247
12/10/2020;A;5:00:00;7782
12/10/2020;B;5:00:00;1396
13/10/2020;A;5:00:00;29289
13/10/2020;B;5:00:00;4920
14/10/2020;A;5:00:00;29675
14/10/2020;B;5:00:00;4917
15/10/2020;A;5:00:00;29575
15/10/2020;B;5:00:00;4921
16/10/2020;A;5:00:00;29255
16/10/2020;B;5:00:00;4938
17/10/2020;A;5:00:00;22440
17/10/2020;B;5:00:00;4019
18/10/2020;A;5:00:00;7960
18/10/2020;B;5:00:00;1254
19/10/2020;A;5:00:00;29708
19/10/2020;B;5:00:00;4817
20/10/2020;A;5:00:00;30033
20/10/2020;B;5:00:00;5053
21/10/2020;A;5:00:00;29906
21/10/2020;B;5:00:00;5000
22/10/2020;A;5:00:00;29816
22/10/2020;B;5:00:00;4930
23/10/2020;A;5:00:00;30322
23/10/2020;B;5:00:00;5478
24/10/2020;A;5:00:00;22716
24/10/2020;B;5:00:00;4071
25/10/2020;A;5:00:00;8247
25/10/2020;B;5:00:00;1233
26/10/2020;A;5:00:00;30094
26/10/2020;B;5:00:00;5287
27/10/2020;A;5:00:00;30615
27/10/2020;B;5:00:00;5515
28/10/2020;A;5:00:00;30408
28/10/2020;B;5:00:00;5515
29/10/2020;A;5:00:00;30432
29/10/2020;B;5:00:00;5493
30/10/2020;A;5:00:00;30053
30/10/2020;B;5:00:00;5367
31/10/2020;A;5:00:00;20075
31/10/2020;B;5:00:00;4135
1/11/2020;A;5:00:00;6753
1/11/2020;B;5:00:00;1106
2/11/2020;A;5:00:00;8036
2/11/2020;B;5:00:00;1416
3/11/2020;A;5:00:00;31248
3/11/2020;B;5:00:00;5995
4/11/2020;A;5:00:00;30633
4/11/2020;B;5:00:00;6345
5/11/2020;A;5:00:00;31133
5/11/2020;B;5:00:00;6291
6/11/2020;A;5:00:00;30922
6/11/2020;B;5:00:00;6165
7/11/2020;A;5:00:00;23578
7/11/2020;B;5:00:00;5097
8/11/2020;A;5:00:00;8762
8/11/2020;B;5:00:00;1448
9/11/2020;A;5:00:00;31970
9/11/2020;B;5:00:00;5338
10/11/2020;A;5:00:00;32180
10/11/2020;B;5:00:00;5591
11/11/2020;A;5:00:00;32234
11/11/2020;B;5:00:00;5364
13/11/2020;A;5:00:00;32079
13/11/2020;B;5:00:00;5416
14/11/2020;A;5:00:00;24506
14/11/2020;B;5:00:00;3911
15/11/2020;A;5:00:00;8169
15/11/2020;B;5:00:00;1324
16/11/2020;A;5:00:00;9560
16/11/2020;B;5:00:00;1510
17/11/2020;A;5:00:00;32652
17/11/2020;B;5:00:00;5406
18/11/2020;A;5:00:00;32834
18/11/2020;B;5:00:00;5504
19/11/2020;A;5:00:00;32526
19/11/2020;B;5:00:00;5523
20/11/2020;A;5:00:00;32743
20/11/2020;B;5:00:00;5570
21/11/2020;A;5:00:00;25539
21/11/2020;B;5:00:00;4177
22/11/2020;A;5:00:00;8779
22/11/2020;B;5:00:00;1344
23/11/2020;A;5:00:00;31404
23/11/2020;B;5:00:00;5472
24/11/2020;A;5:00:00;31492
24/11/2020;B;5:00:00;5574
25/11/2020;A;5:00:00;31989
25/11/2020;B;5:00:00;5628
26/11/2020;A;5:00:00;31784
26/11/2020;B;5:00:00;5590
27/11/2020;A;5:00:00;31834
27/11/2020;B;5:00:00;5556
28/11/2020;A;5:00:00;24988
28/11/2020;B;5:00:00;4341
29/11/2020;A;5:00:00;8978
29/11/2020;B;5:00:00;1428
30/11/2020;A;5:00:00;31823
30/11/2020;B;5:00:00;5437
1/12/2020;A;5:00:00;31420
1/12/2020;B;5:00:00;5425
2/12/2020;A;5:00:00;32020
2/12/2020;B;5:00:00;5466
3/12/2020;A;5:00:00;31753
3/12/2020;B;5:00:00;5507
4/12/2020;A;5:00:00;32026
4/12/2020;B;5:00:00;5525
5/12/2020;A;5:00:00;25114
5/12/2020;B;5:00:00;4206
6/12/2020;A;5:00:00;9868
6/12/2020;B;5:00:00;1560
7/12/2020;A;5:00:00;29640
7/12/2020;B;5:00:00;4971
8/12/2020;A;5:00:00;9569
8/12/2020;B;5:00:00;1568
9/12/2020;A;5:00:00;32127
9/12/2020;B;5:00:00;5562
10/12/2020;A;5:00:00;32374
10/12/2020;B;5:00:00;5594
11/12/2020;A;5:00:00;32240
11/12/2020;B;5:00:00;5557
12/12/2020;A;5:00:00;25753
12/12/2020;B;5:00:00;4319
13/12/2020;A;5:00:00;9787
13/12/2020;B;5:00:00;1541
14/12/2020;A;5:00:00;32233
14/12/2020;B;5:00:00;5433
15/12/2020;A;5:00:00;32094
15/12/2020;B;5:00:00;5482
16/12/2020;A;5:00:00;27512
16/12/2020;B;5:00:00;5388
17/12/2020;A;5:00:00;31629
17/12/2020;B;5:00:00;5395
18/12/2020;A;5:00:00;31477
18/12/2020;B;5:00:00;5434
19/12/2020;A;5:00:00;24251
19/12/2020;B;5:00:00;3941
20/12/2020;A;5:00:00;8276
20/12/2020;B;5:00:00;1554
21/12/2020;A;5:00:00;29746
21/12/2020;B;5:00:00;4938
22/12/2020;A;5:00:00;28940
22/12/2020;B;5:00:00;4969
23/12/2020;A;5:00:00;28290
23/12/2020;B;5:00:00;4674
24/12/2020;A;5:00:00;18388
24/12/2020;B;5:00:00;2852
25/12/2020;A;5:00:00;8004
25/12/2020;B;5:00:00;1094
26/12/2020;A;5:00:00;11461
26/12/2020;B;5:00:00;1692
27/12/2020;A;5:00:00;14140
27/12/2020;B;5:00:00;2160
28/12/2020;A;5:00:00;25137
28/12/2020;B;5:00:00;3899
29/12/2020;A;5:00:00;24548
29/12/2020;B;5:00:00;3932
30/12/2020;A;5:00:00;23512
30/12/2020;B;5:00:00;3652
31/12/2020;A;5:00:00;14354
31/12/2020;B;5:00:00;2204
1/01/2021;A;5:00:00;3487
1/01/2021;B;5:00:00;532
2/01/2021;A;5:00:00;8777
2/01/2021;B;5:00:00;1377
3/01/2021;A;5:00:00;5787
3/01/2021;B;5:00:00;857
4/01/2021;A;5:00:00;26023
4/01/2021;B;5:00:00;4240
5/01/2021;A;5:00:00;26504
5/01/2021;B;5:00:00;4300
6/01/2021;A;5:00:00;26514
6/01/2021;B;5:00:00;4390
7/01/2021;A;5:00:00;26822
7/01/2021;B;5:00:00;4506
8/01/2021;A;5:00:00;27559
8/01/2021;B;5:00:00;4448
9/01/2021;A;5:00:00;16072
9/01/2021;B;5:00:00;2502
10/01/2021;A;5:00:00;6002
10/01/2021;B;5:00:00;860
11/01/2021;A;5:00:00;6662
11/01/2021;B;5:00:00;1112
12/01/2021;A;5:00:00;30173
12/01/2021;B;5:00:00;4896
13/01/2021;A;5:00:00;29363
13/01/2021;B;5:00:00;4877
14/01/2021;A;5:00:00;29311
14/01/2021;B;5:00:00;4881
15/01/2021;A;5:00:00;29360
15/01/2021;B;5:00:00;4937
16/01/2021;A;5:00:00;19116
16/01/2021;B;5:00:00;3139
17/01/2021;A;5:00:00;6103
17/01/2021;B;5:00:00;911
18/01/2021;A;5:00:00;30823
18/01/2021;B;5:00:00;5206
19/01/2021;A;5:00:00;30340
19/01/2021;B;5:00:00;5130
20/01/2021;A;5:00:00;30644
20/01/2021;B;5:00:00;5096
21/01/2021;A;5:00:00;30672
21/01/2021;B;5:00:00;5117
22/01/2021;A;5:00:00;30266
22/01/2021;B;5:00:00;5229
23/01/2021;A;5:00:00;22433
23/01/2021;B;5:00:00;3883
24/01/2021;A;5:00:00;7291
24/01/2021;B;5:00:00;1217
25/01/2021;A;5:00:00;31152
25/01/2021;B;5:00:00;5288
26/01/2021;A;5:00:00;30886
26/01/2021;B;5:00:00;5251
27/01/2021;A;5:00:00;31057
27/01/2021;B;5:00:00;5217
28/01/2021;A;5:00:00;31123
28/01/2021;B;5:00:00;5389
29/01/2021;A;5:00:00;31145
29/01/2021;B;5:00:00;5294
30/01/2021;A;5:00:00;22977
30/01/2021;B;5:00:00;3926
31/01/2021;A;5:00:00;7219
31/01/2021;B;5:00:00;1122
1/02/2021;A;5:00:00;31510
1/02/2021;B;5:00:00;5213
2/02/2021;A;5:00:00;31670
2/02/2021;B;5:00:00;5402
3/02/2021;A;5:00:00;32067
3/02/2021;B;5:00:00;5467
4/02/2021;A;5:00:00;31935
4/02/2021;B;5:00:00;5458
5/02/2021;A;5:00:00;31927
5/02/2021;B;5:00:00;5405
6/02/2021;A;5:00:00;23428
6/02/2021;B;5:00:00;4026
7/02/2021;A;5:00:00;7363
7/02/2021;B;5:00:00;1253
8/02/2021;A;5:00:00;32599
8/02/2021;B;5:00:00;5565
9/02/2021;A;5:00:00;32503
9/02/2021;B;5:00:00;5444
10/02/2021;A;5:00:00;32616
10/02/2021;B;5:00:00;5610
11/02/2021;A;5:00:00;32460
11/02/2021;B;5:00:00;5547
12/02/2021;A;5:00:00;32338
12/02/2021;B;5:00:00;5489
13/02/2021;A;5:00:00;24047
13/02/2021;B;5:00:00;4122
14/02/2021;A;5:00:00;7725
14/02/2021;B;5:00:00;1247
15/02/2021;A;5:00:00;32878
15/02/2021;B;5:00:00;5557
16/02/2021;A;5:00:00;32833
16/02/2021;B;5:00:00;5572
17/02/2021;A;5:00:00;32860
17/02/2021;B;5:00:00;5591
18/02/2021;A;5:00:00;33150
18/02/2021;B;5:00:00;5719
19/02/2021;A;5:00:00;32409
19/02/2021;B;5:00:00;5716
20/02/2021;A;5:00:00;23852
20/02/2021;B;5:00:00;4125
21/02/2021;A;5:00:00;8017
21/02/2021;B;5:00:00;1292
22/02/2021;A;5:00:00;33095
22/02/2021;B;5:00:00;5686
23/02/2021;A;5:00:00;33565
23/02/2021;B;5:00:00;5769
24/02/2021;A;5:00:00;33960
24/02/2021;B;5:00:00;5659
25/02/2021;A;5:00:00;33839
25/02/2021;B;5:00:00;5796
26/02/2021;A;5:00:00;33769
26/02/2021;B;5:00:00;5726
27/02/2021;A;5:00:00;24514
27/02/2021;B;5:00:00;4208
28/02/2021;A;5:00:00;9107
28/02/2021;B;5:00:00;1306
1/03/2021;A;5:00:00;33665
1/03/2021;B;5:00:00;5608
2/03/2021;A;5:00:00;33580
2/03/2021;B;5:00:00;5727
3/03/2021;A;5:00:00;33720
3/03/2021;B;5:00:00;5755
4/03/2021;A;5:00:00;33789
4/03/2021;B;5:00:00;5871
5/03/2021;A;5:00:00;33874
5/03/2021;B;5:00:00;5781
6/03/2021;A;5:00:00;24515
6/03/2021;B;5:00:00;4186
7/03/2021;A;5:00:00;7903
7/03/2021;B;5:00:00;1253
8/03/2021;A;5:00:00;33484
8/03/2021;B;5:00:00;5641
9/03/2021;A;5:00:00;34541
9/03/2021;B;5:00:00;5781
10/03/2021;A;5:00:00;34828
10/03/2021;B;5:00:00;5813
11/03/2021;A;5:00:00;34788
11/03/2021;B;5:00:00;6807
12/03/2021;A;5:00:00;34284
12/03/2021;B;5:00:00;5839
13/03/2021;A;5:00:00;24909
13/03/2021;B;5:00:00;4287
14/03/2021;A;5:00:00;7983
14/03/2021;B;5:00:00;1272
15/03/2021;A;5:00:00;34486
15/03/2021;B;5:00:00;5701
16/03/2021;A;5:00:00;34164
16/03/2021;B;5:00:00;5866
17/03/2021;A;5:00:00;34453
17/03/2021;B;5:00:00;5779
18/03/2021;A;5:00:00;34674
18/03/2021;B;5:00:00;5827
19/03/2021;A;5:00:00;34211
19/03/2021;B;5:00:00;5880
20/03/2021;A;5:00:00;24754
20/03/2021;B;5:00:00;4269
21/03/2021;A;5:00:00;8425
21/03/2021;B;5:00:00;1337
22/03/2021;A;5:00:00;8691
22/03/2021;B;5:00:00;1463
23/03/2021;A;5:00:00;26498
23/03/2021;B;5:00:00;6222
24/03/2021;A;5:00:00;31723
24/03/2021;B;5:00:00;6116
25/03/2021;A;5:00:00;31240
25/03/2021;B;5:00:00;6041
26/03/2021;A;5:00:00;31194
26/03/2021;B;5:00:00;5992
27/03/2021;A;5:00:00;23781
27/03/2021;B;5:00:00;4372
28/03/2021;A;5:00:00;8152
28/03/2021;B;5:00:00;1400
29/03/2021;A;5:00:00;29544
29/03/2021;B;5:00:00;5365
30/03/2021;A;5:00:00;28783
30/03/2021;B;5:00:00;5336
31/03/2021;A;5:00:00;27934
31/03/2021;B;5:00:00;5346
1/04/2021;A;5:00:00;8355
1/04/2021;B;5:00:00;1419
2/04/2021;A;5:00:00;5558
2/04/2021;B;5:00:00;935
3/04/2021;A;5:00:00;11829
3/04/2021;B;5:00:00;1949
4/04/2021;A;5:00:00;6040
4/04/2021;B;5:00:00;962
5/04/2021;A;5:00:00;31935
5/04/2021;B;5:00:00;5783
6/04/2021;A;5:00:00;31807
6/04/2021;B;5:00:00;5956
7/04/2021;A;5:00:00;32343
7/04/2021;B;5:00:00;5693
8/04/2021;A;5:00:00;33074
8/04/2021;B;5:00:00;5596
9/04/2021;A;5:00:00;21233
9/04/2021;B;5:00:00;3660
10/04/2021;A;5:00:00;16100
10/04/2021;B;5:00:00;2609
11/04/2021;A;5:00:00;6095
11/04/2021;B;5:00:00;893
12/04/2021;A;5:00:00;32860
12/04/2021;B;5:00:00;5909
13/04/2021;A;5:00:00;33090
13/04/2021;B;5:00:00;5799
14/04/2021;A;5:00:00;31896
14/04/2021;B;5:00:00;5518
15/04/2021;A;5:00:00;30691
15/04/2021;B;5:00:00;5140
16/04/2021;A;5:00:00;24703
16/04/2021;B;5:00:00;4306
17/04/2021;A;5:00:00;20055
17/04/2021;B;5:00:00;3398
18/04/2021;A;5:00:00;6242
18/04/2021;B;5:00:00;954
19/04/2021;A;5:00:00;30569
19/04/2021;B;5:00:00;5205
20/04/2021;A;5:00:00;30557
20/04/2021;B;5:00:00;5234
21/04/2021;A;5:00:00;30103
21/04/2021;B;5:00:00;5116
22/04/2021;A;5:00:00;30204
22/04/2021;B;5:00:00;5176
23/04/2021;A;5:00:00;25414
23/04/2021;B;5:00:00;4568
24/04/2021;A;5:00:00;20183
24/04/2021;B;5:00:00;3527
25/04/2021;A;5:00:00;6431
25/04/2021;B;5:00:00;967
26/04/2021;A;5:00:00;30779
26/04/2021;B;5:00:00;5117
27/04/2021;A;5:00:00;30204
27/04/2021;B;5:00:00;5296
28/04/2021;A;5:00:00;30346
28/04/2021;B;5:00:00;5312
29/04/2021;A;5:00:00;29476
29/04/2021;B;5:00:00;5112
30/04/2021;A;5:00:00;25901
30/04/2021;B;5:00:00;4640
1/05/2021;A;5:00:00;8597
1/05/2021;B;5:00:00;1404
2/05/2021;A;5:00:00;3709
2/05/2021;B;5:00:00;511
3/05/2021;A;5:00:00;30334
3/05/2021;B;5:00:00;5260
4/05/2021;A;5:00:00;30407
4/05/2021;B;5:00:00;5284
5/05/2021;A;5:00:00;29648
5/05/2021;B;5:00:00;5346
6/05/2021;A;5:00:00;30246
6/05/2021;B;5:00:00;5357
7/05/2021;A;5:00:00;30396
7/05/2021;B;5:00:00;5472
8/05/2021;A;5:00:00;20727
8/05/2021;B;5:00:00;3562
9/05/2021;A;5:00:00;6326
9/05/2021;B;5:00:00;938
10/05/2021;A;5:00:00;31027
10/05/2021;B;5:00:00;5458
11/05/2021;A;5:00:00;31881
11/05/2021;B;5:00:00;5609
12/05/2021;A;5:00:00;31988
12/05/2021;B;5:00:00;5651
13/05/2021;A;5:00:00;32085
13/05/2021;B;5:00:00;5623
14/05/2021;A;5:00:00;31605
14/05/2021;B;5:00:00;5628
15/05/2021;A;5:00:00;22650
15/05/2021;B;5:00:00;3841
16/05/2021;A;5:00:00;7191
16/05/2021;B;5:00:00;1114
17/05/2021;A;5:00:00;8087
17/05/2021;B;5:00:00;1272
18/05/2021;A;5:00:00;32918
18/05/2021;B;5:00:00;5637
19/05/2021;A;5:00:00;32548
19/05/2021;B;5:00:00;5616
20/05/2021;A;5:00:00;33086
20/05/2021;B;5:00:00;5748
21/05/2021;A;5:00:00;32103
21/05/2021;B;5:00:00;5782
22/05/2021;A;5:00:00;21672
22/05/2021;B;5:00:00;3871
23/05/2021;A;5:00:00;7503
23/05/2021;B;5:00:00;1223
24/05/2021;A;5:00:00;33256
24/05/2021;B;5:00:00;5834
25/05/2021;A;5:00:00;32976
25/05/2021;B;5:00:00;5799
26/05/2021;A;5:00:00;33013
26/05/2021;B;5:00:00;5775
27/05/2021;A;5:00:00;32904
27/05/2021;B;5:00:00;5714
28/05/2021;A;5:00:00;32619
28/05/2021;B;5:00:00;5670
29/05/2021;A;5:00:00;22887
29/05/2021;B;5:00:00;3923
30/05/2021;A;5:00:00;7211
30/05/2021;B;5:00:00;1118
31/05/2021;A;5:00:00;32153
31/05/2021;B;5:00:00;5527
1/06/2021;A;5:00:00;31593
1/06/2021;B;5:00:00;5513
2/06/2021;A;5:00:00;33098
2/06/2021;B;5:00:00;5693
3/06/2021;A;5:00:00;33260
3/06/2021;B;5:00:00;5888
4/06/2021;A;5:00:00;32501
4/06/2021;B;5:00:00;5748
5/06/2021;A;5:00:00;23189
5/06/2021;B;5:00:00;4073
6/06/2021;A;5:00:00;7952
6/06/2021;B;5:00:00;1287
7/06/2021;A;5:00:00;8468
7/06/2021;B;5:00:00;1296
8/06/2021;A;5:00:00;35299
8/06/2021;B;5:00:00;5901
9/06/2021;A;5:00:00;34142
9/06/2021;B;5:00:00;5676
10/06/2021;A;5:00:00;35117
10/06/2021;B;5:00:00;5886
11/06/2021;A;5:00:00;34894
11/06/2021;B;5:00:00;5878
12/06/2021;A;5:00:00;25370
12/06/2021;B;5:00:00;4137
13/06/2021;A;5:00:00;7994
13/06/2021;B;5:00:00;1327
14/06/2021;A;5:00:00;8960
14/06/2021;B;5:00:00;1434
15/06/2021;A;5:00:00;33756
15/06/2021;B;5:00:00;5602
16/06/2021;A;5:00:00;32734
16/06/2021;B;5:00:00;5638
17/06/2021;A;5:00:00;34512
17/06/2021;B;5:00:00;5787
18/06/2021;A;5:00:00;33911
18/06/2021;B;5:00:00;6555
19/06/2021;A;5:00:00;23639
19/06/2021;B;5:00:00;4957
20/06/2021;A;5:00:00;7637
20/06/2021;B;5:00:00;1169
21/06/2021;A;5:00:00;32099
21/06/2021;B;5:00:00;6362
22/06/2021;A;5:00:00;32422
22/06/2021;B;5:00:00;6532
23/06/2021;A;5:00:00;32535
23/06/2021;B;5:00:00;6547
24/06/2021;A;5:00:00;31884
24/06/2021;B;5:00:00;6588
25/06/2021;A;5:00:00;31620
25/06/2021;B;5:00:00;5727
26/06/2021;A;5:00:00;23362
26/06/2021;B;5:00:00;4162
27/06/2021;A;5:00:00;8568
27/06/2021;B;5:00:00;1356
28/06/2021;A;5:00:00;31531
28/06/2021;B;5:00:00;5558
29/06/2021;A;5:00:00;32502
29/06/2021;B;5:00:00;5784
30/06/2021;A;5:00:00;32467
30/06/2021;B;5:00:00;5684
1/07/2021;A;5:00:00;32227
1/07/2021;B;5:00:00;5812
2/07/2021;A;5:00:00;31971
2/07/2021;B;5:00:00;5702
3/07/2021;A;5:00:00;23425
3/07/2021;B;5:00:00;4154
4/07/2021;A;5:00:00;8035
4/07/2021;B;5:00:00;1319
5/07/2021;A;5:00:00;8766
5/07/2021;B;5:00:00;1351
6/07/2021;A;5:00:00;33204
6/07/2021;B;5:00:00;5915
7/07/2021;A;5:00:00;33277
7/07/2021;B;5:00:00;5924
8/07/2021;A;5:00:00;33352
8/07/2021;B;5:00:00;5888
9/07/2021;A;5:00:00;33149
9/07/2021;B;5:00:00;5868
10/07/2021;A;5:00:00;24267
10/07/2021;B;5:00:00;4320
11/07/2021;A;5:00:00;8346
11/07/2021;B;5:00:00;1275
12/07/2021;A;5:00:00;34180
12/07/2021;B;5:00:00;5877
13/07/2021;A;5:00:00;34085
13/07/2021;B;5:00:00;5961
14/07/2021;A;5:00:00;34406
14/07/2021;B;5:00:00;5993
15/07/2021;A;5:00:00;34318
15/07/2021;B;5:00:00;5927
16/07/2021;A;5:00:00;33683
16/07/2021;B;5:00:00;5862
17/07/2021;A;5:00:00;24078
17/07/2021;B;5:00:00;4182
18/07/2021;A;5:00:00;8513
18/07/2021;B;5:00:00;1339
19/07/2021;A;5:00:00;31050
19/07/2021;B;5:00:00;5364
20/07/2021;A;5:00:00;11074
20/07/2021;B;5:00:00;1817
21/07/2021;A;5:00:00;35540
21/07/2021;B;5:00:00;6124
22/07/2021;A;5:00:00;35147
22/07/2021;B;5:00:00;6058
23/07/2021;A;5:00:00;34329
23/07/2021;B;5:00:00;5983
24/07/2021;A;5:00:00;24324
24/07/2021;B;5:00:00;4311
25/07/2021;A;5:00:00;8584
25/07/2021;B;5:00:00;1416
26/07/2021;A;5:00:00;35463
26/07/2021;B;5:00:00;6020
27/07/2021;A;5:00:00;34560
27/07/2021;B;5:00:00;6080
28/07/2021;A;5:00:00;35481
28/07/2021;B;5:00:00;6008
29/07/2021;A;5:00:00;35829
29/07/2021;B;5:00:00;6178
30/07/2021;A;5:00:00;34490
30/07/2021;B;5:00:00;6015
31/07/2021;A;5:00:00;24121
31/07/2021;B;5:00:00;4186
1/08/2021;A;5:00:00;7789
1/08/2021;B;5:00:00;1305
2/08/2021;A;5:00:00;35390
2/08/2021;B;5:00:00;6071
3/08/2021;A;5:00:00;35882
3/08/2021;B;5:00:00;6085
4/08/2021;A;5:00:00;36115
4/08/2021;B;5:00:00;6206
5/08/2021;A;5:00:00;36412
5/08/2021;B;5:00:00;6238
6/08/2021;A;5:00:00;35642
6/08/2021;B;5:00:00;6126
7/08/2021;A;5:00:00;14069
7/08/2021;B;5:00:00;2354
8/08/2021;A;5:00:00;6995
8/08/2021;B;5:00:00;1145
9/08/2021;A;5:00:00;36033
9/08/2021;B;5:00:00;6194
10/08/2021;A;5:00:00;35571
10/08/2021;B;5:00:00;5763
11/08/2021;A;5:00:00;36464
11/08/2021;B;5:00:00;6203
12/08/2021;A;5:00:00;36742
12/08/2021;B;5:00:00;6216
13/08/2021;A;5:00:00;35298
13/08/2021;B;5:00:00;6102
14/08/2021;A;5:00:00;24842
14/08/2021;B;5:00:00;4135
15/08/2021;A;5:00:00;8667
15/08/2021;B;5:00:00;1375
16/08/2021;A;5:00:00;9442
16/08/2021;B;5:00:00;1561
17/08/2021;A;5:00:00;35730
17/08/2021;B;5:00:00;6177
18/08/2021;A;5:00:00;36479
18/08/2021;B;5:00:00;6294
19/08/2021;A;5:00:00;37153
19/08/2021;B;5:00:00;6485
20/08/2021;A;5:00:00;36630
20/08/2021;B;5:00:00;6438
21/08/2021;A;5:00:00;25670
21/08/2021;B;5:00:00;4505
22/08/2021;A;5:00:00;9154
22/08/2021;B;5:00:00;1485
23/08/2021;A;5:00:00;35642
23/08/2021;B;5:00:00;6119
24/08/2021;A;5:00:00;38103
24/08/2021;B;5:00:00;6360
25/08/2021;A;5:00:00;37257
25/08/2021;B;5:00:00;6396
26/08/2021;A;5:00:00;37485
26/08/2021;B;5:00:00;6348
27/08/2021;A;5:00:00;36928
27/08/2021;B;5:00:00;6321
28/08/2021;A;5:00:00;25463
28/08/2021;B;5:00:00;4436
29/08/2021;A;5:00:00;9224
29/08/2021;B;5:00:00;1503
30/08/2021;A;5:00:00;36843
30/08/2021;B;5:00:00;6129
31/08/2021;A;5:00:00;37252
31/08/2021;B;5:00:00;6421
1/09/2021;A;5:00:00;37255
1/09/2021;B;5:00:00;6485
2/09/2021;A;5:00:00;38406
2/09/2021;B;5:00:00;6503
3/09/2021;A;5:00:00;37598
3/09/2021;B;5:00:00;6409
4/09/2021;A;5:00:00;26586
4/09/2021;B;5:00:00;4575
5/09/2021;A;5:00:00;9440
5/09/2021;B;5:00:00;1699
6/09/2021;A;5:00:00;37774
6/09/2021;B;5:00:00;6439
7/09/2021;A;5:00:00;38859
7/09/2021;B;5:00:00;6654
8/09/2021;A;5:00:00;38895
8/09/2021;B;5:00:00;6676
9/09/2021;A;5:00:00;38876
9/09/2021;B;5:00:00;6701
10/09/2021;A;5:00:00;37941
10/09/2021;B;5:00:00;6532
11/09/2021;A;5:00:00;26290
11/09/2021;B;5:00:00;4515
12/09/2021;A;5:00:00;9492
12/09/2021;B;5:00:00;1513
13/09/2021;A;5:00:00;38784
13/09/2021;B;5:00:00;6543
14/09/2021;A;5:00:00;39406
14/09/2021;B;5:00:00;6665
15/09/2021;A;5:00:00;36770
15/09/2021;B;5:00:00;6247
16/09/2021;A;5:00:00;39421
16/09/2021;B;5:00:00;6644
17/09/2021;A;5:00:00;38455
17/09/2021;B;5:00:00;6594
18/09/2021;A;5:00:00;26668
18/09/2021;B;5:00:00;4575
19/09/2021;A;5:00:00;8825
19/09/2021;B;5:00:00;1400
20/09/2021;A;5:00:00;39417
20/09/2021;B;5:00:00;6568
21/09/2021;A;5:00:00;35305
21/09/2021;B;5:00:00;6670
22/09/2021;A;5:00:00;39808
22/09/2021;B;5:00:00;6656
23/09/2021;A;5:00:00;38978
23/09/2021;B;5:00:00;6678
24/09/2021;A;5:00:00;38704
24/09/2021;B;5:00:00;6693
25/09/2021;A;5:00:00;27123
25/09/2021;B;5:00:00;4778
26/09/2021;A;5:00:00;10249
26/09/2021;B;5:00:00;1559
27/09/2021;A;5:00:00;39311
27/09/2021;B;5:00:00;6659
28/09/2021;A;5:00:00;39186
28/09/2021;B;5:00:00;6807
29/09/2021;A;5:00:00;38350
29/09/2021;B;5:00:00;6471
30/09/2021;A;5:00:00;39880
30/09/2021;B;5:00:00;6803
1/10/2021;A;5:00:00;38109
1/10/2021;B;5:00:00;6387
2/10/2021;A;5:00:00;26226
2/10/2021;B;5:00:00;4575
3/10/2021;A;5:00:00;9244
3/10/2021;B;5:00:00;1603
4/10/2021;A;5:00:00;40411
4/10/2021;B;5:00:00;6887
5/10/2021;A;5:00:00;38920
5/10/2021;B;5:00:00;6662
6/10/2021;A;5:00:00;40321
6/10/2021;B;5:00:00;6911
7/10/2021;A;5:00:00;40428
7/10/2021;B;5:00:00;6978
8/10/2021;A;5:00:00;39923
8/10/2021;B;5:00:00;6860
9/10/2021;A;5:00:00;27156
9/10/2021;B;5:00:00;4762
10/10/2021;A;5:00:00;10156
10/10/2021;B;5:00:00;1603
11/10/2021;A;5:00:00;37664
11/10/2021;B;5:00:00;6356
12/10/2021;A;5:00:00;38829
12/10/2021;B;5:00:00;6624
13/10/2021;A;5:00:00;37800
13/10/2021;B;5:00:00;6593
14/10/2021;A;5:00:00;38954
14/10/2021;B;5:00:00;6665
15/10/2021;A;5:00:00;37305
15/10/2021;B;5:00:00;6508
16/10/2021;A;5:00:00;26367
16/10/2021;B;5:00:00;4519
17/10/2021;A;5:00:00;9612
17/10/2021;B;5:00:00;1454
18/10/2021;A;5:00:00;10265
18/10/2021;B;5:00:00;1612
19/10/2021;A;5:00:00;40761
19/10/2021;B;5:00:00;6946
20/10/2021;A;5:00:00;40617
20/10/2021;B;5:00:00;7017
21/10/2021;A;5:00:00;41255
21/10/2021;B;5:00:00;7008
22/10/2021;A;5:00:00;39552
22/10/2021;B;5:00:00;6943
23/10/2021;A;5:00:00;28239
23/10/2021;B;5:00:00;4888
24/10/2021;A;5:00:00;10398
24/10/2021;B;5:00:00;1643
25/10/2021;A;5:00:00;41442
25/10/2021;B;5:00:00;6964
26/10/2021;A;5:00:00;41379
26/10/2021;B;5:00:00;6985
27/10/2021;A;5:00:00;40713
27/10/2021;B;5:00:00;7077
28/10/2021;A;5:00:00;41640
28/10/2021;B;5:00:00;7038
29/10/2021;A;5:00:00;38390
29/10/2021;B;5:00:00;6464
30/10/2021;A;5:00:00;27856
30/10/2021;B;5:00:00;4958
31/10/2021;A;5:00:00;9762
31/10/2021;B;5:00:00;1611
1/11/2021;A;5:00:00;10136
1/11/2021;B;5:00:00;1657
2/11/2021;A;5:00:00;41964
2/11/2021;B;5:00:00;7027
3/11/2021;A;5:00:00;41033
3/11/2021;B;5:00:00;6891
4/11/2021;A;5:00:00;41323
4/11/2021;B;5:00:00;7065
5/11/2021;A;5:00:00;40624
5/11/2021;B;5:00:00;7019
6/11/2021;A;5:00:00;28397
6/11/2021;B;5:00:00;4848
7/11/2021;A;5:00:00;10838
7/11/2021;B;5:00:00;1775
8/11/2021;A;5:00:00;41163
8/11/2021;B;5:00:00;6752
9/11/2021;A;5:00:00;41478
9/11/2021;B;5:00:00;7018
10/11/2021;A;5:00:00;41584
10/11/2021;B;5:00:00;6921
11/11/2021;A;5:00:00;41435
11/11/2021;B;5:00:00;7111
12/11/2021;A;5:00:00;40921
12/11/2021;B;5:00:00;7128
13/11/2021;A;5:00:00;27808
13/11/2021;B;5:00:00;4857
14/11/2021;A;5:00:00;10332
14/11/2021;B;5:00:00;1701
15/11/2021;A;5:00:00;11177
15/11/2021;B;5:00:00;1856
16/11/2021;A;5:00:00;41637
16/11/2021;B;5:00:00;6945
17/11/2021;A;5:00:00;41320
17/11/2021;B;5:00:00;6838
18/11/2021;A;5:00:00;41869
18/11/2021;B;5:00:00;7049
19/11/2021;A;5:00:00;41205
19/11/2021;B;5:00:00;6791
20/11/2021;A;5:00:00;28653
20/11/2021;B;5:00:00;4896
21/11/2021;A;5:00:00;10995
21/11/2021;B;5:00:00;1783
22/11/2021;A;5:00:00;40931
22/11/2021;B;5:00:00;6828
23/11/2021;A;5:00:00;40947
23/11/2021;B;5:00:00;6842
24/11/2021;A;5:00:00;39992
24/11/2021;B;5:00:00;6791
25/11/2021;A;5:00:00;39713
25/11/2021;B;5:00:00;6864
26/11/2021;A;5:00:00;40118
26/11/2021;B;5:00:00;6778
27/11/2021;A;5:00:00;27266
27/11/2021;B;5:00:00;4683
28/11/2021;A;5:00:00;5179
28/11/2021;B;5:00:00;965
29/11/2021;A;5:00:00;39979
29/11/2021;B;5:00:00;6719
30/11/2021;A;5:00:00;39701
30/11/2021;B;5:00:00;6850
1/12/2021;A;5:00:00;37927
1/12/2021;B;5:00:00;6451
2/12/2021;A;5:00:00;39437
2/12/2021;B;5:00:00;6694
3/12/2021;A;5:00:00;39152
3/12/2021;B;5:00:00;6769
4/12/2021;A;5:00:00;27928
4/12/2021;B;5:00:00;4630
5/12/2021;A;5:00:00;10743
5/12/2021;B;5:00:00;1828
6/12/2021;A;5:00:00;39319
6/12/2021;B;5:00:00;6636
7/12/2021;A;5:00:00;39645
7/12/2021;B;5:00:00;6633
8/12/2021;A;5:00:00;11648
8/12/2021;B;5:00:00;1902
9/12/2021;A;5:00:00;39685
9/12/2021;B;5:00:00;6604
10/12/2021;A;5:00:00;39453
10/12/2021;B;5:00:00;6521
11/12/2021;A;5:00:00;27913
11/12/2021;B;5:00:00;4912
12/12/2021;A;5:00:00;11086
12/12/2021;B;5:00:00;1685
13/12/2021;A;5:00:00;38822
13/12/2021;B;5:00:00;6427
14/12/2021;A;5:00:00;38435
14/12/2021;B;5:00:00;6406
15/12/2021;A;5:00:00;38183
15/12/2021;B;5:00:00;6455
16/12/2021;A;5:00:00;37569
16/12/2021;B;5:00:00;6207
17/12/2021;A;5:00:00;36981
17/12/2021;B;5:00:00;6328
18/12/2021;A;5:00:00;25701
18/12/2021;B;5:00:00;4390
19/12/2021;A;5:00:00;11006
19/12/2021;B;5:00:00;1721
20/12/2021;A;5:00:00;35840
20/12/2021;B;5:00:00;5821
21/12/2021;A;5:00:00;35172
21/12/2021;B;5:00:00;5861
22/12/2021;A;5:00:00;35002
22/12/2021;B;5:00:00;5695
23/12/2021;A;5:00:00;33120
23/12/2021;B;5:00:00;5459
24/12/2021;A;5:00:00;19753
24/12/2021;B;5:00:00;3109
25/12/2021;A;5:00:00;4841
25/12/2021;B;5:00:00;675
26/12/2021;A;5:00:00;6990
26/12/2021;B;5:00:00;1055
27/12/2021;A;5:00:00;29246
27/12/2021;B;5:00:00;4661
28/12/2021;A;5:00:00;29566
28/12/2021;B;5:00:00;4639
29/12/2021;A;5:00:00;27995
29/12/2021;B;5:00:00;4557
30/12/2021;A;5:00:00;26951
30/12/2021;B;5:00:00;4350
31/12/2021;A;5:00:00;14486
31/12/2021;B;5:00:00;2296
1/01/2022;A;5:00:00;4363
1/01/2022;B;5:00:00;674
2/01/2022;A;5:00:00;6073
2/01/2022;B;5:00:00;924
3/01/2022;A;5:00:00;26477
3/01/2022;B;5:00:00;4220
4/01/2022;A;5:00:00;27877
4/01/2022;B;5:00:00;4521
5/01/2022;A;5:00:00;27720
5/01/2022;B;5:00:00;4603
6/01/2022;A;5:00:00;27619
6/01/2022;B;5:00:00;4478
7/01/2022;A;5:00:00;27287
7/01/2022;B;5:00:00;4403
8/01/2022;A;5:00:00;20466
8/01/2022;B;5:00:00;3397
9/01/2022;A;5:00:00;8618
9/01/2022;B;5:00:00;1341
10/01/2022;A;5:00:00;9119
10/01/2022;B;5:00:00;1431
11/01/2022;A;5:00:00;33106
11/01/2022;B;5:00:00;5518
12/01/2022;A;5:00:00;33405
12/01/2022;B;5:00:00;5609
13/01/2022;A;5:00:00;34143
13/01/2022;B;5:00:00;5702
14/01/2022;A;5:00:00;33569
14/01/2022;B;5:00:00;5763
15/01/2022;A;5:00:00;24160
15/01/2022;B;5:00:00;4238
16/01/2022;A;5:00:00;8989
16/01/2022;B;5:00:00;1446
17/01/2022;A;5:00:00;37218
17/01/2022;B;5:00:00;6184
18/01/2022;A;5:00:00;37777
18/01/2022;B;5:00:00;6375
19/01/2022;A;5:00:00;37928
19/01/2022;B;5:00:00;6396
20/01/2022;A;5:00:00;38255
20/01/2022;B;5:00:00;6611
21/01/2022;A;5:00:00;38223
21/01/2022;B;5:00:00;6559
22/01/2022;A;5:00:00;25721
22/01/2022;B;5:00:00;4424
23/01/2022;A;5:00:00;9480
23/01/2022;B;5:00:00;1490
24/01/2022;A;5:00:00;40361
24/01/2022;B;5:00:00;6782
25/01/2022;A;5:00:00;40027
25/01/2022;B;5:00:00;6764
26/01/2022;A;5:00:00;40159
26/01/2022;B;5:00:00;6954
27/01/2022;A;5:00:00;40153
27/01/2022;B;5:00:00;6947
28/01/2022;A;5:00:00;39957
28/01/2022;B;5:00:00;6954
29/01/2022;A;5:00:00;26162
29/01/2022;B;5:00:00;4655
30/01/2022;A;5:00:00;9737
30/01/2022;B;5:00:00;1584
31/01/2022;A;5:00:00;40826
31/01/2022;B;5:00:00;6883
1/02/2022;A;5:00:00;42607
1/02/2022;B;5:00:00;7298
2/02/2022;A;5:00:00;42844
2/02/2022;B;5:00:00;7430
3/02/2022;A;5:00:00;43549
3/02/2022;B;5:00:00;7482
4/02/2022;A;5:00:00;42120
4/02/2022;B;5:00:00;7257
5/02/2022;A;5:00:00;27284
5/02/2022;B;5:00:00;4699
6/02/2022;A;5:00:00;9615
6/02/2022;B;5:00:00;1539
7/02/2022;A;5:00:00;43746
7/02/2022;B;5:00:00;7516
8/02/2022;A;5:00:00;45322
8/02/2022;B;5:00:00;7656
9/02/2022;A;5:00:00;45638
9/02/2022;B;5:00:00;7842
10/02/2022;A;5:00:00;45244
10/02/2022;B;5:00:00;7737
11/02/2022;A;5:00:00;45381
11/02/2022;B;5:00:00;7773
12/02/2022;A;5:00:00;28057
12/02/2022;B;5:00:00;4869
13/02/2022;A;5:00:00;9750
13/02/2022;B;5:00:00;1525
14/02/2022;A;5:00:00;44871
14/02/2022;B;5:00:00;7892
15/02/2022;A;5:00:00;46503
15/02/2022;B;5:00:00;7906
16/02/2022;A;5:00:00;45606
16/02/2022;B;5:00:00;7931
17/02/2022;A;5:00:00;45814
17/02/2022;B;5:00:00;7916
18/02/2022;A;5:00:00;44655
18/02/2022;B;5:00:00;7643
19/02/2022;A;5:00:00;29106
19/02/2022;B;5:00:00;4890
20/02/2022;A;5:00:00;10148
20/02/2022;B;5:00:00;1575
21/02/2022;A;5:00:00;45025
21/02/2022;B;5:00:00;7788
22/02/2022;A;5:00:00;46528
22/02/2022;B;5:00:00;7942
23/02/2022;A;5:00:00;46362
23/02/2022;B;5:00:00;7919
24/02/2022;A;5:00:00;46325
24/02/2022;B;5:00:00;7887
25/02/2022;A;5:00:00;44653
25/02/2022;B;5:00:00;7793
26/02/2022;A;5:00:00;28767
26/02/2022;B;5:00:00;4996
27/02/2022;A;5:00:00;9846
27/02/2022;B;5:00:00;1532
28/02/2022;A;5:00:00;43375
28/02/2022;B;5:00:00;7206
1/03/2022;A;5:00:00;45960
1/03/2022;B;5:00:00;7914
2/03/2022;A;5:00:00;45104
2/03/2022;B;5:00:00;7852
3/03/2022;A;5:00:00;46827
3/03/2022;B;5:00:00;8031
4/03/2022;A;5:00:00;45678
4/03/2022;B;5:00:00;7811
5/03/2022;A;5:00:00;27336
5/03/2022;B;5:00:00;4619
6/03/2022;A;5:00:00;9408
6/03/2022;B;5:00:00;1517
7/03/2022;A;5:00:00;45540
7/03/2022;B;5:00:00;7698
8/03/2022;A;5:00:00;45507
8/03/2022;B;5:00:00;7984
9/03/2022;A;5:00:00;46178
9/03/2022;B;5:00:00;7979
10/03/2022;A;5:00:00;46473
10/03/2022;B;5:00:00;8221
11/03/2022;A;5:00:00;45625
11/03/2022;B;5:00:00;8040
12/03/2022;A;5:00:00;28184
12/03/2022;B;5:00:00;4916
13/03/2022;A;5:00:00;870
13/03/2022;B;5:00:00;90
14/03/2022;A;5:00:00;45459
14/03/2022;B;5:00:00;7901
15/03/2022;A;5:00:00;48317
15/03/2022;B;5:00:00;8224
16/03/2022;A;5:00:00;46579
16/03/2022;B;5:00:00;8180
17/03/2022;A;5:00:00;46167
17/03/2022;B;5:00:00;8096
18/03/2022;A;5:00:00;45333
18/03/2022;B;5:00:00;7801
19/03/2022;A;5:00:00;27754
19/03/2022;B;5:00:00;4814
20/03/2022;A;5:00:00;9986
20/03/2022;B;5:00:00;1596
21/03/2022;A;5:00:00;9811
21/03/2022;B;5:00:00;1642
22/03/2022;A;5:00:00;47012
22/03/2022;B;5:00:00;8193
23/03/2022;A;5:00:00;46961
23/03/2022;B;5:00:00;8173
24/03/2022;A;5:00:00;47069
24/03/2022;B;5:00:00;8140
25/03/2022;A;5:00:00;45761
25/03/2022;B;5:00:00;8005
26/03/2022;A;5:00:00;29529
26/03/2022;B;5:00:00;5050
27/03/2022;A;5:00:00;10456
27/03/2022;B;5:00:00;1932
28/03/2022;A;5:00:00;46619
28/03/2022;B;5:00:00;8077
29/03/2022;A;5:00:00;47730
29/03/2022;B;5:00:00;8239
30/03/2022;A;5:00:00;47911
30/03/2022;B;5:00:00;8390
31/03/2022;A;5:00:00;47430
31/03/2022;B;5:00:00;8110
1/04/2022;A;5:00:00;45337
1/04/2022;B;5:00:00;7668
2/04/2022;A;5:00:00;29768
2/04/2022;B;5:00:00;5061
3/04/2022;A;5:00:00;9726
3/04/2022;B;5:00:00;1660
4/04/2022;A;5:00:00;45858
4/04/2022;B;5:00:00;8082
5/04/2022;A;5:00:00;46747
5/04/2022;B;5:00:00;7770
6/04/2022;A;5:00:00;47256
6/04/2022;B;5:00:00;8392
7/04/2022;A;5:00:00;47449
7/04/2022;B;5:00:00;8017
8/04/2022;A;5:00:00;44420
8/04/2022;B;5:00:00;7775
9/04/2022;A;5:00:00;30118
9/04/2022;B;5:00:00;5165
10/04/2022;A;5:00:00;11076
10/04/2022;B;5:00:00;1707
11/04/2022;A;5:00:00;39847
11/04/2022;B;5:00:00;6838
12/04/2022;A;5:00:00;38865
12/04/2022;B;5:00:00;6657
13/04/2022;A;5:00:00;36056
13/04/2022;B;5:00:00;6212
14/04/2022;A;5:00:00;11453
14/04/2022;B;5:00:00;1706
15/04/2022;A;5:00:00;7667
15/04/2022;B;5:00:00;1175
16/04/2022;A;5:00:00;13050
16/04/2022;B;5:00:00;2097
17/04/2022;A;5:00:00;7952
17/04/2022;B;5:00:00;1267
18/04/2022;A;5:00:00;45954
18/04/2022;B;5:00:00;7929
19/04/2022;A;5:00:00;48961
19/04/2022;B;5:00:00;8306
20/04/2022;A;5:00:00;47299
20/04/2022;B;5:00:00;8024
21/04/2022;A;5:00:00;47824
21/04/2022;B;5:00:00;8083
22/04/2022;A;5:00:00;48279
22/04/2022;B;5:00:00;8230
23/04/2022;A;5:00:00;30120
23/04/2022;B;5:00:00;5016
24/04/2022;A;5:00:00;10846
24/04/2022;B;5:00:00;1736
25/04/2022;A;5:00:00;47017
25/04/2022;B;5:00:00;8400
26/04/2022;A;5:00:00;49330
26/04/2022;B;5:00:00;8433
27/04/2022;A;5:00:00;48939
27/04/2022;B;5:00:00;8321
28/04/2022;A;5:00:00;45601
28/04/2022;B;5:00:00;7909
29/04/2022;A;5:00:00;47280
29/04/2022;B;5:00:00;8126
30/04/2022;A;5:00:00;30000
30/04/2022;B;5:00:00;5216
1/05/2022;A;5:00:00;10061
1/05/2022;B;5:00:00;1577
2/05/2022;A;5:00:00;46723
2/05/2022;B;5:00:00;7889
3/05/2022;A;5:00:00;51300
3/05/2022;B;5:00:00;8489
4/05/2022;A;5:00:00;48644
4/05/2022;B;5:00:00;8393
5/05/2022;A;5:00:00;47461
5/05/2022;B;5:00:00;8250
6/05/2022;A;5:00:00;46785
6/05/2022;B;5:00:00;8159
7/05/2022;A;5:00:00;28511
7/05/2022;B;5:00:00;4954
8/05/2022;A;5:00:00;7879
8/05/2022;B;5:00:00;1338
9/05/2022;A;5:00:00;44334
9/05/2022;B;5:00:00;8025
10/05/2022;A;5:00:00;49064
10/05/2022;B;5:00:00;8342
11/05/2022;A;5:00:00;49368
11/05/2022;B;5:00:00;8536
12/05/2022;A;5:00:00;48759
12/05/2022;B;5:00:00;8373
13/05/2022;A;5:00:00;46458
13/05/2022;B;5:00:00;7926
14/05/2022;A;5:00:00;29868
14/05/2022;B;5:00:00;5140
15/05/2022;A;5:00:00;9514
15/05/2022;B;5:00:00;1577
16/05/2022;A;5:00:00;46720
16/05/2022;B;5:00:00;8025
17/05/2022;A;5:00:00;47964
17/05/2022;B;5:00:00;8303
18/05/2022;A;5:00:00;46522
18/05/2022;B;5:00:00;8126
19/05/2022;A;5:00:00;49282
19/05/2022;B;5:00:00;8599
20/05/2022;A;5:00:00;47378
20/05/2022;B;5:00:00;8247
21/05/2022;A;5:00:00;29647
21/05/2022;B;5:00:00;5045
22/05/2022;A;5:00:00;10715
22/05/2022;B;5:00:00;1756
23/05/2022;A;5:00:00;47553
23/05/2022;B;5:00:00;8154
24/05/2022;A;5:00:00;49595
24/05/2022;B;5:00:00;8438
25/05/2022;A;5:00:00;48904
25/05/2022;B;5:00:00;8426
26/05/2022;A;5:00:00;47967
26/05/2022;B;5:00:00;8448
27/05/2022;A;5:00:00;46890
27/05/2022;B;5:00:00;8033
28/05/2022;A;5:00:00;28466
28/05/2022;B;5:00:00;5235
29/05/2022;A;5:00:00;574
29/05/2022;B;5:00:00;80
30/05/2022;A;5:00:00;10293
30/05/2022;B;5:00:00;1681
31/05/2022;A;5:00:00;47589
31/05/2022;B;5:00:00;8087
1/06/2022;A;5:00:00;48063
1/06/2022;B;5:00:00;9803
2/06/2022;A;5:00:00;46731
2/06/2022;B;5:00:00;8158
3/06/2022;A;5:00:00;45752
3/06/2022;B;5:00:00;8080
4/06/2022;A;5:00:00;29042
4/06/2022;B;5:00:00;5168
5/06/2022;A;5:00:00;10291
5/06/2022;B;5:00:00;1670
6/06/2022;A;5:00:00;45841
6/06/2022;B;5:00:00;8212
7/06/2022;A;5:00:00;47016
7/06/2022;B;5:00:00;8172
8/06/2022;A;5:00:00;47151
8/06/2022;B;5:00:00;8168
9/06/2022;A;5:00:00;45500
9/06/2022;B;5:00:00;7842
10/06/2022;A;5:00:00;44897
10/06/2022;B;5:00:00;7901
11/06/2022;A;5:00:00;26297
11/06/2022;B;5:00:00;4541
12/06/2022;A;5:00:00;9993
12/06/2022;B;5:00:00;1687
13/06/2022;A;5:00:00;44978
13/06/2022;B;5:00:00;7647
14/06/2022;A;5:00:00;43887
14/06/2022;B;5:00:00;7672
15/06/2022;A;5:00:00;45371
15/06/2022;B;5:00:00;7846
16/06/2022;A;5:00:00;30528
16/06/2022;B;5:00:00;7539
17/06/2022;A;5:00:00;32078
17/06/2022;B;5:00:00;7242
18/06/2022;A;5:00:00;24776
18/06/2022;B;5:00:00;4830
19/06/2022;A;5:00:00;384
19/06/2022;B;5:00:00;38
20/06/2022;A;5:00:00;9003
20/06/2022;B;5:00:00;1790
21/06/2022;A;5:00:00;35574
21/06/2022;B;5:00:00;7389
22/06/2022;A;5:00:00;41995
22/06/2022;B;5:00:00;7383
23/06/2022;A;5:00:00;43266
23/06/2022;B;5:00:00;7558
24/06/2022;A;5:00:00;42112
24/06/2022;B;5:00:00;7340
25/06/2022;A;5:00:00;28223
25/06/2022;B;5:00:00;4927
26/06/2022;A;5:00:00;9260
26/06/2022;B;5:00:00;1562
27/06/2022;A;5:00:00;9790
27/06/2022;B;5:00:00;1793
28/06/2022;A;5:00:00;43085
28/06/2022;B;5:00:00;7199
29/06/2022;A;5:00:00;41626
29/06/2022;B;5:00:00;6903
30/06/2022;A;5:00:00;43918
30/06/2022;B;5:00:00;7329
1/07/2022;A;5:00:00;41599
1/07/2022;B;5:00:00;6989
2/07/2022;A;5:00:00;28326
2/07/2022;B;5:00:00;4831
3/07/2022;A;5:00:00;9830
3/07/2022;B;5:00:00;1598
4/07/2022;A;5:00:00;10440
4/07/2022;B;5:00:00;1623
5/07/2022;A;5:00:00;45737
5/07/2022;B;5:00:00;7582
6/07/2022;A;5:00:00;44599
6/07/2022;B;5:00:00;7680
7/07/2022;A;5:00:00;44875
7/07/2022;B;5:00:00;7503
8/07/2022;A;5:00:00;45219
8/07/2022;B;5:00:00;7592
9/07/2022;A;5:00:00;30040
9/07/2022;B;5:00:00;5172
10/07/2022;A;5:00:00;9711
10/07/2022;B;5:00:00;1693
11/07/2022;A;5:00:00;43400
11/07/2022;B;5:00:00;7613
12/07/2022;A;5:00:00;43733
12/07/2022;B;5:00:00;7680
13/07/2022;A;5:00:00;43978
13/07/2022;B;5:00:00;7909
14/07/2022;A;5:00:00;43647
14/07/2022;B;5:00:00;7728
15/07/2022;A;5:00:00;43870
15/07/2022;B;5:00:00;7628
16/07/2022;A;5:00:00;27752
16/07/2022;B;5:00:00;4971
17/07/2022;A;5:00:00;10008
17/07/2022;B;5:00:00;1590
18/07/2022;A;5:00:00;43941
18/07/2022;B;5:00:00;7693
19/07/2022;A;5:00:00;45634
19/07/2022;B;5:00:00;7940
20/07/2022;A;5:00:00;16058
20/07/2022;B;5:00:00;2669
21/07/2022;A;5:00:00;46113
21/07/2022;B;5:00:00;8054
22/07/2022;A;5:00:00;44409
22/07/2022;B;5:00:00;7813
23/07/2022;A;5:00:00;26482
23/07/2022;B;5:00:00;4713
24/07/2022;A;5:00:00;8872
24/07/2022;B;5:00:00;1453
25/07/2022;A;5:00:00;45868
25/07/2022;B;5:00:00;7810
26/07/2022;A;5:00:00;45853
26/07/2022;B;5:00:00;7963
27/07/2022;A;5:00:00;46318
27/07/2022;B;5:00:00;7950
28/07/2022;A;5:00:00;44119
28/07/2022;B;5:00:00;7842
29/07/2022;A;5:00:00;44239
29/07/2022;B;5:00:00;7873
30/07/2022;A;5:00:00;27855
30/07/2022;B;5:00:00;4996
31/07/2022;A;5:00:00;10391
31/07/2022;B;5:00:00;1627
1/08/2022;A;5:00:00;44534
1/08/2022;B;5:00:00;7877
2/08/2022;A;5:00:00;45736
2/08/2022;B;5:00:00;7912
3/08/2022;A;5:00:00;46387
3/08/2022;B;5:00:00;8185
4/08/2022;A;5:00:00;46738
4/08/2022;B;5:00:00;8192
5/08/2022;A;5:00:00;45759
5/08/2022;B;5:00:00;8073
6/08/2022;A;5:00:00;28083
6/08/2022;B;5:00:00;5026
7/08/2022;A;5:00:00;9633
7/08/2022;B;5:00:00;1603
8/08/2022;A;5:00:00;47042
8/08/2022;B;5:00:00;8176
9/08/2022;A;5:00:00;49037
9/08/2022;B;5:00:00;8559
10/08/2022;A;5:00:00;48619
10/08/2022;B;5:00:00;8420
11/08/2022;A;5:00:00;47778
11/08/2022;B;5:00:00;8409
12/08/2022;A;5:00:00;46787
12/08/2022;B;5:00:00;8046
13/08/2022;A;5:00:00;28484
13/08/2022;B;5:00:00;4962
14/08/2022;A;5:00:00;10398
14/08/2022;B;5:00:00;2017
15/08/2022;A;5:00:00;10188
15/08/2022;B;5:00:00;1767
16/08/2022;A;5:00:00;50263
16/08/2022;B;5:00:00;8682
17/08/2022;A;5:00:00;48798
17/08/2022;B;5:00:00;8477
18/08/2022;A;5:00:00;49239
18/08/2022;B;5:00:00;8332
19/08/2022;A;5:00:00;45968
19/08/2022;B;5:00:00;8110
20/08/2022;A;5:00:00;29757
20/08/2022;B;5:00:00;5045
21/08/2022;A;5:00:00;10342
21/08/2022;B;5:00:00;1739
22/08/2022;A;5:00:00;44877
22/08/2022;B;5:00:00;8021
23/08/2022;A;5:00:00;49462
23/08/2022;B;5:00:00;8362
24/08/2022;A;5:00:00;49482
24/08/2022;B;5:00:00;8329
25/08/2022;A;5:00:00;48874
25/08/2022;B;5:00:00;8436
26/08/2022;A;5:00:00;46962
26/08/2022;B;5:00:00;7935
27/08/2022;A;5:00:00;29737
27/08/2022;B;5:00:00;5190
28/08/2022;A;5:00:00;10206
28/08/2022;B;5:00:00;1555
29/08/2022;A;5:00:00;44616
29/08/2022;B;5:00:00;7783
30/08/2022;A;5:00:00;49243
30/08/2022;B;5:00:00;8447
31/08/2022;A;5:00:00;47329
31/08/2022;B;5:00:00;8034
1/09/2022;A;5:00:00;48688
1/09/2022;B;5:00:00;8182
2/09/2022;A;5:00:00;46940
2/09/2022;B;5:00:00;7930
3/09/2022;A;5:00:00;29178
3/09/2022;B;5:00:00;5121
4/09/2022;A;5:00:00;12457
4/09/2022;B;5:00:00;1948
5/09/2022;A;5:00:00;47422
5/09/2022;B;5:00:00;8185
6/09/2022;A;5:00:00;47345
6/09/2022;B;5:00:00;8146
7/09/2022;A;5:00:00;48289
7/09/2022;B;5:00:00;8438
8/09/2022;A;5:00:00;48019
8/09/2022;B;5:00:00;7811
9/09/2022;A;5:00:00;47423
9/09/2022;B;5:00:00;8179
10/09/2022;A;5:00:00;30178
10/09/2022;B;5:00:00;5222
11/09/2022;A;5:00:00;10574
11/09/2022;B;5:00:00;1704
12/09/2022;A;5:00:00;48139
12/09/2022;B;5:00:00;8248
13/09/2022;A;5:00:00;49946
13/09/2022;B;5:00:00;8418
14/09/2022;A;5:00:00;49662
14/09/2022;B;5:00:00;8265
15/09/2022;A;5:00:00;49192
15/09/2022;B;5:00:00;8226
16/09/2022;A;5:00:00;43263
16/09/2022;B;5:00:00;7365
17/09/2022;A;5:00:00;28730
17/09/2022;B;5:00:00;5024
18/09/2022;A;5:00:00;9600
18/09/2022;B;5:00:00;1581
19/09/2022;A;5:00:00;46491
19/09/2022;B;5:00:00;7774
20/09/2022;A;5:00:00;48991
20/09/2022;B;5:00:00;7974
21/09/2022;A;5:00:00;48776
21/09/2022;B;5:00:00;8064
22/09/2022;A;5:00:00;47157
22/09/2022;B;5:00:00;8025
23/09/2022;A;5:00:00;47411
23/09/2022;B;5:00:00;8048
24/09/2022;A;5:00:00;29710
24/09/2022;B;5:00:00;5120
25/09/2022;A;5:00:00;12696
25/09/2022;B;5:00:00;1889
26/09/2022;A;5:00:00;48501
26/09/2022;B;5:00:00;7996
27/09/2022;A;5:00:00;48887
27/09/2022;B;5:00:00;8202
28/09/2022;A;5:00:00;49483
28/09/2022;B;5:00:00;8287
29/09/2022;A;5:00:00;48263
29/09/2022;B;5:00:00;8006
30/09/2022;A;5:00:00;44256
30/09/2022;B;5:00:00;7462
1/10/2022;A;5:00:00;28669
1/10/2022;B;5:00:00;4869
2/10/2022;A;5:00:00;10392
2/10/2022;B;5:00:00;1638
3/10/2022;A;5:00:00;47107
3/10/2022;B;5:00:00;7705
4/10/2022;A;5:00:00;48949
4/10/2022;B;5:00:00;7951
5/10/2022;A;5:00:00;46285
5/10/2022;B;5:00:00;7821
6/10/2022;A;5:00:00;47875
6/10/2022;B;5:00:00;8027
7/10/2022;A;5:00:00;46536
7/10/2022;B;5:00:00;7888
8/10/2022;A;5:00:00;29338
8/10/2022;B;5:00:00;4914
9/10/2022;A;5:00:00;11039
9/10/2022;B;5:00:00;1658
10/10/2022;A;5:00:00;46735
10/10/2022;B;5:00:00;7589
11/10/2022;A;5:00:00;47754
11/10/2022;B;5:00:00;7906
12/10/2022;A;5:00:00;47658
12/10/2022;B;5:00:00;7921
13/10/2022;A;5:00:00;46810
13/10/2022;B;5:00:00;7755
14/10/2022;A;5:00:00;45164
14/10/2022;B;5:00:00;7496
15/10/2022;A;5:00:00;29250
15/10/2022;B;5:00:00;6086
16/10/2022;A;5:00:00;10507
16/10/2022;B;5:00:00;1820
17/10/2022;A;5:00:00;11663
17/10/2022;B;5:00:00;1891
18/10/2022;A;5:00:00;52197
18/10/2022;B;5:00:00;10266
19/10/2022;A;5:00:00;49169
19/10/2022;B;5:00:00;9820
20/10/2022;A;5:00:00;47726
20/10/2022;B;5:00:00;9499
21/10/2022;A;5:00:00;48487
21/10/2022;B;5:00:00;9713
22/10/2022;A;5:00:00;30056
22/10/2022;B;5:00:00;6295
23/10/2022;A;5:00:00;11802
23/10/2022;B;5:00:00;1857
24/10/2022;A;5:00:00;48477
24/10/2022;B;5:00:00;8150
25/10/2022;A;5:00:00;49105
25/10/2022;B;5:00:00;8361
26/10/2022;A;5:00:00;49652
26/10/2022;B;5:00:00;8437
27/10/2022;A;5:00:00;49208
27/10/2022;B;5:00:00;8106
28/10/2022;A;5:00:00;47839
28/10/2022;B;5:00:00;8118
29/10/2022;A;5:00:00;29454
29/10/2022;B;5:00:00;5070
30/10/2022;A;5:00:00;12291
30/10/2022;B;5:00:00;1931
31/10/2022;A;5:00:00;46924
31/10/2022;B;5:00:00;7950
1/11/2022;A;5:00:00;48186
1/11/2022;B;5:00:00;7922
2/11/2022;A;5:00:00;49385
2/11/2022;B;5:00:00;8146
3/11/2022;A;5:00:00;48818
3/11/2022;B;5:00:00;8158
4/11/2022;A;5:00:00;47227
4/11/2022;B;5:00:00;7956
5/11/2022;A;5:00:00;30108
5/11/2022;B;5:00:00;5227
6/11/2022;A;5:00:00;11249
6/11/2022;B;5:00:00;1879
7/11/2022;A;5:00:00;12274
7/11/2022;B;5:00:00;1983
8/11/2022;A;5:00:00;47784
8/11/2022;B;5:00:00;9044
9/11/2022;A;5:00:00;48091
9/11/2022;B;5:00:00;7950
10/11/2022;A;5:00:00;48337
10/11/2022;B;5:00:00;8057
11/11/2022;A;5:00:00;46732
11/11/2022;B;5:00:00;7904
12/11/2022;A;5:00:00;29959
12/11/2022;B;5:00:00;5256
13/11/2022;A;5:00:00;11047
13/11/2022;B;5:00:00;1834
14/11/2022;A;5:00:00;12269
14/11/2022;B;5:00:00;2041
15/11/2022;A;5:00:00;48320
15/11/2022;B;5:00:00;7839
16/11/2022;A;5:00:00;47041
16/11/2022;B;5:00:00;7906
17/11/2022;A;5:00:00;46793
17/11/2022;B;5:00:00;7856
18/11/2022;A;5:00:00;45961
18/11/2022;B;5:00:00;7780
19/11/2022;A;5:00:00;30117
19/11/2022;B;5:00:00;5232
20/11/2022;A;5:00:00;11513
20/11/2022;B;5:00:00;1876
21/11/2022;A;5:00:00;45762
21/11/2022;B;5:00:00;7603
22/11/2022;A;5:00:00;46648
22/11/2022;B;5:00:00;7726
23/11/2022;A;5:00:00;45291
23/11/2022;B;5:00:00;7453
24/11/2022;A;5:00:00;45577
24/11/2022;B;5:00:00;7558
25/11/2022;A;5:00:00;44739
25/11/2022;B;5:00:00;7464
26/11/2022;A;5:00:00;29814
26/11/2022;B;5:00:00;5091
27/11/2022;A;5:00:00;11380
27/11/2022;B;5:00:00;1935
28/11/2022;A;5:00:00;44682
28/11/2022;B;5:00:00;7266
29/11/2022;A;5:00:00;44973
29/11/2022;B;5:00:00;7474
30/11/2022;A;5:00:00;44453
30/11/2022;B;5:00:00;7331
1/12/2022;A;5:00:00;42216
1/12/2022;B;5:00:00;6935
2/12/2022;A;5:00:00;42836
2/12/2022;B;5:00:00;7072
3/12/2022;A;5:00:00;28710
3/12/2022;B;5:00:00;5002
4/12/2022;A;5:00:00;11652
4/12/2022;B;5:00:00;1783
5/12/2022;A;5:00:00;43492
5/12/2022;B;5:00:00;7152
6/12/2022;A;5:00:00;43811
6/12/2022;B;5:00:00;7206
7/12/2022;A;5:00:00;42805
7/12/2022;B;5:00:00;7048
8/12/2022;A;5:00:00;12277
8/12/2022;B;5:00:00;1915
9/12/2022;A;5:00:00;38959
9/12/2022;B;5:00:00;6332
10/12/2022;A;5:00:00;26912
10/12/2022;B;5:00:00;4675
11/12/2022;A;5:00:00;11091
11/12/2022;B;5:00:00;2166
12/12/2022;A;5:00:00;36610
12/12/2022;B;5:00:00;6662
13/12/2022;A;5:00:00;43018
13/12/2022;B;5:00:00;6866
14/12/2022;A;5:00:00;42288
14/12/2022;B;5:00:00;6926
15/12/2022;A;5:00:00;42271
15/12/2022;B;5:00:00;6720
16/12/2022;A;5:00:00;39569
16/12/2022;B;5:00:00;6449
17/12/2022;A;5:00:00;26710
17/12/2022;B;5:00:00;4405
18/12/2022;A;5:00:00;11072
18/12/2022;B;5:00:00;1840
19/12/2022;A;5:00:00;39033
19/12/2022;B;5:00:00;6340
20/12/2022;A;5:00:00;38939
20/12/2022;B;5:00:00;6436
21/12/2022;A;5:00:00;38019
21/12/2022;B;5:00:00;6170
22/12/2022;A;5:00:00;37363
22/12/2022;B;5:00:00;5966
23/12/2022;A;5:00:00;33341
23/12/2022;B;5:00:00;5440
24/12/2022;A;5:00:00;15051
24/12/2022;B;5:00:00;2253
25/12/2022;A;5:00:00;5466
25/12/2022;B;5:00:00;746
26/12/2022;A;5:00:00;27622
26/12/2022;B;5:00:00;4259
27/12/2022;A;5:00:00;30340
27/12/2022;B;5:00:00;4834
28/12/2022;A;5:00:00;29809
28/12/2022;B;5:00:00;4788
29/12/2022;A;5:00:00;28877
29/12/2022;B;5:00:00;4565
30/12/2022;A;5:00:00;25869
30/12/2022;B;5:00:00;4187
31/12/2022;A;5:00:00;11823
31/12/2022;B;5:00:00;1812
1/01/2023;A;5:00:00;5104
1/01/2024;B;5:00:00;701
1/02/2023;A;5:00:00;21181
1/02/2023;B;5:00:00;3248
1/03/2023;A;5:00:00;28036
1/03/2023;B;5:00:00;4390
1/04/2023;A;5:00:00;28666
1/04/2023;B;5:00:00;4642
1/05/2023;A;5:00:00;29136
1/05/2023;B;5:00:00;4811
1/06/2023;A;5:00:00;28911
1/06/2023;B;5:00:00;4722
1/07/2023;A;5:00:00;20947
1/07/2023;B;5:00:00;3422
1/08/2023;A;5:00:00;9198
1/08/2023;B;5:00:00;1416
1/09/2023;A;5:00:00;9633
1/09/2023;B;5:00:00;1552
1/10/2023;A;5:00:00;34192
1/10/2023;B;5:00:00;5618
1/11/2023;A;5:00:00;35219
1/11/2023;B;5:00:00;5868
1/12/2023;A;5:00:00;35723
1/12/2023;B;5:00:00;5771
13/01/2023;A;5:00:00;35493
13/01/2023;B;5:00:00;5927
14/01/2023;A;5:00:00;24660
14/01/2023;B;5:00:00;4032
15/01/2023;A;5:00:00;9383
15/01/2023;B;5:00:00;1438
16/01/2023;A;5:00:00;38492
16/01/2023;B;5:00:00;6345
17/01/2023;A;5:00:00;40444
17/01/2023;B;5:00:00;6750
18/01/2023;A;5:00:00;40866
18/01/2023;B;5:00:00;6910
19/01/2023;A;5:00:00;40489
19/01/2023;B;5:00:00;6834
20/01/2023;A;5:00:00;40567
20/01/2023;B;5:00:00;6815
21/01/2023;A;5:00:00;25830
21/01/2023;B;5:00:00;4520
22/01/2023;A;5:00:00;9742
22/01/2023;B;5:00:00;1673
23/01/2023;A;5:00:00;42269
23/01/2023;B;5:00:00;7040
24/01/2023;A;5:00:00;42673
24/01/2023;B;5:00:00;7345
25/01/2023;A;5:00:00;42297
25/01/2023;B;5:00:00;7329
26/01/2023;A;5:00:00;42510
26/01/2023;B;5:00:00;7372
27/01/2023;A;5:00:00;42721
27/01/2023;B;5:00:00;7204
28/01/2023;A;5:00:00;26622
28/01/2023;B;5:00:00;4548
29/01/2023;A;5:00:00;9582
29/01/2023;B;5:00:00;1551
30/01/2023;A;5:00:00;43133
30/01/2023;B;5:00:00;7219
31/01/2023;A;5:00:00;44212
31/01/2023;B;5:00:00;7317
2/01/2023;A;5:00:00;43666
2/01/2023;B;5:00:00;7657
2/02/2023;A;5:00:00;44961
2/02/2023;B;5:00:00;7664
2/03/2023;A;5:00:00;43455
2/03/2023;B;5:00:00;7453
2/04/2023;A;5:00:00;26955
2/04/2023;B;5:00:00;4673
2/05/2023;A;5:00:00;9743
2/05/2023;B;5:00:00;1537
2/06/2023;A;5:00:00;46414
2/06/2023;B;5:00:00;7733
2/07/2023;A;5:00:00;47992
2/07/2023;B;5:00:00;8185
2/08/2023;A;5:00:00;48685
2/08/2023;B;5:00:00;8361
2/09/2023;A;5:00:00;48716
2/09/2023;B;5:00:00;8193
2/10/2023;A;5:00:00;47519
2/10/2023;B;5:00:00;8246
2/11/2023;A;5:00:00;28677
2/11/2023;B;5:00:00;4852
2/12/2023;A;5:00:00;10625
2/12/2023;B;5:00:00;1540
13/02/2023;A;5:00:00;47572
13/02/2023;B;5:00:00;7938
14/02/2023;A;5:00:00;48750
14/02/2023;B;5:00:00;8065
15/02/2023;A;5:00:00;48534
15/02/2023;B;5:00:00;8318
16/02/2023;A;5:00:00;48510
16/02/2023;B;5:00:00;8310
17/02/2023;A;5:00:00;47326
17/02/2023;B;5:00:00;8072
18/02/2023;A;5:00:00;28490
18/02/2023;B;5:00:00;4940
19/02/2023;A;5:00:00;9776
19/02/2023;B;5:00:00;1615
20/02/2023;A;5:00:00;48849
20/02/2023;B;5:00:00;8080
21/02/2023;A;5:00:00;50577
21/02/2023;B;5:00:00;8378
22/02/2023;A;5:00:00;48066
22/02/2023;B;5:00:00;8047
23/02/2023;A;5:00:00;49213
23/02/2023;B;5:00:00;8497
24/02/2023;A;5:00:00;48466
24/02/2023;B;5:00:00;8057
25/02/2023;A;5:00:00;28956
25/02/2023;B;5:00:00;5106
26/02/2023;A;5:00:00;10288
26/02/2023;B;5:00:00;1868
27/02/2023;A;5:00:00;48812
27/02/2023;B;5:00:00;8104
28/02/2023;A;5:00:00;50274
28/02/2023;B;5:00:00;8650
3/01/2023;A;5:00:00;50234
3/01/2023;B;5:00:00;8416
3/02/2023;A;5:00:00;49995
3/02/2023;B;5:00:00;8477
3/03/2023;A;5:00:00;48686
3/03/2023;B;5:00:00;8498
3/04/2023;A;5:00:00;28273
3/04/2023;B;5:00:00;4981
3/05/2023;A;5:00:00;9722
3/05/2023;B;5:00:00;1660
3/06/2023;A;5:00:00;47656
3/06/2023;B;5:00:00;8038
3/07/2023;A;5:00:00;51057
3/07/2023;B;5:00:00;8463
3/08/2023;A;5:00:00;49022
3/08/2023;B;5:00:00;8269
3/09/2023;A;5:00:00;50242
3/09/2023;B;5:00:00;8459
3/10/2023;A;5:00:00;48793
3/10/2023;B;5:00:00;8453
3/11/2023;A;5:00:00;28055
3/11/2023;B;5:00:00;4873
3/12/2023;A;5:00:00;9784
3/12/2023;B;5:00:00;1761
13/03/2023;A;5:00:00;48203
13/03/2023;B;5:00:00;8302
14/03/2023;A;5:00:00;50219
14/03/2023;B;5:00:00;8679
15/03/2023;A;5:00:00;49613
15/03/2023;B;5:00:00;8639
16/03/2023;A;5:00:00;49784
16/03/2023;B;5:00:00;8372
17/03/2023;A;5:00:00;48126
17/03/2023;B;5:00:00;8235
18/03/2023;A;5:00:00;27989
18/03/2023;B;5:00:00;4986
19/03/2023;A;5:00:00;10276
19/03/2023;B;5:00:00;1639
20/03/2023;A;5:00:00;10565
20/03/2023;B;5:00:00;1669
21/03/2023;A;5:00:00;51328
21/03/2023;B;5:00:00;8612
22/03/2023;A;5:00:00;50916
22/03/2023;B;5:00:00;8620
23/03/2023;A;5:00:00;49914
23/03/2023;B;5:00:00;8609
24/03/2023;A;5:00:00;49297
24/03/2023;B;5:00:00;8331
25/03/2023;A;5:00:00;28417
25/03/2023;B;5:00:00;4664
26/03/2023;A;5:00:00;10454
26/03/2023;B;5:00:00;1685
27/03/2023;A;5:00:00;51320
27/03/2023;B;5:00:00;8502
28/03/2023;A;5:00:00;50276
28/03/2023;B;5:00:00;8822
29/03/2023;A;5:00:00;50002
29/03/2023;B;5:00:00;8628
30/03/2023;A;5:00:00;49165
30/03/2023;B;5:00:00;8505
31/03/2023;A;5:00:00;46721
31/03/2023;B;5:00:00;7892
4/01/2023;A;5:00:00;28673
4/01/2023;B;5:00:00;5036
4/02/2023;A;5:00:00;10482
4/02/2023;B;5:00:00;1792
4/03/2023;A;5:00:00;40583
4/03/2023;B;5:00:00;6781
4/04/2023;A;5:00:00;39729
4/04/2023;B;5:00:00;6826
4/05/2023;A;5:00:00;37134
4/05/2023;B;5:00:00;6352
4/06/2023;A;5:00:00;11562
4/06/2023;B;5:00:00;1746
4/07/2023;A;5:00:00;7832
4/07/2023;B;5:00:00;1124
4/08/2023;A;5:00:00;13167
4/08/2023;B;5:00:00;2065
4/09/2023;A;5:00:00;8437
4/09/2023;B;5:00:00;1223
4/10/2023;A;5:00:00;48341
4/10/2023;B;5:00:00;8088
4/11/2023;A;5:00:00;49919
4/11/2023;B;5:00:00;8319
4/12/2023;A;5:00:00;49275
4/12/2023;B;5:00:00;8294
13/04/2023;A;5:00:00;48854
13/04/2023;B;5:00:00;8300
14/04/2023;A;5:00:00;47556
14/04/2023;B;5:00:00;7994
15/04/2023;A;5:00:00;29080
15/04/2023;B;5:00:00;4971
16/04/2023;A;5:00:00;10583
16/04/2023;B;5:00:00;1729
17/04/2023;A;5:00:00;48671
17/04/2023;B;5:00:00;7839
18/04/2023;A;5:00:00;50311
18/04/2023;B;5:00:00;8395
19/04/2023;A;5:00:00;50254
19/04/2023;B;5:00:00;8188
20/04/2023;A;5:00:00;48901
20/04/2023;B;5:00:00;8317
21/04/2023;A;5:00:00;48528
21/04/2023;B;5:00:00;8363
22/04/2023;A;5:00:00;28862
22/04/2023;B;5:00:00;5136
23/04/2023;A;5:00:00;11051
23/04/2023;B;5:00:00;4516
24/04/2023;A;5:00:00;48892
24/04/2023;B;5:00:00;8207
25/04/2023;A;5:00:00;50793
25/04/2023;B;5:00:00;8572
26/04/2023;A;5:00:00;50252
26/04/2023;B;5:00:00;8481
27/04/2023;A;5:00:00;49933
27/04/2023;B;5:00:00;8277
28/04/2023;A;5:00:00;47288
28/04/2023;B;5:00:00;7931
29/04/2023;A;5:00:00;28423
29/04/2023;B;5:00:00;4848
30/04/2023;A;5:00:00;10441
30/04/2023;B;5:00:00;1671
5/01/2023;A;5:00:00;10115
5/01/2023;B;5:00:00;1613
5/02/2023;A;5:00:00;50187
5/02/2023;B;5:00:00;8345
5/03/2023;A;5:00:00;50711
5/03/2023;B;5:00:00;8556
5/04/2023;A;5:00:00;50400
5/04/2023;B;5:00:00;8319
5/05/2023;A;5:00:00;48715
5/05/2023;B;5:00:00;8262
5/06/2023;A;5:00:00;29068
5/06/2023;B;5:00:00;4973
5/07/2023;A;5:00:00;10678
5/07/2023;B;5:00:00;1733
5/08/2023;A;5:00:00;49891
5/08/2023;B;5:00:00;8271
5/09/2023;A;5:00:00;50062
5/09/2023;B;5:00:00;8375
5/10/2023;A;5:00:00;49614
5/10/2023;B;5:00:00;8043
5/11/2023;A;5:00:00;49903
5/11/2023;B;5:00:00;8348
5/12/2023;A;5:00:00;48544
5/12/2023;B;5:00:00;8100
13/05/2023;A;5:00:00;29398
13/05/2023;B;5:00:00;4864
14/05/2023;A;5:00:00;9301
14/05/2023;B;5:00:00;1355
15/05/2023;A;5:00:00;47197
15/05/2023;B;5:00:00;7744
16/05/2023;A;5:00:00;49718
16/05/2023;B;5:00:00;8049
17/05/2023;A;5:00:00;48736
17/05/2023;B;5:00:00;8079
18/05/2023;A;5:00:00;49373
18/05/2023;B;5:00:00;8343
19/05/2023;A;5:00:00;47852
19/05/2023;B;5:00:00;7988
20/05/2023;A;5:00:00;28816
20/05/2023;B;5:00:00;4783
21/05/2023;A;5:00:00;11130
21/05/2023;B;5:00:00;1680
22/05/2023;A;5:00:00;10731
22/05/2023;B;5:00:00;1682
23/05/2023;A;5:00:00;46477
23/05/2023;B;5:00:00;7900
24/05/2023;A;5:00:00;49765
24/05/2023;B;5:00:00;8129
25/05/2023;A;5:00:00;49255
25/05/2023;B;5:00:00;8120
26/05/2023;A;5:00:00;46953
26/05/2023;B;5:00:00;7610
27/05/2023;A;5:00:00;28839
27/05/2023;B;5:00:00;4942
28/05/2023;A;5:00:00;10479
28/05/2023;B;5:00:00;1687
29/05/2023;A;5:00:00;48060
29/05/2023;B;5:00:00;7790
30/05/2023;A;5:00:00;47891
30/05/2023;B;5:00:00;7924
31/05/2023;A;5:00:00;47778
31/05/2023;B;5:00:00;7844
6/01/2023;A;5:00:00;44820
6/01/2023;B;5:00:00;7712
6/02/2023;A;5:00:00;46926
6/02/2023;B;5:00:00;7771
6/03/2023;A;5:00:00;28540
6/03/2023;B;5:00:00;4944
6/04/2023;A;5:00:00;10303
6/04/2023;B;5:00:00;1619
6/05/2023;A;5:00:00;47800
6/05/2023;B;5:00:00;7804
6/06/2023;A;5:00:00;46352
6/06/2023;B;5:00:00;7806
6/07/2023;A;5:00:00;46986
6/07/2023;B;5:00:00;7751
6/08/2023;A;5:00:00;44715
6/08/2023;B;5:00:00;7548
6/09/2023;A;5:00:00;45644
6/09/2023;B;5:00:00;7569
6/10/2023;A;5:00:00;28435
6/10/2023;B;5:00:00;4770
6/11/2023;A;5:00:00;11115
6/11/2023;B;5:00:00;1720
6/12/2023;A;5:00:00;11191
6/12/2023;B;5:00:00;1863
13/06/2023;A;5:00:00;47198
13/06/2023;B;5:00:00;7816
14/06/2023;A;5:00:00;46310
14/06/2023;B;5:00:00;7646
15/06/2023;A;5:00:00;45420
15/06/2023;B;5:00:00;7318
16/06/2023;A;5:00:00;44036
16/06/2023;B;5:00:00;7325
17/06/2023;A;5:00:00;27032
17/06/2023;B;5:00:00;4563
18/06/2023;A;5:00:00;9416
18/06/2023;B;5:00:00;1506
19/06/2023;A;5:00:00;9785
19/06/2023;B;5:00:00;1637
20/06/2023;A;5:00:00;45291
20/06/2023;B;5:00:00;7458
21/06/2023;A;5:00:00;44392
21/06/2023;B;5:00:00;7269
22/06/2023;A;5:00:00;43643
22/06/2023;B;5:00:00;7409
23/06/2023;A;5:00:00;43135
23/06/2023;B;5:00:00;7198
24/06/2023;A;5:00:00;27997
24/06/2023;B;5:00:00;4691
25/06/2023;A;5:00:00;11023
25/06/2023;B;5:00:00;1742
26/06/2023;A;5:00:00;43398
26/06/2023;B;5:00:00;7165
27/06/2023;A;5:00:00;44167
27/06/2023;B;5:00:00;7408
28/06/2023;A;5:00:00;43536
28/06/2023;B;5:00:00;7211
29/06/2023;A;5:00:00;43582
29/06/2023;B;5:00:00;7173
30/06/2023;A;5:00:00;42287
30/06/2023;B;5:00:00;6993
7/01/2023;A;5:00:00;26712
7/01/2023;B;5:00:00;4518
7/02/2023;A;5:00:00;10481
7/02/2023;B;5:00:00;1593
7/03/2023;A;5:00:00;10659
7/03/2023;B;5:00:00;1632
7/04/2023;A;5:00:00;44530
7/04/2023;B;5:00:00;7351
7/05/2023;A;5:00:00;44678
7/05/2023;B;5:00:00;7349
7/06/2023;A;5:00:00;44233
7/06/2023;B;5:00:00;7547
7/07/2023;A;5:00:00;44133
7/07/2023;B;5:00:00;7482
7/08/2023;A;5:00:00;27936
7/08/2023;B;5:00:00;4801
7/09/2023;A;5:00:00;10543
7/09/2023;B;5:00:00;1613
7/10/2023;A;5:00:00;45811
7/10/2023;B;5:00:00;7699
7/11/2023;A;5:00:00;45022
7/11/2023;B;5:00:00;7568
7/12/2023;A;5:00:00;45327
7/12/2023;B;5:00:00;7689
13/07/2023;A;5:00:00;46360
13/07/2023;B;5:00:00;7620
14/07/2023;A;5:00:00;45053
14/07/2023;B;5:00:00;7503
15/07/2023;A;5:00:00;28323
15/07/2023;B;5:00:00;4847
16/07/2023;A;5:00:00;10257
16/07/2023;B;5:00:00;1586
17/07/2023;A;5:00:00;46492
17/07/2023;B;5:00:00;7445
18/07/2023;A;5:00:00;47151
18/07/2023;B;5:00:00;7795
19/07/2023;A;5:00:00;46894
19/07/2023;B;5:00:00;7925
20/07/2023;A;5:00:00;16522
20/07/2023;B;5:00:00;2734
21/07/2023;A;5:00:00;41036
21/07/2023;B;5:00:00;6720
22/07/2023;A;5:00:00;26933
22/07/2023;B;5:00:00;5315
23/07/2023;A;5:00:00;9963
23/07/2023;B;5:00:00;1619
24/07/2023;A;5:00:00;47297
24/07/2023;B;5:00:00;7940
25/07/2023;A;5:00:00;47871
25/07/2023;B;5:00:00;7686
26/07/2023;A;5:00:00;47614
26/07/2023;B;5:00:00;7764
27/07/2023;A;5:00:00;47544
27/07/2023;B;5:00:00;7853
28/07/2023;A;5:00:00;44976
28/07/2023;B;5:00:00;7444
29/07/2023;A;5:00:00;28109
29/07/2023;B;5:00:00;4824
30/07/2023;A;5:00:00;10654
30/07/2023;B;5:00:00;1761
31/07/2023;A;5:00:00;46485
31/07/2023;B;5:00:00;7739
8/01/2023;A;5:00:00;49680
8/01/2023;B;5:00:00;8362
8/02/2023;A;5:00:00;49759
8/02/2023;B;5:00:00;8386
8/03/2023;A;5:00:00;49920
8/03/2023;B;5:00:00;8333
8/04/2023;A;5:00:00;48593
8/04/2023;B;5:00:00;7988
8/05/2023;A;5:00:00;28417
8/05/2023;B;5:00:00;4603
8/06/2023;A;5:00:00;10903
8/06/2023;B;5:00:00;2003
8/07/2023;A;5:00:00;11046
8/07/2023;B;5:00:00;1776
8/08/2023;A;5:00:00;56264
8/08/2023;B;5:00:00;9363
8/09/2023;A;5:00:00;52524
8/09/2023;B;5:00:00;8648
8/10/2023;A;5:00:00;51611
8/10/2023;B;5:00:00;8505
8/11/2023;A;5:00:00;49496
8/11/2023;B;5:00:00;8263
8/12/2023;A;5:00:00;29778
8/12/2023;B;5:00:00;4794
13/08/2023;A;5:00:00;12068
13/08/2023;B;5:00:00;1750
14/08/2023;A;5:00:00;50105
14/08/2023;B;5:00:00;8270
15/08/2023;A;5:00:00;51208
15/08/2023;B;5:00:00;8278
16/08/2023;A;5:00:00;51041
16/08/2023;B;5:00:00;8456
17/08/2023;A;5:00:00;50889
17/08/2023;B;5:00:00;8449
18/08/2023;A;5:00:00;48558
18/08/2023;B;5:00:00;8232
19/08/2023;A;5:00:00;30264
19/08/2023;B;5:00:00;4712
20/08/2023;A;5:00:00;10668
20/08/2023;B;5:00:00;1727
21/08/2023;A;5:00:00;11654
21/08/2023;B;5:00:00;1765
22/08/2023;A;5:00:00;53382
22/08/2023;B;5:00:00;8569
23/08/2023;A;5:00:00;52341
23/08/2023;B;5:00:00;8452
24/08/2023;A;5:00:00;51765
24/08/2023;B;5:00:00;8476
25/08/2023;A;5:00:00;49278
25/08/2023;B;5:00:00;8079
26/08/2023;A;5:00:00;30547
26/08/2023;B;5:00:00;4962
27/08/2023;A;5:00:00;10718
27/08/2023;B;5:00:00;1715
28/08/2023;A;5:00:00;50087
28/08/2023;B;5:00:00;8191
29/08/2023;A;5:00:00;49999
29/08/2023;B;5:00:00;8195
30/08/2023;A;5:00:00;50095
30/08/2023;B;5:00:00;8207
31/08/2023;A;5:00:00;50133
31/08/2023;B;5:00:00;8247
9/01/2023;A;5:00:00;48727
9/01/2023;B;5:00:00;8114
9/02/2023;A;5:00:00;29049
9/02/2023;B;5:00:00;4735
9/03/2023;A;5:00:00;11052
9/03/2023;B;5:00:00;1792
9/04/2023;A;5:00:00;48898
9/04/2023;B;5:00:00;8076
9/05/2023;A;5:00:00;51880
9/05/2023;B;5:00:00;8504
9/06/2023;A;5:00:00;51242
9/06/2023;B;5:00:00;8255
9/07/2023;A;5:00:00;50341
9/07/2023;B;5:00:00;8278
9/08/2023;A;5:00:00;48696
9/08/2023;B;5:00:00;8047
9/09/2023;A;5:00:00;29802
9/09/2023;B;5:00:00;4951
9/10/2023;A;5:00:00;11225
9/10/2023;B;5:00:00;1774
9/11/2023;A;5:00:00;47060
9/11/2023;B;5:00:00;7750
9/12/2023;A;5:00:00;51193
9/12/2023;B;5:00:00;8251
13/09/2023;A;5:00:00;50643
13/09/2023;B;5:00:00;8387
14/09/2023;A;5:00:00;50457
14/09/2023;B;5:00:00;8241
15/09/2023;A;5:00:00;48857
15/09/2023;B;5:00:00;8060
16/09/2023;A;5:00:00;28820
16/09/2023;B;5:00:00;4706
17/09/2023;A;5:00:00;10692
17/09/2023;B;5:00:00;1690
18/09/2023;A;5:00:00;48520
18/09/2023;B;5:00:00;7909
19/09/2023;A;5:00:00;50446
19/09/2023;B;5:00:00;8385
20/09/2023;A;5:00:00;50547
20/09/2023;B;5:00:00;8360
21/09/2023;A;5:00:00;49031
21/09/2023;B;5:00:00;8206
22/09/2023;A;5:00:00;47609
22/09/2023;B;5:00:00;7818
23/09/2023;A;5:00:00;19632
23/09/2023;B;5:00:00;1238
24/09/2023;A;5:00:00;11098
24/09/2023;B;5:00:00;1766
25/09/2023;A;5:00:00;48411
25/09/2023;B;5:00:00;8070
26/09/2023;A;5:00:00;50057
26/09/2023;B;5:00:00;8107
27/09/2023;A;5:00:00;53012
27/09/2023;B;5:00:00;9469
28/09/2023;A;5:00:00;55966
28/09/2023;B;5:00:00;10585
29/09/2023;A;5:00:00;46082
29/09/2023;B;5:00:00;7823
30/09/2023;A;5:00:00;29536
30/09/2023;B;5:00:00;4703
10/01/2023;A;5:00:00;11189
10/01/2023;B;5:00:00;1713
10/02/2023;A;5:00:00;48519
10/02/2023;B;5:00:00;7837
10/03/2023;A;5:00:00;50924
10/03/2023;B;5:00:00;8324
10/04/2023;A;5:00:00;49839
10/04/2023;B;5:00:00;8257
10/05/2023;A;5:00:00;50397
10/05/2023;B;5:00:00;8191
10/06/2023;A;5:00:00;47561
10/06/2023;B;5:00:00;9319
10/07/2023;A;5:00:00;30447
10/07/2023;B;5:00:00;4943
10/08/2023;A;5:00:00;11157
10/08/2023;B;5:00:00;1697
10/09/2023;A;5:00:00;47641
10/09/2023;B;5:00:00;7666
10/10/2023;A;5:00:00;47719
10/10/2023;B;5:00:00;8170
10/11/2023;A;5:00:00;48672
10/11/2023;B;5:00:00;7918
10/12/2023;A;5:00:00;48504
10/12/2023;B;5:00:00;7903
13/10/2023;A;5:00:00;45782
13/10/2023;B;5:00:00;7483
14/10/2023;A;5:00:00;27968
14/10/2023;B;5:00:00;4584
15/10/2023;A;5:00:00;10607
15/10/2023;B;5:00:00;1588
16/10/2023;A;5:00:00;11401
16/10/2023;B;5:00:00;1802
17/10/2023;A;5:00:00;51072
17/10/2023;B;5:00:00;8231
18/10/2023;A;5:00:00;51161
18/10/2023;B;5:00:00;8521
19/10/2023;A;5:00:00;49526
19/10/2023;B;5:00:00;8265
20/10/2023;A;5:00:00;47925
20/10/2023;B;5:00:00;7521
21/10/2023;A;5:00:00;29968
21/10/2023;B;5:00:00;4883
22/10/2023;A;5:00:00;11281
22/10/2023;B;5:00:00;1846
23/10/2023;A;5:00:00;49292
23/10/2023;B;5:00:00;7914
24/10/2023;A;5:00:00;50794
24/10/2023;B;5:00:00;8372
25/10/2023;A;5:00:00;50484
25/10/2023;B;5:00:00;8432
26/10/2023;A;5:00:00;49976
26/10/2023;B;5:00:00;8215
27/10/2023;A;5:00:00;48304
27/10/2023;B;5:00:00;7810
28/10/2023;A;5:00:00;28728
28/10/2023;B;5:00:00;4628
29/10/2023;A;5:00:00;52
29/10/2023;B;5:00:00;11
30/10/2023;A;5:00:00;47464
30/10/2023;B;5:00:00;9193
31/10/2023;A;5:00:00;49407
31/10/2023;B;5:00:00;9375
11/01/2023;A;5:00:00;48071
11/01/2023;B;5:00:00;9484
11/02/2023;A;5:00:00;50174
11/02/2023;B;5:00:00;9542
11/03/2023;A;5:00:00;49881
11/03/2023;B;5:00:00;9578
11/04/2023;A;5:00:00;31598
11/04/2023;B;5:00:00;5981
11/05/2023;A;5:00:00;15318
11/05/2023;B;5:00:00;1824
11/06/2023;A;5:00:00;15363
11/06/2023;B;5:00:00;1994
11/07/2023;A;5:00:00;51418
11/07/2023;B;5:00:00;8327
11/08/2023;A;5:00:00;52721
11/08/2023;B;5:00:00;8340
11/09/2023;A;5:00:00;51740
11/09/2023;B;5:00:00;8227
11/10/2023;A;5:00:00;50270
11/10/2023;B;5:00:00;7990
11/11/2023;A;5:00:00;31852
11/11/2023;B;5:00:00;4973
11/12/2023;A;5:00:00;12078
11/12/2023;B;5:00:00;1853
13/11/2023;A;5:00:00;12390
13/11/2023;B;5:00:00;2039
14/11/2023;A;5:00:00;51886
14/11/2023;B;5:00:00;8284
15/11/2023;A;5:00:00;47783
15/11/2023;B;5:00:00;7688
16/11/2023;A;5:00:00;45987
16/11/2023;B;5:00:00;7567
17/11/2023;A;5:00:00;47591
17/11/2023;B;5:00:00;7648
18/11/2023;A;5:00:00;29808
18/11/2023;B;5:00:00;4856
19/11/2023;A;5:00:00;11466
19/11/2023;B;5:00:00;1737
20/11/2023;A;5:00:00;47321
20/11/2023;B;5:00:00;7733
21/11/2023;A;5:00:00;47109
21/11/2023;B;5:00:00;7761
22/11/2023;A;5:00:00;48493
22/11/2023;B;5:00:00;7762
23/11/2023;A;5:00:00;47120
23/11/2023;B;5:00:00;7783
24/11/2023;A;5:00:00;45373
24/11/2023;B;5:00:00;7583
25/11/2023;A;5:00:00;29649
25/11/2023;B;5:00:00;4809
26/11/2023;A;5:00:00;11946
26/11/2023;B;5:00:00;1931
27/11/2023;A;5:00:00;46096
27/11/2023;B;5:00:00;7476
28/11/2023;A;5:00:00;46500
28/11/2023;B;5:00:00;7732
29/11/2023;A;5:00:00;46010
29/11/2023;B;5:00:00;7441
30/11/2023;A;5:00:00;45494
30/11/2023;B;5:00:00;6087
12/01/2023;A;5:00:00;42663
12/01/2023;B;5:00:00;6921
12/02/2023;A;5:00:00;29286
12/02/2023;B;5:00:00;4710
12/03/2023;A;5:00:00;11660
12/03/2023;B;5:00:00;1920
12/04/2023;A;5:00:00;44057
12/04/2023;B;5:00:00;7201
12/05/2023;A;5:00:00;44888
12/05/2023;B;5:00:00;7419
12/06/2023;A;5:00:00;44222
12/06/2023;B;5:00:00;7268
12/07/2023;A;5:00:00;43083
12/07/2023;B;5:00:00;7091
12/08/2023;A;5:00:00;13889
12/08/2023;B;5:00:00;2148
12/09/2023;A;5:00:00;20753
12/09/2023;B;5:00:00;3365
12/10/2023;A;5:00:00;10841
12/10/2023;B;5:00:00;2330
12/11/2023;A;5:00:00;43678
12/11/2023;B;5:00:00;7276
12/12/2023;A;5:00:00;43774
12/12/2023;B;5:00:00;7271
13/12/2023;A;5:00:00;43484
13/12/2023;B;5:00:00;7190
14/12/2023;A;5:00:00;84654
14/12/2023;B;5:00:00;14008
15/12/2023;A;5:00:00;41959
15/12/2023;B;5:00:00;6997
16/12/2023;A;5:00:00;26859
16/12/2023;B;5:00:00;4352
17/12/2023;A;5:00:00;11833
17/12/2023;B;5:00:00;1868
18/12/2023;A;5:00:00;40369
18/12/2023;B;5:00:00;6640
19/12/2023;A;5:00:00;40664
19/12/2023;B;5:00:00;6609
20/12/2023;A;5:00:00;40245
20/12/2023;B;5:00:00;6509
21/12/2023;A;5:00:00;39167
21/12/2023;B;5:00:00;6441
22/12/2023;A;5:00:00;28623
22/12/2023;B;5:00:00;5408
23/12/2023;A;5:00:00;20567
23/12/2023;B;5:00:00;3226
24/12/2023;A;5:00:00;8878
24/12/2023;B;5:00:00;1281
25/12/2023;A;5:00:00;5843
25/12/2023;B;5:00:00;826
26/12/2023;A;5:00:00;31143
26/12/2023;B;5:00:00;4791
27/12/2023;A;5:00:00;32344
27/12/2023;B;5:00:00;5131
28/12/2023;A;5:00:00;31155
28/12/2023;B;5:00:00;5061
29/12/2023;A;5:00:00;28816
29/12/2023;B;5:00:00;4523
30/12/2023;A;5:00:00;16484
30/12/2023;B;5:00:00;2433
31/12/2023;A;5:00:00;8223
31/12/2023;B;5:00:00;1213
1/01/2024;A;5:00:00;5488
1/01/2024;B;5:00:00;718
2/01/2024;A;5:00:00;23172
2/01/2024;B;5:00:00;3609
3/01/2024;A;5:00:00;26789
3/01/2024;B;5:00:00;4382
4/01/2024;A;5:00:00;27694
4/01/2024;B;5:00:00;4504
5/01/2024;A;5:00:00;27741
5/01/2024;B;5:00:00;4526
6/01/2024;A;5:00:00;20266
6/01/2024;B;5:00:00;3089
7/01/2024;A;5:00:00;9626
7/01/2024;B;5:00:00;1439
8/01/2024;A;5:00:00;9788
8/01/2024;B;5:00:00;1451
9/01/2024;A;5:00:00;34110
9/01/2024;B;5:00:00;5719
10/01/2024;A;5:00:00;34658
10/01/2024;B;5:00:00;5617
11/01/2024;A;5:00:00;35355
11/01/2024;B;5:00:00;5842
12/01/2024;A;5:00:00;35280
12/01/2024;B;5:00:00;5866
13/01/2024;A;5:00:00;24405
13/01/2024;B;5:00:00;3969
14/01/2024;A;5:00:00;9724
14/01/2024;B;5:00:00;1523
15/01/2024;A;5:00:00;40041
15/01/2024;B;5:00:00;6557
16/01/2024;A;5:00:00;40418
16/01/2024;B;5:00:00;6642
17/01/2024;A;5:00:00;40963
17/01/2024;B;5:00:00;6791
18/01/2024;A;5:00:00;40919
18/01/2024;B;5:00:00;6843
19/01/2024;A;5:00:00;40315
19/01/2024;B;5:00:00;6807
20/01/2024;A;5:00:00;25200
20/01/2024;B;5:00:00;4121
21/01/2024;A;5:00:00;9811
21/01/2024;B;5:00:00;1553
22/01/2024;A;5:00:00;43103
22/01/2024;B;5:00:00;6959
23/01/2024;A;5:00:00;43239
23/01/2024;B;5:00:00;7140
24/01/2024;A;5:00:00;43420
24/01/2024;B;5:00:00;7115
25/01/2024;A;5:00:00;43605
25/01/2024;B;5:00:00;7262
26/01/2024;A;5:00:00;43177
26/01/2024;B;5:00:00;7253
27/01/2024;A;5:00:00;28823
27/01/2024;B;5:00:00;4382
28/01/2024;A;5:00:00;10247
28/01/2024;B;5:00:00;1649
29/01/2024;A;5:00:00;46524
29/01/2024;B;5:00:00;7330
30/01/2024;A;5:00:00;46838
30/01/2024;B;5:00:00;7366
31/01/2024;A;5:00:00;46952
31/01/2024;B;5:00:00;7310
1/02/2024;A;5:00:00;44527
1/02/2024;B;5:00:00;7232
2/02/2024;A;5:00:00;43807
2/02/2024;B;5:00:00;7370
3/02/2024;A;5:00:00;26747
3/02/2024;B;5:00:00;4408
4/02/2024;A;5:00:00;12634
4/02/2024;B;5:00:00;1417
5/02/2024;A;5:00:00;47525
5/02/2024;B;5:00:00;7725
6/02/2024;A;5:00:00;49582
6/02/2024;B;5:00:00;8084
7/02/2024;A;5:00:00;49278
7/02/2024;B;5:00:00;8152
8/02/2024;A;5:00:00;49357
8/02/2024;B;5:00:00;8029
9/02/2024;A;5:00:00;48304
9/02/2024;B;5:00:00;7948
10/02/2024;A;5:00:00;28361
10/02/2024;B;5:00:00;4683
11/02/2024;A;5:00:00;10113
11/02/2024;B;5:00:00;1549
12/02/2024;A;5:00:00;48868
12/02/2024;B;5:00:00;7893
13/02/2024;A;5:00:00;50908
13/02/2024;B;5:00:00;8285
14/02/2024;A;5:00:00;50456
14/02/2024;B;5:00:00;8299
15/02/2024;A;5:00:00;50307
15/02/2024;B;5:00:00;8193
16/02/2024;A;5:00:00;47918
16/02/2024;B;5:00:00;7808
17/02/2024;A;5:00:00;28239
17/02/2024;B;5:00:00;4657
18/02/2024;A;5:00:00;12182
18/02/2024;B;5:00:00;1612
19/02/2024;A;5:00:00;47561
19/02/2024;B;5:00:00;8001
20/02/2024;A;5:00:00;51085
20/02/2024;B;5:00:00;8346
21/02/2024;A;5:00:00;49439
21/02/2024;B;5:00:00;8309
22/02/2024;A;5:00:00;50546
22/02/2024;B;5:00:00;8181
23/02/2024;A;5:00:00;48427
23/02/2024;B;5:00:00;8134
24/02/2024;A;5:00:00;29132
24/02/2024;B;5:00:00;4725
25/02/2024;A;5:00:00;10142
25/02/2024;B;5:00:00;1648
26/02/2024;A;5:00:00;49159
26/02/2024;B;5:00:00;8081
27/02/2024;A;5:00:00;51701
27/02/2024;B;5:00:00;8537
28/02/2024;A;5:00:00;48699
28/02/2024;B;5:00:00;8266
29/02/2024;A;5:00:00;50717
29/02/2024;B;5:00:00;8309
1/03/2024;A;5:00:00;48799
1/03/2024;B;5:00:00;8061
2/03/2024;A;5:00:00;28443
2/03/2024;B;5:00:00;4740
3/03/2024;A;5:00:00;10823
3/03/2024;B;5:00:00;1599
4/03/2024;A;5:00:00;47893
4/03/2024;B;5:00:00;7948
5/03/2024;A;5:00:00;51235
5/03/2024;B;5:00:00;8365
6/03/2024;A;5:00:00;50133
6/03/2024;B;5:00:00;8284
7/03/2024;A;5:00:00;48930
7/03/2024;B;5:00:00;8362
8/03/2024;A;5:00:00;48946
8/03/2024;B;5:00:00;7986
9/03/2024;A;5:00:00;29174
9/03/2024;B;5:00:00;4800
10/03/2024;A;5:00:00;10481
10/03/2024;B;5:00:00;1599
11/03/2024;A;5:00:00;48480
11/03/2024;B;5:00:00;7836
12/03/2024;A;5:00:00;51237
12/03/2024;B;5:00:00;8372
13/03/2024;A;5:00:00;50560
13/03/2024;B;5:00:00;8320
14/03/2024;A;5:00:00;50667
14/03/2024;B;5:00:00;8299
15/03/2024;A;5:00:00;48993
15/03/2024;B;5:00:00;8155
16/03/2024;A;5:00:00;29484
16/03/2024;B;5:00:00;4808
17/03/2024;A;5:00:00;10734
17/03/2024;B;5:00:00;1644
18/03/2024;A;5:00:00;48666
18/03/2024;B;5:00:00;8036
19/03/2024;A;5:00:00;50689
19/03/2024;B;5:00:00;8298
20/03/2024;A;5:00:00;49832
20/03/2024;B;5:00:00;8211
21/03/2024;A;5:00:00;49864
21/03/2024;B;5:00:00;8219
22/03/2024;A;5:00:00;47641
22/03/2024;B;5:00:00;7798
23/03/2024;A;5:00:00;28369
23/03/2024;B;5:00:00;4627
24/03/2024;A;5:00:00;11280
24/03/2024;B;5:00:00;1717
25/03/2024;A;5:00:00;13765
25/03/2024;B;5:00:00;2177
26/03/2024;A;5:00:00;30366
26/03/2024;B;5:00:00;5003
27/03/2024;A;5:00:00;28616
27/03/2024;B;5:00:00;4560
28/03/2024;A;5:00:00;11109
28/03/2024;B;5:00:00;1647
29/03/2024;A;5:00:00;8169
29/03/2024;B;5:00:00;1119
30/03/2024;A;5:00:00;13193
30/03/2024;B;5:00:00;2030
31/03/2024;A;5:00:00;8317
31/03/2024;B;5:00:00;1134
1/04/2024;A;5:00:00;47771
1/04/2024;B;5:00:00;7763
2/04/2024;A;5:00:00;50028
2/04/2024;B;5:00:00;8284
3/04/2024;A;5:00:00;48926
3/04/2024;B;5:00:00;8118
4/04/2024;A;5:00:00;49231
4/04/2024;B;5:00:00;7946
5/04/2024;A;5:00:00;47081
5/04/2024;B;5:00:00;7880
6/04/2024;A;5:00:00;28581
6/04/2024;B;5:00:00;4707
7/04/2024;A;5:00:00;9994
7/04/2024;B;5:00:00;1530
8/04/2024;A;5:00:00;47944
8/04/2024;B;5:00:00;8058
9/04/2024;A;5:00:00;49772
9/04/2024;B;5:00:00;8138
10/04/2024;A;5:00:00;48918
10/04/2024;B;5:00:00;8239
11/04/2024;A;5:00:00;48666
11/04/2024;B;5:00:00;8239
12/04/2024;A;5:00:00;48129
12/04/2024;B;5:00:00;7991
13/04/2024;A;5:00:00;28610
13/04/2024;B;5:00:00;4673
14/04/2024;A;5:00:00;10329
14/04/2024;B;5:00:00;1564
15/04/2024;A;5:00:00;48659
15/04/2024;B;5:00:00;8067
16/04/2024;A;5:00:00;50136
16/04/2024;B;5:00:00;8351
17/04/2024;A;5:00:00;49318
17/04/2024;B;5:00:00;8435
18/04/2024;A;5:00:00;49793
18/04/2024;B;5:00:00;8424
19/04/2024;A;5:00:00;46800
19/04/2024;B;5:00:00;8025
20/04/2024;A;5:00:00;28821
20/04/2024;B;5:00:00;4719
21/04/2024;A;5:00:00;10579
21/04/2024;B;5:00:00;1714
22/04/2024;A;5:00:00;47502
22/04/2024;B;5:00:00;7978
23/04/2024;A;5:00:00;50743
23/04/2024;B;5:00:00;8372
24/04/2024;A;5:00:00;50065
24/04/2024;B;5:00:00;8291
25/04/2024;A;5:00:00;49936
25/04/2024;B;5:00:00;8109
26/04/2024;A;5:00:00;47665
26/04/2024;B;5:00:00;8163
27/04/2024;A;5:00:00;29968
27/04/2024;B;5:00:00;4762
28/04/2024;A;5:00:00;10528
28/04/2024;B;5:00:00;1618
29/04/2024;A;5:00:00;48901
29/04/2024;B;5:00:00;8178
30/04/2024;A;5:00:00;50796
30/04/2024;B;5:00:00;8365
1/05/2024;A;5:00:00;13586
1/05/2024;B;5:00:00;2158
2/05/2024;A;5:00:00;49059
2/05/2024;B;5:00:00;8112
3/05/2024;A;5:00:00;48610
3/05/2024;B;5:00:00;8028
4/05/2024;A;5:00:00;26467
4/05/2024;B;5:00:00;4488
5/05/2024;A;5:00:00;9886
5/05/2024;B;5:00:00;1584
6/05/2024;A;5:00:00;48576
6/05/2024;B;5:00:00;8240
7/05/2024;A;5:00:00;50973
7/05/2024;B;5:00:00;8404
8/05/2024;A;5:00:00;50033
8/05/2024;B;5:00:00;8207
9/05/2024;A;5:00:00;47855
9/05/2024;B;5:00:00;7974
10/05/2024;A;5:00:00;48367
10/05/2024;B;5:00:00;7907
11/05/2024;A;5:00:00;28451
11/05/2024;B;5:00:00;4564
12/05/2024;A;5:00:00;10638
12/05/2024;B;5:00:00;1350
13/05/2024;A;5:00:00;10310
13/05/2024;B;5:00:00;1590
14/05/2024;A;5:00:00;50781
14/05/2024;B;5:00:00;8404
15/05/2024;A;5:00:00;45938
15/05/2024;B;5:00:00;7677
16/05/2024;A;5:00:00;49594
16/05/2024;B;5:00:00;8299
17/05/2024;A;5:00:00;47663
17/05/2024;B;5:00:00;8032
18/05/2024;A;5:00:00;28947
18/05/2024;B;5:00:00;4755
19/05/2024;A;5:00:00;10544
19/05/2024;B;5:00:00;1598
20/05/2024;A;5:00:00;48649
20/05/2024;B;5:00:00;8211
21/05/2024;A;5:00:00;49423
21/05/2024;B;5:00:00;7960
22/05/2024;A;5:00:00;48764
22/05/2024;B;5:00:00;8077
23/05/2024;A;5:00:00;49239
23/05/2024;B;5:00:00;8073
24/05/2024;A;5:00:00;46741
24/05/2024;B;5:00:00;7903
25/05/2024;A;5:00:00;28889
25/05/2024;B;5:00:00;4876
26/05/2024;A;5:00:00;10296
26/05/2024;B;5:00:00;1550
27/05/2024;A;5:00:00;47302
27/05/2024;B;5:00:00;7753
28/05/2024;A;5:00:00;48023
28/05/2024;B;5:00:00;8003
29/05/2024;A;5:00:00;45419
29/05/2024;B;5:00:00;8038
30/05/2024;A;5:00:00;48042
30/05/2024;B;5:00:00;8050
31/05/2024;A;5:00:00;42832
31/05/2024;B;5:00:00;7365
1/06/2024;A;5:00:00;27609
1/06/2024;B;5:00:00;4619
2/06/2024;A;5:00:00;10315
2/06/2024;B;5:00:00;1621
3/06/2024;A;5:00:00;10649
3/06/2024;B;5:00:00;1773
4/06/2024;A;5:00:00;47836
4/06/2024;B;5:00:00;8030
5/06/2024;A;5:00:00;47516
5/06/2024;B;5:00:00;7990
6/06/2024;A;5:00:00;47499
6/06/2024;B;5:00:00;7941
7/06/2024;A;5:00:00;46819
7/06/2024;B;5:00:00;7852
8/06/2024;A;5:00:00;29654
8/06/2024;B;5:00:00;4726
9/06/2024;A;5:00:00;10599
9/06/2024;B;5:00:00;1610
10/06/2024;A;5:00:00;10871
10/06/2024;B;5:00:00;1786
11/06/2024;A;5:00:00;49173
11/06/2024;B;5:00:00;8012
12/06/2024;A;5:00:00;48709
12/06/2024;B;5:00:00;7810
13/06/2024;A;5:00:00;47797
13/06/2024;B;5:00:00;7674
14/06/2024;A;5:00:00;45805
14/06/2024;B;5:00:00;7592
15/06/2024;A;5:00:00;28055
15/06/2024;B;5:00:00;4608
16/06/2024;A;5:00:00;9308
16/06/2024;B;5:00:00;1409
17/06/2024;A;5:00:00;43584
17/06/2024;B;5:00:00;7109
18/06/2024;A;5:00:00;44134
18/06/2024;B;5:00:00;7386
19/06/2024;A;5:00:00;43900
19/06/2024;B;5:00:00;7319
20/06/2024;A;5:00:00;43660
20/06/2024;B;5:00:00;7315
21/06/2024;A;5:00:00;42655
21/06/2024;B;5:00:00;7232
22/06/2024;A;5:00:00;28133
22/06/2024;B;5:00:00;4592
23/06/2024;A;5:00:00;11475
23/06/2024;B;5:00:00;1687
24/06/2024;A;5:00:00;43666
24/06/2024;B;5:00:00;7263
25/06/2024;A;5:00:00;43524
25/06/2024;B;5:00:00;7296
26/06/2024;A;5:00:00;45356
26/06/2024;B;5:00:00;6998
27/06/2024;A;5:00:00;46288
27/06/2024;B;5:00:00;7255
28/06/2024;A;5:00:00;43698
28/06/2024;B;5:00:00;7017
29/06/2024;A;5:00:00;28578
29/06/2024;B;5:00:00;4480
30/06/2024;A;5:00:00;10458
30/06/2024;B;5:00:00;1631
1/07/2024;A;5:00:00;10550
1/07/2024;B;5:00:00;1672
2/07/2024;A;5:00:00;46432
2/07/2024;B;5:00:00;7295
3/07/2024;A;5:00:00;45489
3/07/2024;B;5:00:00;7312
4/07/2024;A;5:00:00;45654
4/07/2024;B;5:00:00;7197
5/07/2024;A;5:00:00;43294
5/07/2024;B;5:00:00;6888
6/07/2024;A;5:00:00;29644
6/07/2024;B;5:00:00;4677
7/07/2024;A;5:00:00;10740
7/07/2024;B;5:00:00;1742
8/07/2024;A;5:00:00;48540
8/07/2024;B;5:00:00;7691
9/07/2024;A;5:00:00;49129
9/07/2024;B;5:00:00;7772
10/07/2024;A;5:00:00;47716
10/07/2024;B;5:00:00;7703
11/07/2024;A;5:00:00;48400
11/07/2024;B;5:00:00;7608
12/07/2024;A;5:00:00;47541
12/07/2024;B;5:00:00;7553
13/07/2024;A;5:00:00;30650
13/07/2024;B;5:00:00;4664
14/07/2024;A;5:00:00;10758
14/07/2024;B;5:00:00;1652
15/07/2024;A;5:00:00;41401
15/07/2024;B;5:00:00;6486
16/07/2024;A;5:00:00;47989
16/07/2024;B;5:00:00;7667
17/07/2024;A;5:00:00;48561
17/07/2024;B;5:00:00;7832
18/07/2024;A;5:00:00;48360
18/07/2024;B;5:00:00;7526
19/07/2024;A;5:00:00;46117
19/07/2024;B;5:00:00;7605
20/07/2024;A;5:00:00;16054
20/07/2024;B;5:00:00;2415
21/07/2024;A;5:00:00;9517
21/07/2024;B;5:00:00;1523
22/07/2024;A;5:00:00;46543
22/07/2024;B;5:00:00;7683
23/07/2024;A;5:00:00;46990
23/07/2024;B;5:00:00;7991
24/07/2024;A;5:00:00;46536
24/07/2024;B;5:00:00;7975
25/07/2024;A;5:00:00;46695
25/07/2024;B;5:00:00;7901
26/07/2024;A;5:00:00;45764
26/07/2024;B;5:00:00;7583
27/07/2024;A;5:00:00;27887
27/07/2024;B;5:00:00;4628
28/07/2024;A;5:00:00;10316
28/07/2024;B;5:00:00;1645
29/07/2024;A;5:00:00;46720
29/07/2024;B;5:00:00;7726
30/07/2024;A;5:00:00;48182
30/07/2024;B;5:00:00;8076
31/07/2024;A;5:00:00;47727
31/07/2024;B;5:00:00;7813
1/08/2024;A;5:00:00;46970
1/08/2024;B;5:00:00;7894
2/08/2024;A;5:00:00;46575
2/08/2024;B;5:00:00;7811
3/08/2024;A;5:00:00;27677
3/08/2024;B;5:00:00;4565
4/08/2024;A;5:00:00;10472
4/08/2024;B;5:00:00;1724
5/08/2024;A;5:00:00;46916
5/08/2024;B;5:00:00;7985
6/08/2024;A;5:00:00;48899
6/08/2024;B;5:00:00;8323
7/08/2024;A;5:00:00;15728
7/08/2024;B;5:00:00;2522
8/08/2024;A;5:00:00;50815
8/08/2024;B;5:00:00;8692
9/08/2024;A;5:00:00;49839
9/08/2024;B;5:00:00;8257
10/08/2024;A;5:00:00;28743
10/08/2024;B;5:00:00;4624
11/08/2024;A;5:00:00;10418
11/08/2024;B;5:00:00;1597
12/08/2024;A;5:00:00;49736
12/08/2024;B;5:00:00;8257
13/08/2024;A;5:00:00;51167
13/08/2024;B;5:00:00;8560
14/08/2024;A;5:00:00;50813
14/08/2024;B;5:00:00;8523
15/08/2024;A;5:00:00;50458
15/08/2024;B;5:00:00;8351
16/08/2024;A;5:00:00;46747
16/08/2024;B;5:00:00;7764
17/08/2024;A;5:00:00;27896
17/08/2024;B;5:00:00;4543
18/08/2024;A;5:00:00;12008
18/08/2024;B;5:00:00;1802
19/08/2024;A;5:00:00;11462
19/08/2024;B;5:00:00;1601
20/08/2024;A;5:00:00;51395
20/08/2024;B;5:00:00;8566
21/08/2024;A;5:00:00;51174
21/08/2024;B;5:00:00;8476
22/08/2024;A;5:00:00;50341
22/08/2024;B;5:00:00;8428
23/08/2024;A;5:00:00;48693
23/08/2024;B;5:00:00;8197
24/08/2024;A;5:00:00;29565
24/08/2024;B;5:00:00;4836
25/08/2024;A;5:00:00;11330
25/08/2024;B;5:00:00;1711
26/08/2024;A;5:00:00;50336
26/08/2024;B;5:00:00;9744
27/08/2024;A;5:00:00;51504
27/08/2024;B;5:00:00;10091
28/08/2024;A;5:00:00;48244
28/08/2024;B;5:00:00;10029
29/08/2024;A;5:00:00;50229
29/08/2024;B;5:00:00;9877
30/08/2024;A;5:00:00;49414
30/08/2024;B;5:00:00;9882
31/08/2024;A;5:00:00;28940
31/08/2024;B;5:00:00;5874
1/09/2024;A;5:00:00;10497
1/09/2024;B;5:00:00;1840
2/09/2024;A;5:00:00;48048
2/09/2024;B;5:00:00;8066
3/09/2024;A;5:00:00;49767
3/09/2024;B;5:00:00;8444
4/09/2024;A;5:00:00;50829
4/09/2024;B;5:00:00;8388
5/09/2024;A;5:00:00;49835
5/09/2024;B;5:00:00;8265
6/09/2024;A;5:00:00;47190
6/09/2024;B;5:00:00;7533
7/09/2024;A;5:00:00;28382
7/09/2024;B;5:00:00;4818
8/09/2024;A;5:00:00;10677
8/09/2024;B;5:00:00;1719
9/09/2024;A;5:00:00;49465
9/09/2024;B;5:00:00;8313
10/09/2024;A;5:00:00;51569
10/09/2024;B;5:00:00;8727
11/09/2024;A;5:00:00;50864
11/09/2024;B;5:00:00;8556
12/09/2024;A;5:00:00;50633
12/09/2024;B;5:00:00;8475
13/09/2024;A;5:00:00;49744
13/09/2024;B;5:00:00;8215
14/09/2024;A;5:00:00;28948
14/09/2024;B;5:00:00;4727
15/09/2024;A;5:00:00;10544
15/09/2024;B;5:00:00;1643
16/09/2024;A;5:00:00;48320
16/09/2024;B;5:00:00;8114
17/09/2024;A;5:00:00;50431
17/09/2024;B;5:00:00;8419
18/09/2024;A;5:00:00;50667
18/09/2024;B;5:00:00;8367
19/09/2024;A;5:00:00;49075
19/09/2024;B;5:00:00;8116
20/09/2024;A;5:00:00;48689
20/09/2024;B;5:00:00;8155
21/09/2024;A;5:00:00;28834
21/09/2024;B;5:00:00;4730
22/09/2024;A;5:00:00;10336
22/09/2024;B;5:00:00;1611
23/09/2024;A;5:00:00;47573
23/09/2024;B;5:00:00;7868
24/09/2024;A;5:00:00;50387
24/09/2024;B;5:00:00;8464
25/09/2024;A;5:00:00;50015
25/09/2024;B;5:00:00;8350
26/09/2024;A;5:00:00;49758
26/09/2024;B;5:00:00;8259
27/09/2024;A;5:00:00;47891
27/09/2024;B;5:00:00;7990
28/09/2024;A;5:00:00;29294
28/09/2024;B;5:00:00;4674
29/09/2024;A;5:00:00;11781
29/09/2024;B;5:00:00;1752
30/09/2024;A;5:00:00;47008
30/09/2024;B;5:00:00;7887
1/10/2024;A;5:00:00;49900
1/10/2024;B;5:00:00;8219
2/10/2024;A;5:00:00;50196
2/10/2024;B;5:00:00;8084
3/10/2024;A;5:00:00;49869
3/10/2024;B;5:00:00;8123
4/10/2024;A;5:00:00;48426
4/10/2024;B;5:00:00;7880
5/10/2024;A;5:00:00;28749
5/10/2024;B;5:00:00;4659
6/10/2024;A;5:00:00;10966
6/10/2024;B;5:00:00;1622
7/10/2024;A;5:00:00;47408
7/10/2024;B;5:00:00;7751
8/10/2024;A;5:00:00;48427
8/10/2024;B;5:00:00;7945
9/10/2024;A;5:00:00;48081
9/10/2024;B;5:00:00;7799
10/10/2024;A;5:00:00;44510
10/10/2024;B;5:00:00;7356
11/10/2024;A;5:00:00;45534
11/10/2024;B;5:00:00;7534
12/10/2024;A;5:00:00;28575
12/10/2024;B;5:00:00;4696
13/10/2024;A;5:00:00;12226
13/10/2024;B;5:00:00;1653
14/10/2024;A;5:00:00;11971
14/10/2024;B;5:00:00;1744
15/10/2024;A;5:00:00;50853
15/10/2024;B;5:00:00;8185
16/10/2024;A;5:00:00;50645
16/10/2024;B;5:00:00;8172
17/10/2024;A;5:00:00;49607
17/10/2024;B;5:00:00;8110
18/10/2024;A;5:00:00;49430
18/10/2024;B;5:00:00;6700
19/10/2024;A;5:00:00;29462
19/10/2024;B;5:00:00;4793
20/10/2024;A;5:00:00;11665
20/10/2024;B;5:00:00;1791
21/10/2024;A;5:00:00;49269
21/10/2024;B;5:00:00;8036
22/10/2024;A;5:00:00;48052
22/10/2024;B;5:00:00;8060
23/10/2024;A;5:00:00;49032
23/10/2024;B;5:00:00;8155
24/10/2024;A;5:00:00;49704
24/10/2024;B;5:00:00;8333
25/10/2024;A;5:00:00;49225
25/10/2024;B;5:00:00;8012
26/10/2024;A;5:00:00;29737
26/10/2024;B;5:00:00;4809
27/10/2024;A;5:00:00;11556
27/10/2024;B;5:00:00;1730
28/10/2024;A;5:00:00;48226
28/10/2024;B;5:00:00;7851
29/10/2024;A;5:00:00;50028
29/10/2024;B;5:00:00;8306
30/10/2024;A;5:00:00;50817
30/10/2024;B;5:00:00;8351
31/10/2024;A;5:00:00;49520
31/10/2024;B;5:00:00;7963
1/01/2019;A;6:00:00;5696
2/01/2019;A;6:00:00;36748
3/01/2019;A;6:00:00;41710
4/01/2019;A;6:00:00;42314
5/01/2019;A;6:00:00;25393
6/01/2019;A;6:00:00;11156
7/01/2019;A;6:00:00;10017
8/01/2019;A;6:00:00;50349
9/01/2019;A;6:00:00;50601
10/01/2019;A;6:00:00;51581
11/01/2019;A;6:00:00;52542
12/01/2019;A;6:00:00;30734
13/01/2019;A;6:00:00;11426
14/01/2019;A;6:00:00;56518
15/01/2019;A;6:00:00;57443
16/01/2019;A;6:00:00;57073
17/01/2019;A;6:00:00;57676
18/01/2019;A;6:00:00;58325
19/01/2019;A;6:00:00;34534
20/01/2019;A;6:00:00;12279
21/01/2019;A;6:00:00;58958
22/01/2019;A;6:00:00;59301
23/01/2019;A;6:00:00;60822
24/01/2019;A;6:00:00;60852
25/01/2019;A;6:00:00;60092
26/01/2019;A;6:00:00;34794
27/01/2019;A;6:00:00;12396
28/01/2019;A;6:00:00;60792
29/01/2019;A;6:00:00;61798
30/01/2019;A;6:00:00;61317
31/01/2019;A;6:00:00;60350
1/02/2019;A;6:00:00;61486
2/02/2019;A;6:00:00;35432
3/02/2019;A;6:00:00;12964
4/02/2019;A;6:00:00;62483
5/02/2019;A;6:00:00;63072
6/02/2019;A;6:00:00;62677
7/02/2019;A;6:00:00;63032
8/02/2019;A;6:00:00;62134
9/02/2019;A;6:00:00;36209
10/02/2019;A;6:00:00;12279
11/02/2019;A;6:00:00;62793
12/02/2019;A;6:00:00;64181
13/02/2019;A;6:00:00;63138
14/02/2019;A;6:00:00;63806
15/02/2019;A;6:00:00;65049
16/02/2019;A;6:00:00;37682
17/02/2019;A;6:00:00;12073
18/02/2019;A;6:00:00;64519
19/02/2019;A;6:00:00;64469
20/02/2019;A;6:00:00;65261
21/02/2019;A;6:00:00;65965
22/02/2019;A;6:00:00;64601
23/02/2019;A;6:00:00;37837
24/02/2019;A;6:00:00;12766
25/02/2019;A;6:00:00;64785
26/02/2019;A;6:00:00;65832
27/02/2019;A;6:00:00;63473
28/02/2019;A;6:00:00;65263
1/03/2019;A;6:00:00;65178
2/03/2019;A;6:00:00;38365
3/03/2019;A;6:00:00;12714
4/03/2019;A;6:00:00;64761
5/03/2019;A;6:00:00;65498
6/03/2019;A;6:00:00;73804
7/03/2019;A;6:00:00;71768
8/03/2019;A;6:00:00;71326
9/03/2019;A;6:00:00;39417
10/03/2019;A;6:00:00;13415
11/03/2019;A;6:00:00;64402
12/03/2019;A;6:00:00;64776
13/03/2019;A;6:00:00;3311
14/03/2019;A;6:00:00;64039
15/03/2019;A;6:00:00;63404
16/03/2019;A;6:00:00;38415
17/03/2019;A;6:00:00;12605
18/03/2019;A;6:00:00;70529
19/03/2019;A;6:00:00;67860
20/03/2019;A;6:00:00;72564
21/03/2019;A;6:00:00;65603
22/03/2019;A;6:00:00;64624
23/03/2019;A;6:00:00;37781
24/03/2019;A;6:00:00;13622
25/03/2019;A;6:00:00;12495
26/03/2019;A;6:00:00;65185
27/03/2019;A;6:00:00;65669
28/03/2019;A;6:00:00;64915
29/03/2019;A;6:00:00;70470
30/03/2019;A;6:00:00;42266
31/03/2019;A;6:00:00;13120
1/04/2019;A;6:00:00;64981
2/04/2019;A;6:00:00;64150
3/04/2019;A;6:00:00;65942
4/04/2019;A;6:00:00;65451
5/04/2019;A;6:00:00;66697
6/04/2019;A;6:00:00;40194
7/04/2019;A;6:00:00;14076
8/04/2019;A;6:00:00;64199
9/04/2019;A;6:00:00;67835
10/04/2019;A;6:00:00;65049
11/04/2019;A;6:00:00;64946
12/04/2019;A;6:00:00;64497
13/04/2019;A;6:00:00;38963
14/04/2019;A;6:00:00;14424
15/04/2019;A;6:00:00;55697
16/04/2019;A;6:00:00;54950
17/04/2019;A;6:00:00;49824
18/04/2019;A;6:00:00;13138
19/04/2019;A;6:00:00;8093
20/04/2019;A;6:00:00;16763
21/04/2019;A;6:00:00;9317
22/04/2019;A;6:00:00;58846
23/04/2019;A;6:00:00;71959
24/04/2019;A;6:00:00;65535
25/04/2019;A;6:00:00;15306
26/04/2019;A;6:00:00;
27/04/2019;A;6:00:00;16924
28/04/2019;A;6:00:00;14685
29/04/2019;A;6:00:00;64382
30/04/2019;A;6:00:00;65035
1/05/2019;A;6:00:00;16189
2/05/2019;A;6:00:00;65435
3/05/2019;A;6:00:00;64779
4/05/2019;A;6:00:00;39427
5/05/2019;A;6:00:00;13624
6/05/2019;A;6:00:00;64805
7/05/2019;A;6:00:00;65356
8/05/2019;A;6:00:00;64966
9/05/2019;A;6:00:00;64885
10/05/2019;A;6:00:00;64041
11/05/2019;A;6:00:00;39425
12/05/2019;A;6:00:00;10684
13/05/2019;A;6:00:00;62789
14/05/2019;A;6:00:00;65477
15/05/2019;A;6:00:00;65260
16/05/2019;A;6:00:00;64977
17/05/2019;A;6:00:00;61863
18/05/2019;A;6:00:00;39570
19/05/2019;A;6:00:00;14335
20/05/2019;A;6:00:00;65301
21/05/2019;A;6:00:00;64751
22/05/2019;A;6:00:00;65024
23/05/2019;A;6:00:00;64007
24/05/2019;A;6:00:00;66290
25/05/2019;A;6:00:00;39692
26/05/2019;A;6:00:00;13735
27/05/2019;A;6:00:00;63692
28/05/2019;A;6:00:00;64914
29/05/2019;A;6:00:00;63807
30/05/2019;A;6:00:00;64060
31/05/2019;A;6:00:00;64616
1/06/2019;A;6:00:00;37527
2/06/2019;A;6:00:00;13244
3/06/2019;A;6:00:00;12290
4/06/2019;A;6:00:00;66085
5/06/2019;A;6:00:00;64924
6/06/2019;A;6:00:00;64444
7/06/2019;A;6:00:00;63968
8/06/2019;A;6:00:00;40401
9/06/2019;A;6:00:00;15114
10/06/2019;A;6:00:00;64786
11/06/2019;A;6:00:00;65299
12/06/2019;A;6:00:00;66029
13/06/2019;A;6:00:00;65640
14/06/2019;A;6:00:00;66469
15/06/2019;A;6:00:00;41103
16/06/2019;A;6:00:00;11485
17/06/2019;A;6:00:00;63333
18/06/2019;A;6:00:00;65102
19/06/2019;A;6:00:00;65122
20/06/2019;A;6:00:00;64806
21/06/2019;A;6:00:00;65077
22/06/2019;A;6:00:00;38847
23/06/2019;A;6:00:00;14050
24/06/2019;A;6:00:00;12376
25/06/2019;A;6:00:00;62448
26/06/2019;A;6:00:00;62141
27/06/2019;A;6:00:00;62442
28/06/2019;A;6:00:00;61429
29/06/2019;A;6:00:00;36817
30/06/2019;A;6:00:00;14175
1/07/2019;A;6:00:00;11872
2/07/2019;A;6:00:00;63648
3/07/2019;A;6:00:00;62761
4/07/2019;A;6:00:00;62952
5/07/2019;A;6:00:00;63214
6/07/2019;A;6:00:00;38222
7/07/2019;A;6:00:00;13790
8/07/2019;A;6:00:00;63009
9/07/2019;A;6:00:00;63495
10/07/2019;A;6:00:00;66022
11/07/2019;A;6:00:00;62791
12/07/2019;A;6:00:00;63836
13/07/2019;A;6:00:00;38579
14/07/2019;A;6:00:00;13991
15/07/2019;A;6:00:00;64242
16/07/2019;A;6:00:00;65445
17/07/2019;A;6:00:00;64984
18/07/2019;A;6:00:00;65024
19/07/2019;A;6:00:00;64638
20/07/2019;A;6:00:00;20193
21/07/2019;A;6:00:00;11655
22/07/2019;A;6:00:00;64844
23/07/2019;A;6:00:00;66239
24/07/2019;A;6:00:00;66529
25/07/2019;A;6:00:00;67620
26/07/2019;A;6:00:00;66668
27/07/2019;A;6:00:00;40585
28/07/2019;A;6:00:00;13568
29/07/2019;A;6:00:00;65832
30/07/2019;A;6:00:00;66846
31/07/2019;A;6:00:00;62953
1/08/2019;A;6:00:00;67122
2/08/2019;A;6:00:00;65630
3/08/2019;A;6:00:00;40120
4/08/2019;A;6:00:00;15789
5/08/2019;A;6:00:00;66658
6/08/2019;A;6:00:00;67634
7/08/2019;A;6:00:00;18325
8/08/2019;A;6:00:00;68338
9/08/2019;A;6:00:00;67481
10/08/2019;A;6:00:00;40825
11/08/2019;A;6:00:00;15131
12/08/2019;A;6:00:00;67331
13/08/2019;A;6:00:00;68752
14/08/2019;A;6:00:00;68078
15/08/2019;A;6:00:00;68264
16/08/2019;A;6:00:00;65718
17/08/2019;A;6:00:00;39779
18/08/2019;A;6:00:00;13935
19/08/2019;A;6:00:00;13413
20/08/2019;A;6:00:00;60062
21/08/2019;A;6:00:00;67530
22/08/2019;A;6:00:00;72515
23/08/2019;A;6:00:00;67074
24/08/2019;A;6:00:00;42355
25/08/2019;A;6:00:00;14243
26/08/2019;A;6:00:00;65596
27/08/2019;A;6:00:00;67904
28/08/2019;A;6:00:00;66896
29/08/2019;A;6:00:00;67260
30/08/2019;A;6:00:00;67283
31/08/2019;A;6:00:00;40648
1/09/2019;A;6:00:00;13573
2/09/2019;A;6:00:00;65776
3/09/2019;A;6:00:00;67618
4/09/2019;A;6:00:00;67731
5/09/2019;A;6:00:00;
6/09/2019;A;6:00:00;62217
7/09/2019;A;6:00:00;41582
8/09/2019;A;6:00:00;15107
9/09/2019;A;6:00:00;67043
10/09/2019;A;6:00:00;67942
11/09/2019;A;6:00:00;66952
12/09/2019;A;6:00:00;68364
13/09/2019;A;6:00:00;67145
14/09/2019;A;6:00:00;41229
15/09/2019;A;6:00:00;14440
16/09/2019;A;6:00:00;66945
17/09/2019;A;6:00:00;68643
18/09/2019;A;6:00:00;67466
19/09/2019;A;6:00:00;68546
20/09/2019;A;6:00:00;68041
21/09/2019;A;6:00:00;40517
22/09/2019;A;6:00:00;13193
23/09/2019;A;6:00:00;66865
24/09/2019;A;6:00:00;66268
25/09/2019;A;6:00:00;66997
26/09/2019;A;6:00:00;65833
27/09/2019;A;6:00:00;68806
28/09/2019;A;6:00:00;42468
29/09/2019;A;6:00:00;14662
30/09/2019;A;6:00:00;68592
1/10/2019;A;6:00:00;69765
2/10/2019;A;6:00:00;69164
3/10/2019;A;6:00:00;68808
4/10/2019;A;6:00:00;69203
5/10/2019;A;6:00:00;42462
6/10/2019;A;6:00:00;14238
7/10/2019;A;6:00:00;69024
8/10/2019;A;6:00:00;68909
9/10/2019;A;6:00:00;69370
10/10/2019;A;6:00:00;67801
11/10/2019;A;6:00:00;65414
12/10/2019;A;6:00:00;40892
13/10/2019;A;6:00:00;14113
14/10/2019;A;6:00:00;13220
15/10/2019;A;6:00:00;69117
16/10/2019;A;6:00:00;68404
17/10/2019;A;6:00:00;67052
18/10/2019;A;6:00:00;69746
19/10/2019;A;6:00:00;
20/10/2019;A;6:00:00;16828
21/10/2019;A;6:00:00;68536
22/10/2019;A;6:00:00;68963
23/10/2019;A;6:00:00;69283
24/10/2019;A;6:00:00;67427
25/10/2019;A;6:00:00;67965
26/10/2019;A;6:00:00;42671
27/10/2019;A;6:00:00;415
28/10/2019;A;6:00:00;67860
29/10/2019;A;6:00:00;65687
30/10/2019;A;6:00:00;69092
31/10/2019;A;6:00:00;68958
1/11/2019;A;6:00:00;67965
2/11/2019;A;6:00:00;40738
3/11/2019;A;6:00:00;13932
4/11/2019;A;6:00:00;14662
5/11/2019;A;6:00:00;68362
6/11/2019;A;6:00:00;71496
7/11/2019;A;6:00:00;69010
8/11/2019;A;6:00:00;68996
9/11/2019;A;6:00:00;43106
10/11/2019;A;6:00:00;15574
11/11/2019;A;6:00:00;14627
12/11/2019;A;6:00:00;66369
13/11/2019;A;6:00:00;69560
14/11/2019;A;6:00:00;69110
15/11/2019;A;6:00:00;69293
16/11/2019;A;6:00:00;43554
17/11/2019;A;6:00:00;15051
18/11/2019;A;6:00:00;67942
19/11/2019;A;6:00:00;67269
20/11/2019;A;6:00:00;69402
21/11/2019;A;6:00:00;28368
22/11/2019;A;6:00:00;67170
23/11/2019;A;6:00:00;43912
24/11/2019;A;6:00:00;16250
25/11/2019;A;6:00:00;68805
26/11/2019;A;6:00:00;68501
27/11/2019;A;6:00:00;53901
28/11/2019;A;6:00:00;67655
29/11/2019;A;6:00:00;67402
30/11/2019;A;6:00:00;41497
1/12/2019;A;6:00:00;13916
2/12/2019;A;6:00:00;66385
3/12/2019;A;6:00:00;66578
4/12/2019;A;6:00:00;68334
5/12/2019;A;6:00:00;72294
6/12/2019;A;6:00:00;65523
7/12/2019;A;6:00:00;39104
8/12/2019;A;6:00:00;12565
9/12/2019;A;6:00:00;64445
10/12/2019;A;6:00:00;66514
11/12/2019;A;6:00:00;65754
12/12/2019;A;6:00:00;65617
13/12/2019;A;6:00:00;64790
14/12/2019;A;6:00:00;38824
15/12/2019;A;6:00:00;14997
16/12/2019;A;6:00:00;62956
17/12/2019;A;6:00:00;62337
18/12/2019;A;6:00:00;62894
19/12/2019;A;6:00:00;62231
20/12/2019;A;6:00:00;61275
21/12/2019;A;6:00:00;34673
22/12/2019;A;6:00:00;14234
23/12/2019;A;6:00:00;47461
24/12/2019;A;6:00:00;34475
25/12/2019;A;6:00:00;7010
26/12/2019;A;6:00:00;46030
27/12/2019;A;6:00:00;47192
28/12/2019;A;6:00:00;29190
29/12/2019;A;6:00:00;12453
30/12/2019;A;6:00:00;40309
31/12/2019;A;6:00:00;21953
1/01/2019;B;6:00:00;833
2/01/2019;B;6:00:00;5550
3/01/2019;B;6:00:00;6202
4/01/2019;B;6:00:00;6265
5/01/2019;B;6:00:00;4037
6/01/2019;B;6:00:00;1772
7/01/2019;B;6:00:00;1609
8/01/2019;B;6:00:00;7519
9/01/2019;B;6:00:00;7695
10/01/2019;B;6:00:00;7864
11/01/2019;B;6:00:00;8102
12/01/2019;B;6:00:00;4750
13/01/2019;B;6:00:00;1765
14/01/2019;B;6:00:00;7972
15/01/2019;B;6:00:00;8540
16/01/2019;B;6:00:00;8492
17/01/2019;B;6:00:00;8815
18/01/2019;B;6:00:00;8754
19/01/2019;B;6:00:00;5570
20/01/2019;B;6:00:00;2174
21/01/2019;B;6:00:00;8864
22/01/2019;B;6:00:00;9146
23/01/2019;B;6:00:00;9129
24/01/2019;B;6:00:00;8929
25/01/2019;B;6:00:00;9057
26/01/2019;B;6:00:00;5606
27/01/2019;B;6:00:00;2101
28/01/2019;B;6:00:00;9095
29/01/2019;B;6:00:00;9266
30/01/2019;B;6:00:00;8966
31/01/2019;B;6:00:00;9012
1/02/2019;B;6:00:00;9264
2/02/2019;B;6:00:00;5630
3/02/2019;B;6:00:00;2380
4/02/2019;B;6:00:00;9596
5/02/2019;B;6:00:00;9285
6/02/2019;B;6:00:00;9453
7/02/2019;B;6:00:00;9518
8/02/2019;B;6:00:00;9177
9/02/2019;B;6:00:00;5643
10/02/2019;B;6:00:00;2058
11/02/2019;B;6:00:00;9275
12/02/2019;B;6:00:00;9327
13/02/2019;B;6:00:00;9453
14/02/2019;B;6:00:00;9151
15/02/2019;B;6:00:00;9864
16/02/2019;B;6:00:00;6037
17/02/2019;B;6:00:00;1938
18/02/2019;B;6:00:00;9750
19/02/2019;B;6:00:00;9735
20/02/2019;B;6:00:00;9582
21/02/2019;B;6:00:00;9720
22/02/2019;B;6:00:00;9585
23/02/2019;B;6:00:00;5881
24/02/2019;B;6:00:00;2204
25/02/2019;B;6:00:00;9486
26/02/2019;B;6:00:00;9580
27/02/2019;B;6:00:00;9310
28/02/2019;B;6:00:00;9599
1/03/2019;B;6:00:00;9685
2/03/2019;B;6:00:00;5953
3/03/2019;B;6:00:00;2049
4/03/2019;B;6:00:00;9438
5/03/2019;B;6:00:00;9430
6/03/2019;B;6:00:00;11137
7/03/2019;B;6:00:00;11034
8/03/2019;B;6:00:00;10732
9/03/2019;B;6:00:00;6153
10/03/2019;B;6:00:00;2221
11/03/2019;B;6:00:00;9492
12/03/2019;B;6:00:00;9817
13/03/2019;B;6:00:00;744
14/03/2019;B;6:00:00;9684
15/03/2019;B;6:00:00;9508
16/03/2019;B;6:00:00;6061
17/03/2019;B;6:00:00;2040
18/03/2019;B;6:00:00;10903
19/03/2019;B;6:00:00;10798
20/03/2019;B;6:00:00;10881
21/03/2019;B;6:00:00;9775
22/03/2019;B;6:00:00;9674
23/03/2019;B;6:00:00;5875
24/03/2019;B;6:00:00;2251
25/03/2019;B;6:00:00;1997
26/03/2019;B;6:00:00;9544
27/03/2019;B;6:00:00;9704
28/03/2019;B;6:00:00;9778
29/03/2019;B;6:00:00;10882
30/03/2019;B;6:00:00;6550
31/03/2019;B;6:00:00;2193
1/04/2019;B;6:00:00;9813
2/04/2019;B;6:00:00;9562
3/04/2019;B;6:00:00;9702
4/04/2019;B;6:00:00;9593
5/04/2019;B;6:00:00;9895
6/04/2019;B;6:00:00;6254
7/04/2019;B;6:00:00;2244
8/04/2019;B;6:00:00;9423
9/04/2019;B;6:00:00;10024
10/04/2019;B;6:00:00;9726
11/04/2019;B;6:00:00;9622
12/04/2019;B;6:00:00;9576
13/04/2019;B;6:00:00;6196
14/04/2019;B;6:00:00;2389
15/04/2019;B;6:00:00;9752
16/04/2019;B;6:00:00;9301
17/04/2019;B;6:00:00;8736
18/04/2019;B;6:00:00;2120
19/04/2019;B;6:00:00;1324
20/04/2019;B;6:00:00;3252
21/04/2019;B;6:00:00;1570
22/04/2019;B;6:00:00;9125
23/04/2019;B;6:00:00;10789
24/04/2019;B;6:00:00;9714
25/04/2019;B;6:00:00;1346
26/04/2019;B;6:00:00;
27/04/2019;B;6:00:00;2743
28/04/2019;B;6:00:00;2212
29/04/2019;B;6:00:00;9547
30/04/2019;B;6:00:00;8163
1/05/2019;B;6:00:00;2649
2/05/2019;B;6:00:00;9938
3/05/2019;B;6:00:00;9773
4/05/2019;B;6:00:00;6183
5/05/2019;B;6:00:00;2258
6/05/2019;B;6:00:00;9474
7/05/2019;B;6:00:00;9773
8/05/2019;B;6:00:00;9613
9/05/2019;B;6:00:00;9672
10/05/2019;B;6:00:00;9445
11/05/2019;B;6:00:00;5878
12/05/2019;B;6:00:00;1757
13/05/2019;B;6:00:00;9297
14/05/2019;B;6:00:00;9717
15/05/2019;B;6:00:00;9544
16/05/2019;B;6:00:00;9546
17/05/2019;B;6:00:00;9595
18/05/2019;B;6:00:00;5995
19/05/2019;B;6:00:00;2231
20/05/2019;B;6:00:00;9636
21/05/2019;B;6:00:00;9624
22/05/2019;B;6:00:00;9846
23/05/2019;B;6:00:00;9298
24/05/2019;B;6:00:00;9413
25/05/2019;B;6:00:00;5984
26/05/2019;B;6:00:00;2211
27/05/2019;B;6:00:00;10096
28/05/2019;B;6:00:00;9357
29/05/2019;B;6:00:00;9689
30/05/2019;B;6:00:00;9530
31/05/2019;B;6:00:00;9569
1/06/2019;B;6:00:00;5909
2/06/2019;B;6:00:00;2111
3/06/2019;B;6:00:00;2099
4/06/2019;B;6:00:00;9881
5/06/2019;B;6:00:00;9863
6/06/2019;B;6:00:00;9676
7/06/2019;B;6:00:00;9690
8/06/2019;B;6:00:00;6269
9/06/2019;B;6:00:00;2353
10/06/2019;B;6:00:00;9678
11/06/2019;B;6:00:00;9504
12/06/2019;B;6:00:00;9504
13/06/2019;B;6:00:00;9340
14/06/2019;B;6:00:00;9554
15/06/2019;B;6:00:00;5533
16/06/2019;B;6:00:00;1628
17/06/2019;B;6:00:00;8689
18/06/2019;B;6:00:00;9495
19/06/2019;B;6:00:00;9250
20/06/2019;B;6:00:00;9364
21/06/2019;B;6:00:00;9323
22/06/2019;B;6:00:00;5745
23/06/2019;B;6:00:00;2284
24/06/2019;B;6:00:00;2194
25/06/2019;B;6:00:00;9313
26/06/2019;B;6:00:00;9192
27/06/2019;B;6:00:00;9246
28/06/2019;B;6:00:00;9275
29/06/2019;B;6:00:00;5716
30/06/2019;B;6:00:00;2253
1/07/2019;B;6:00:00;2056
2/07/2019;B;6:00:00;9423
3/07/2019;B;6:00:00;9324
4/07/2019;B;6:00:00;9233
5/07/2019;B;6:00:00;9508
6/07/2019;B;6:00:00;5872
7/07/2019;B;6:00:00;2594
8/07/2019;B;6:00:00;9508
9/07/2019;B;6:00:00;9305
10/07/2019;B;6:00:00;10123
11/07/2019;B;6:00:00;9287
12/07/2019;B;6:00:00;9497
13/07/2019;B;6:00:00;6058
14/07/2019;B;6:00:00;2218
15/07/2019;B;6:00:00;9171
16/07/2019;B;6:00:00;9821
17/07/2019;B;6:00:00;9854
18/07/2019;B;6:00:00;9724
19/07/2019;B;6:00:00;9536
20/07/2019;B;6:00:00;3394
21/07/2019;B;6:00:00;2072
22/07/2019;B;6:00:00;9391
23/07/2019;B;6:00:00;9705
24/07/2019;B;6:00:00;9656
25/07/2019;B;6:00:00;9763
26/07/2019;B;6:00:00;9923
27/07/2019;B;6:00:00;6215
28/07/2019;B;6:00:00;2157
29/07/2019;B;6:00:00;9670
30/07/2019;B;6:00:00;9821
31/07/2019;B;6:00:00;9899
1/08/2019;B;6:00:00;9662
2/08/2019;B;6:00:00;9687
3/08/2019;B;6:00:00;6107
4/08/2019;B;6:00:00;2519
5/08/2019;B;6:00:00;9742
6/08/2019;B;6:00:00;9885
7/08/2019;B;6:00:00;2994
8/08/2019;B;6:00:00;10011
9/08/2019;B;6:00:00;9800
10/08/2019;B;6:00:00;6092
11/08/2019;B;6:00:00;2501
12/08/2019;B;6:00:00;9654
13/08/2019;B;6:00:00;9666
14/08/2019;B;6:00:00;9906
15/08/2019;B;6:00:00;9908
16/08/2019;B;6:00:00;9632
17/08/2019;B;6:00:00;6091
18/08/2019;B;6:00:00;2224
19/08/2019;B;6:00:00;2109
20/08/2019;B;6:00:00;9927
21/08/2019;B;6:00:00;10107
22/08/2019;B;6:00:00;9877
23/08/2019;B;6:00:00;10110
24/08/2019;B;6:00:00;6368
25/08/2019;B;6:00:00;2358
26/08/2019;B;6:00:00;9833
27/08/2019;B;6:00:00;9954
28/08/2019;B;6:00:00;9754
29/08/2019;B;6:00:00;9728
30/08/2019;B;6:00:00;10004
31/08/2019;B;6:00:00;6208
1/09/2019;B;6:00:00;2259
2/09/2019;B;6:00:00;9780
3/09/2019;B;6:00:00;9673
4/09/2019;B;6:00:00;9911
5/09/2019;B;6:00:00;
6/09/2019;B;6:00:00;9125
7/09/2019;B;6:00:00;6204
8/09/2019;B;6:00:00;2584
9/09/2019;B;6:00:00;9828
10/09/2019;B;6:00:00;10044
11/09/2019;B;6:00:00;9604
12/09/2019;B;6:00:00;10075
13/09/2019;B;6:00:00;9941
14/09/2019;B;6:00:00;6274
15/09/2019;B;6:00:00;2181
16/09/2019;B;6:00:00;9518
17/09/2019;B;6:00:00;9880
18/09/2019;B;6:00:00;10426
19/09/2019;B;6:00:00;10026
20/09/2019;B;6:00:00;9970
21/09/2019;B;6:00:00;6192
22/09/2019;B;6:00:00;2345
23/09/2019;B;6:00:00;9806
24/09/2019;B;6:00:00;9880
25/09/2019;B;6:00:00;10084
26/09/2019;B;6:00:00;9962
27/09/2019;B;6:00:00;10080
28/09/2019;B;6:00:00;6477
29/09/2019;B;6:00:00;2352
30/09/2019;B;6:00:00;9641
1/10/2019;B;6:00:00;9910
2/10/2019;B;6:00:00;9912
3/10/2019;B;6:00:00;9990
4/10/2019;B;6:00:00;10137
5/10/2019;B;6:00:00;6369
6/10/2019;B;6:00:00;2254
7/10/2019;B;6:00:00;10071
8/10/2019;B;6:00:00;9850
9/10/2019;B;6:00:00;10237
10/10/2019;B;6:00:00;9332
11/10/2019;B;6:00:00;9649
12/10/2019;B;6:00:00;7154
13/10/2019;B;6:00:00;2313
14/10/2019;B;6:00:00;2167
15/10/2019;B;6:00:00;10260
16/10/2019;B;6:00:00;10014
17/10/2019;B;6:00:00;9552
18/10/2019;B;6:00:00;10166
19/10/2019;B;6:00:00;
20/10/2019;B;6:00:00;2809
21/10/2019;B;6:00:00;10012
22/10/2019;B;6:00:00;9924
23/10/2019;B;6:00:00;10044
24/10/2019;B;6:00:00;9606
25/10/2019;B;6:00:00;10255
26/10/2019;B;6:00:00;6508
27/10/2019;B;6:00:00;98
28/10/2019;B;6:00:00;9856
29/10/2019;B;6:00:00;9775
30/10/2019;B;6:00:00;10364
31/10/2019;B;6:00:00;10085
1/11/2019;B;6:00:00;9875
2/11/2019;B;6:00:00;6125
3/11/2019;B;6:00:00;2311
4/11/2019;B;6:00:00;2375
5/11/2019;B;6:00:00;9821
6/11/2019;B;6:00:00;10231
7/11/2019;B;6:00:00;10139
8/11/2019;B;6:00:00;10111
9/11/2019;B;6:00:00;6217
10/11/2019;B;6:00:00;2432
11/11/2019;B;6:00:00;2343
12/11/2019;B;6:00:00;10088
13/11/2019;B;6:00:00;10065
14/11/2019;B;6:00:00;10171
15/11/2019;B;6:00:00;10450
16/11/2019;B;6:00:00;6500
17/11/2019;B;6:00:00;2433
18/11/2019;B;6:00:00;9965
19/11/2019;B;6:00:00;10098
20/11/2019;B;6:00:00;9975
21/11/2019;B;6:00:00;4408
22/11/2019;B;6:00:00;9910
23/11/2019;B;6:00:00;6544
24/11/2019;B;6:00:00;2494
25/11/2019;B;6:00:00;10117
26/11/2019;B;6:00:00;9900
27/11/2019;B;6:00:00;7856
28/11/2019;B;6:00:00;9684
29/11/2019;B;6:00:00;9921
30/11/2019;B;6:00:00;6315
1/12/2019;B;6:00:00;2126
2/12/2019;B;6:00:00;9795
3/12/2019;B;6:00:00;9831
4/12/2019;B;6:00:00;9781
5/12/2019;B;6:00:00;10522
6/12/2019;B;6:00:00;9599
7/12/2019;B;6:00:00;5948
8/12/2019;B;6:00:00;1955
9/12/2019;B;6:00:00;9374
10/12/2019;B;6:00:00;9527
11/12/2019;B;6:00:00;9598
12/12/2019;B;6:00:00;9497
13/12/2019;B;6:00:00;9426
14/12/2019;B;6:00:00;5946
15/12/2019;B;6:00:00;2327
16/12/2019;B;6:00:00;9092
17/12/2019;B;6:00:00;8925
18/12/2019;B;6:00:00;9063
19/12/2019;B;6:00:00;8991
20/12/2019;B;6:00:00;8730
21/12/2019;B;6:00:00;5229
22/12/2019;B;6:00:00;2129
23/12/2019;B;6:00:00;7294
24/12/2019;B;6:00:00;5118
25/12/2019;B;6:00:00;1013
26/12/2019;B;6:00:00;6707
27/12/2019;B;6:00:00;7060
28/12/2019;B;6:00:00;4310
29/12/2019;B;6:00:00;1849
30/12/2019;B;6:00:00;5895
31/12/2019;B;6:00:00;3468
1/01/2020;A;6:00:00;6168
1/01/2020;B;6:00:00;863
2/01/2020;A;6:00:00;36796
2/01/2020;B;6:00:00;5294
3/01/2020;A;6:00:00;40924
3/01/2020;B;6:00:00;5866
4/01/2020;A;6:00:00;25310
4/01/2020;B;6:00:00;3756
5/01/2020;A;6:00:00;11751
5/01/2020;B;6:00:00;1759
6/01/2020;A;6:00:00;10749
6/01/2020;B;6:00:00;1694
7/01/2020;A;6:00:00;51470
7/01/2020;B;6:00:00;7534
8/01/2020;A;6:00:00;52363
8/01/2020;B;6:00:00;7541
9/01/2020;A;6:00:00;52477
9/01/2020;B;6:00:00;7589
10/01/2020;A;6:00:00;51025
10/01/2020;B;6:00:00;7777
11/01/2020;A;6:00:00;32009
11/01/2020;B;6:00:00;4917
12/01/2020;A;6:00:00;12176
12/01/2020;B;6:00:00;1821
13/01/2020;A;6:00:00;58673
13/01/2020;B;6:00:00;8904
14/01/2020;A;6:00:00;59838
14/01/2020;B;6:00:00;8624
15/01/2020;A;6:00:00;59859
15/01/2020;B;6:00:00;8762
16/01/2020;A;6:00:00;60403
16/01/2020;B;6:00:00;8844
17/01/2020;A;6:00:00;61332
17/01/2020;B;6:00:00;9031
18/01/2020;A;6:00:00;35798
18/01/2020;B;6:00:00;5420
19/01/2020;A;6:00:00;12614
19/01/2020;B;6:00:00;1905
20/01/2020;A;6:00:00;61658
20/01/2020;B;6:00:00;8991
21/01/2020;A;6:00:00;63756
21/01/2020;B;6:00:00;9149
22/01/2020;A;6:00:00;61640
22/01/2020;B;6:00:00;9019
23/01/2020;A;6:00:00;64252
23/01/2020;B;6:00:00;9296
24/01/2020;A;6:00:00;64335
24/01/2020;B;6:00:00;9362
25/01/2020;A;6:00:00;37534
25/01/2020;B;6:00:00;5690
26/01/2020;A;6:00:00;12762
26/01/2020;B;6:00:00;2090
27/01/2020;A;6:00:00;64427
27/01/2020;B;6:00:00;9559
28/01/2020;A;6:00:00;64864
28/01/2020;B;6:00:00;9402
29/01/2020;A;6:00:00;65383
29/01/2020;B;6:00:00;9586
30/01/2020;A;6:00:00;65175
30/01/2020;B;6:00:00;9489
31/01/2020;A;6:00:00;64677
31/01/2020;B;6:00:00;9366
1/02/2020;A;6:00:00;37596
1/02/2020;B;6:00:00;5620
2/02/2020;A;6:00:00;12654
2/02/2020;B;6:00:00;1989
3/02/2020;A;6:00:00;66206
3/02/2020;B;6:00:00;9486
4/02/2020;A;6:00:00;66890
4/02/2020;B;6:00:00;9592
5/02/2020;A;6:00:00;67096
5/02/2020;B;6:00:00;9958
6/02/2020;A;6:00:00;66524
6/02/2020;B;6:00:00;9656
7/02/2020;A;6:00:00;66282
7/02/2020;B;6:00:00;9797
8/02/2020;A;6:00:00;39036
8/02/2020;B;6:00:00;5909
9/02/2020;A;6:00:00;13147
9/02/2020;B;6:00:00;1984
10/02/2020;A;6:00:00;67961
10/02/2020;B;6:00:00;9942
11/02/2020;A;6:00:00;68518
11/02/2020;B;6:00:00;9888
12/02/2020;A;6:00:00;67661
12/02/2020;B;6:00:00;9804
13/02/2020;A;6:00:00;68425
13/02/2020;B;6:00:00;9532
14/02/2020;A;6:00:00;66942
14/02/2020;B;6:00:00;9671
15/02/2020;A;6:00:00;38845
15/02/2020;B;6:00:00;5942
16/02/2020;A;6:00:00;11872
16/02/2020;B;6:00:00;1893
17/02/2020;A;6:00:00;131864
17/02/2020;B;6:00:00;19068
18/02/2020;A;6:00:00;136866
18/02/2020;B;6:00:00;19714
19/02/2020;A;6:00:00;67051
19/02/2020;B;6:00:00;9785
20/02/2020;A;6:00:00;65547
20/02/2020;B;6:00:00;9566
21/02/2020;A;6:00:00;66690
21/02/2020;B;6:00:00;9806
22/02/2020;A;6:00:00;40778
22/02/2020;B;6:00:00;6073
23/02/2020;A;6:00:00;13991
23/02/2020;B;6:00:00;2176
24/02/2020;A;6:00:00;67530
24/02/2020;B;6:00:00;9878
25/02/2020;A;6:00:00;67973
25/02/2020;B;6:00:00;10035
26/02/2020;A;6:00:00;68355
26/02/2020;B;6:00:00;9903
27/02/2020;A;6:00:00;67876
27/02/2020;B;6:00:00;9705
28/02/2020;A;6:00:00;75514
28/02/2020;B;6:00:00;11307
29/02/2020;A;6:00:00;43946
29/02/2020;B;6:00:00;6599
1/03/2020;A;6:00:00;14152
1/03/2020;B;6:00:00;2140
2/03/2020;A;6:00:00;64290
2/03/2020;B;6:00:00;10484
3/03/2020;A;6:00:00;75366
3/03/2020;B;6:00:00;10973
4/03/2020;A;6:00:00;75227
4/03/2020;B;6:00:00;10778
5/03/2020;A;6:00:00;75647
5/03/2020;B;6:00:00;10882
6/03/2020;A;6:00:00;74496
6/03/2020;B;6:00:00;11058
7/03/2020;A;6:00:00;44396
7/03/2020;B;6:00:00;6716
8/03/2020;A;6:00:00;13788
8/03/2020;B;6:00:00;2175
9/03/2020;A;6:00:00;72844
9/03/2020;B;6:00:00;10762
10/03/2020;A;6:00:00;74492
10/03/2020;B;6:00:00;10939
11/03/2020;A;6:00:00;70871
11/03/2020;B;6:00:00;10560
12/03/2020;A;6:00:00;68952
12/03/2020;B;6:00:00;10234
13/03/2020;A;6:00:00;67872
13/03/2020;B;6:00:00;9999
14/03/2020;A;6:00:00;38540
14/03/2020;B;6:00:00;5680
15/03/2020;A;6:00:00;11853
15/03/2020;B;6:00:00;1806
16/03/2020;A;6:00:00;54216
16/03/2020;B;6:00:00;8037
17/03/2020;A;6:00:00;45500
17/03/2020;B;6:00:00;6735
18/03/2020;A;6:00:00;41721
18/03/2020;B;6:00:00;6080
19/03/2020;A;6:00:00;38039
19/03/2020;B;6:00:00;5672
20/03/2020;A;6:00:00;36169
20/03/2020;B;6:00:00;5416
21/03/2020;A;6:00:00;8601
21/03/2020;B;6:00:00;1151
22/03/2020;A;6:00:00;5207
22/03/2020;B;6:00:00;631
23/03/2020;A;6:00:00;5179
23/03/2020;B;6:00:00;659
24/03/2020;A;6:00:00;16947
24/03/2020;B;6:00:00;2405
25/03/2020;A;6:00:00;11161
25/03/2020;B;6:00:00;1617
26/03/2020;A;6:00:00;10895
26/03/2020;B;6:00:00;1502
27/03/2020;A;6:00:00;10635
27/03/2020;B;6:00:00;1490
28/03/2020;A;6:00:00;7941
28/03/2020;B;6:00:00;1075
29/03/2020;A;6:00:00;4372
29/03/2020;B;6:00:00;594
30/03/2020;A;6:00:00;10565
30/03/2020;B;6:00:00;1558
31/03/2020;A;6:00:00;10246
31/03/2020;B;6:00:00;1460
1/04/2020;A;6:00:00;10478
1/04/2020;B;6:00:00;1556
2/04/2020;A;6:00:00;10095
2/04/2020;B;6:00:00;1483
3/04/2020;A;6:00:00;10166
3/04/2020;B;6:00:00;1521
4/04/2020;A;6:00:00;7716
4/04/2020;B;6:00:00;1047
5/04/2020;A;6:00:00;4165
5/04/2020;B;6:00:00;529
6/04/2020;A;6:00:00;10260
6/04/2020;B;6:00:00;1487
7/04/2020;A;6:00:00;10300
7/04/2020;B;6:00:00;1596
8/04/2020;A;6:00:00;10208
8/04/2020;B;6:00:00;1557
9/04/2020;A;6:00:00;5245
9/04/2020;B;6:00:00;672
10/04/2020;A;6:00:00;3948
10/04/2020;B;6:00:00;564
11/04/2020;A;6:00:00;6595
11/04/2020;B;6:00:00;947
12/04/2020;A;6:00:00;4004
12/04/2020;B;6:00:00;537
13/04/2020;A;6:00:00;11534
13/04/2020;B;6:00:00;1771
14/04/2020;A;6:00:00;11595
14/04/2020;B;6:00:00;1733
15/04/2020;A;6:00:00;11956
15/04/2020;B;6:00:00;1792
16/04/2020;A;6:00:00;12098
16/04/2020;B;6:00:00;1772
17/04/2020;A;6:00:00;11956
17/04/2020;B;6:00:00;1811
18/04/2020;A;6:00:00;8774
18/04/2020;B;6:00:00;1274
19/04/2020;A;6:00:00;3720
19/04/2020;B;6:00:00;545
20/04/2020;A;6:00:00;12429
20/04/2020;B;6:00:00;1878
21/04/2020;A;6:00:00;12737
21/04/2020;B;6:00:00;1928
22/04/2020;A;6:00:00;12878
22/04/2020;B;6:00:00;1945
23/04/2020;A;6:00:00;12671
23/04/2020;B;6:00:00;2018
24/04/2020;A;6:00:00;13034
24/04/2020;B;6:00:00;2044
25/04/2020;A;6:00:00;9511
25/04/2020;B;6:00:00;1415
26/04/2020;A;6:00:00;4253
26/04/2020;B;6:00:00;609
27/04/2020;A;6:00:00;13856
27/04/2020;B;6:00:00;2030
28/04/2020;A;6:00:00;14931
28/04/2020;B;6:00:00;2035
29/04/2020;A;6:00:00;14460
29/04/2020;B;6:00:00;2136
30/04/2020;A;6:00:00;15210
30/04/2020;B;6:00:00;2142
1/05/2020;A;6:00:00;6960
1/05/2020;B;6:00:00;1024
2/05/2020;A;6:00:00;9653
2/05/2020;B;6:00:00;1506
3/05/2020;A;6:00:00;4133
3/05/2020;B;6:00:00;574
4/05/2020;A;6:00:00;15767
4/05/2020;B;6:00:00;2480
5/05/2020;A;6:00:00;16596
5/05/2020;B;6:00:00;2587
6/05/2020;A;6:00:00;16639
6/05/2020;B;6:00:00;2826
7/05/2020;A;6:00:00;16911
7/05/2020;B;6:00:00;2578
8/05/2020;A;6:00:00;17048
8/05/2020;B;6:00:00;2655
9/05/2020;A;6:00:00;12713
9/05/2020;B;6:00:00;1967
10/05/2020;A;6:00:00;4250
10/05/2020;B;6:00:00;607
11/05/2020;A;6:00:00;18449
11/05/2020;B;6:00:00;2840
12/05/2020;A;6:00:00;19016
12/05/2020;B;6:00:00;2866
13/05/2020;A;6:00:00;19102
13/05/2020;B;6:00:00;2872
14/05/2020;A;6:00:00;19377
14/05/2020;B;6:00:00;3084
15/05/2020;A;6:00:00;18482
15/05/2020;B;6:00:00;2932
16/05/2020;A;6:00:00;13193
16/05/2020;B;6:00:00;2023
17/05/2020;A;6:00:00;4494
17/05/2020;B;6:00:00;634
18/05/2020;A;6:00:00;19201
18/05/2020;B;6:00:00;2973
19/05/2020;A;6:00:00;19024
19/05/2020;B;6:00:00;3005
20/05/2020;A;6:00:00;19812
20/05/2020;B;6:00:00;3036
21/05/2020;A;6:00:00;20747
21/05/2020;B;6:00:00;3207
22/05/2020;A;6:00:00;21112
22/05/2020;B;6:00:00;3263
23/05/2020;A;6:00:00;14569
23/05/2020;B;6:00:00;2246
24/05/2020;A;6:00:00;4708
24/05/2020;B;6:00:00;678
25/05/2020;A;6:00:00;5615
25/05/2020;B;6:00:00;943
26/05/2020;A;6:00:00;20466
26/05/2020;B;6:00:00;3247
27/05/2020;A;6:00:00;20549
27/05/2020;B;6:00:00;3211
28/05/2020;A;6:00:00;20715
28/05/2020;B;6:00:00;3281
29/05/2020;A;6:00:00;20991
29/05/2020;B;6:00:00;3302
30/05/2020;A;6:00:00;15630
30/05/2020;B;6:00:00;2377
31/05/2020;A;6:00:00;4548
31/05/2020;B;6:00:00;667
1/06/2020;A;6:00:00;20722
1/06/2020;B;6:00:00;3026
2/06/2020;A;6:00:00;20953
2/06/2020;B;6:00:00;3476
3/06/2020;A;6:00:00;21295
3/06/2020;B;6:00:00;3497
4/06/2020;A;6:00:00;21937
4/06/2020;B;6:00:00;3578
5/06/2020;A;6:00:00;21612
5/06/2020;B;6:00:00;3567
6/06/2020;A;6:00:00;15855
6/06/2020;B;6:00:00;2536
7/06/2020;A;6:00:00;4869
7/06/2020;B;6:00:00;685
8/06/2020;A;6:00:00;20751
8/06/2020;B;6:00:00;3490
9/06/2020;A;6:00:00;21880
9/06/2020;B;6:00:00;3675
10/06/2020;A;6:00:00;22001
10/06/2020;B;6:00:00;3534
11/06/2020;A;6:00:00;22030
11/06/2020;B;6:00:00;3793
12/06/2020;A;6:00:00;22576
12/06/2020;B;6:00:00;3691
14/06/2020;A;6:00:00;5280
14/06/2020;B;6:00:00;776
15/06/2020;A;6:00:00;6375
15/06/2020;B;6:00:00;1041
16/06/2020;A;6:00:00;22873
16/06/2020;B;6:00:00;3863
17/06/2020;A;6:00:00;22782
17/06/2020;B;6:00:00;3965
18/06/2020;A;6:00:00;23028
18/06/2020;B;6:00:00;4094
19/06/2020;A;6:00:00;22465
19/06/2020;B;6:00:00;4041
20/06/2020;A;6:00:00;17190
20/06/2020;B;6:00:00;2810
21/06/2020;A;6:00:00;5162
21/06/2020;B;6:00:00;739
22/06/2020;A;6:00:00;6301
22/06/2020;B;6:00:00;1034
23/06/2020;A;6:00:00;22794
23/06/2020;B;6:00:00;3968
24/06/2020;A;6:00:00;23310
24/06/2020;B;6:00:00;3948
25/06/2020;A;6:00:00;22819
25/06/2020;B;6:00:00;4183
26/06/2020;A;6:00:00;23359
26/06/2020;B;6:00:00;4141
27/06/2020;A;6:00:00;17833
27/06/2020;B;6:00:00;2906
28/06/2020;A;6:00:00;5853
28/06/2020;B;6:00:00;883
29/06/2020;A;6:00:00;6773
29/06/2020;B;6:00:00;1106
30/06/2020;A;6:00:00;23783
30/06/2020;B;6:00:00;4048
1/07/2020;A;6:00:00;23023
1/07/2020;B;6:00:00;3991
2/07/2020;A;6:00:00;24564
2/07/2020;B;6:00:00;3891
3/07/2020;A;6:00:00;24162
3/07/2020;B;6:00:00;4108
4/07/2020;A;6:00:00;17527
4/07/2020;B;6:00:00;2915
5/07/2020;A;6:00:00;5740
5/07/2020;B;6:00:00;855
6/07/2020;A;6:00:00;23716
6/07/2020;B;6:00:00;4199
7/07/2020;A;6:00:00;24513
7/07/2020;B;6:00:00;4098
8/07/2020;A;6:00:00;24290
8/07/2020;B;6:00:00;3933
9/07/2020;A;6:00:00;24433
9/07/2020;B;6:00:00;4063
10/07/2020;A;6:00:00;24057
10/07/2020;B;6:00:00;4076
11/07/2020;A;6:00:00;17796
11/07/2020;B;6:00:00;2812
12/07/2020;A;6:00:00;5811
12/07/2020;B;6:00:00;878
13/07/2020;A;6:00:00;23134
13/07/2020;B;6:00:00;3961
14/07/2020;A;6:00:00;23061
14/07/2020;B;6:00:00;3789
15/07/2020;A;6:00:00;22888
15/07/2020;B;6:00:00;3805
16/07/2020;A;6:00:00;23455
16/07/2020;B;6:00:00;3704
17/07/2020;A;6:00:00;11922
17/07/2020;B;6:00:00;1880
18/07/2020;A;6:00:00;8504
18/07/2020;B;6:00:00;1312
19/07/2020;A;6:00:00;3797
19/07/2020;B;6:00:00;560
20/07/2020;A;6:00:00;4081
20/07/2020;B;6:00:00;605
21/07/2020;A;6:00:00;22494
21/07/2020;B;6:00:00;3694
22/07/2020;A;6:00:00;23565
22/07/2020;B;6:00:00;3676
23/07/2020;A;6:00:00;22752
23/07/2020;B;6:00:00;3706
24/07/2020;A;6:00:00;13947
24/07/2020;B;6:00:00;2191
25/07/2020;A;6:00:00;9897
25/07/2020;B;6:00:00;1543
26/07/2020;A;6:00:00;4301
26/07/2020;B;6:00:00;589
27/07/2020;A;6:00:00;21959
27/07/2020;B;6:00:00;3864
28/07/2020;A;6:00:00;23692
28/07/2020;B;6:00:00;3925
29/07/2020;A;6:00:00;23365
29/07/2020;B;6:00:00;3674
30/07/2020;A;6:00:00;23229
30/07/2020;B;6:00:00;3501
31/07/2020;A;6:00:00;14337
31/07/2020;B;6:00:00;2286
1/08/2020;A;6:00:00;9948
1/08/2020;B;6:00:00;1543
2/08/2020;A;6:00:00;4098
2/08/2020;B;6:00:00;588
3/08/2020;A;6:00:00;23027
3/08/2020;B;6:00:00;3654
4/08/2020;A;6:00:00;23094
4/08/2020;B;6:00:00;3757
5/08/2020;A;6:00:00;23465
5/08/2020;B;6:00:00;3758
6/08/2020;A;6:00:00;23769
6/08/2020;B;6:00:00;3849
7/08/2020;A;6:00:00;7271
7/08/2020;B;6:00:00;1110
9/08/2020;A;6:00:00;3992
9/08/2020;B;6:00:00;562
10/08/2020;A;6:00:00;23471
10/08/2020;B;6:00:00;3723
11/08/2020;A;6:00:00;23949
11/08/2020;B;6:00:00;3869
12/08/2020;A;6:00:00;24287
12/08/2020;B;6:00:00;3969
13/08/2020;A;6:00:00;23836
13/08/2020;B;6:00:00;3956
14/08/2020;A;6:00:00;24360
14/08/2020;B;6:00:00;3990
15/08/2020;A;6:00:00;13223
15/08/2020;B;6:00:00;2062
16/08/2020;A;6:00:00;4749
16/08/2020;B;6:00:00;678
17/08/2020;A;6:00:00;5335
17/08/2020;B;6:00:00;844
18/08/2020;A;6:00:00;25059
18/08/2020;B;6:00:00;4071
19/08/2020;A;6:00:00;24875
19/08/2020;B;6:00:00;3977
20/08/2020;A;6:00:00;49806
20/08/2020;B;6:00:00;8342
21/08/2020;A;6:00:00;24881
21/08/2020;B;6:00:00;4080
22/08/2020;A;6:00:00;19218
22/08/2020;B;6:00:00;3072
23/08/2020;A;6:00:00;5853
23/08/2020;B;6:00:00;899
24/08/2020;A;6:00:00;25107
24/08/2020;B;6:00:00;3923
25/08/2020;A;6:00:00;24983
25/08/2020;B;6:00:00;4060
26/08/2020;A;6:00:00;24859
26/08/2020;B;6:00:00;4150
27/08/2020;A;6:00:00;25355
27/08/2020;B;6:00:00;4218
28/08/2020;A;6:00:00;25692
28/08/2020;B;6:00:00;4068
29/08/2020;A;6:00:00;19492
29/08/2020;B;6:00:00;3020
30/08/2020;A;6:00:00;6109
30/08/2020;B;6:00:00;909
31/08/2020;A;6:00:00;25901
31/08/2020;B;6:00:00;4225
1/09/2020;A;6:00:00;26485
1/09/2020;B;6:00:00;4115
2/09/2020;A;6:00:00;27072
2/09/2020;B;6:00:00;4242
3/09/2020;A;6:00:00;27904
3/09/2020;B;6:00:00;4459
4/09/2020;A;6:00:00;26122
4/09/2020;B;6:00:00;4041
5/09/2020;A;6:00:00;20453
5/09/2020;B;6:00:00;3314
6/09/2020;A;6:00:00;6741
6/09/2020;B;6:00:00;1036
7/09/2020;A;6:00:00;27921
7/09/2020;B;6:00:00;4497
8/09/2020;A;6:00:00;28888
8/09/2020;B;6:00:00;4560
9/09/2020;A;6:00:00;29447
9/09/2020;B;6:00:00;4579
10/09/2020;A;6:00:00;29316
10/09/2020;B;6:00:00;4596
11/09/2020;A;6:00:00;29832
11/09/2020;B;6:00:00;4617
12/09/2020;A;6:00:00;21388
12/09/2020;B;6:00:00;3263
13/09/2020;A;6:00:00;7408
13/09/2020;B;6:00:00;1148
14/09/2020;A;6:00:00;30288
14/09/2020;B;6:00:00;4818
15/09/2020;A;6:00:00;30309
15/09/2020;B;6:00:00;4749
16/09/2020;A;6:00:00;30894
16/09/2020;B;6:00:00;4866
17/09/2020;A;6:00:00;30753
17/09/2020;B;6:00:00;4810
18/09/2020;A;6:00:00;31624
18/09/2020;B;6:00:00;4946
19/09/2020;A;6:00:00;22216
19/09/2020;B;6:00:00;3434
20/09/2020;A;6:00:00;6929
20/09/2020;B;6:00:00;1016
21/09/2020;A;6:00:00;31782
21/09/2020;B;6:00:00;5032
22/09/2020;A;6:00:00;32186
22/09/2020;B;6:00:00;4972
23/09/2020;A;6:00:00;32153
23/09/2020;B;6:00:00;4995
24/09/2020;A;6:00:00;32330
24/09/2020;B;6:00:00;5046
25/09/2020;A;6:00:00;32381
25/09/2020;B;6:00:00;5002
26/09/2020;A;6:00:00;23408
26/09/2020;B;6:00:00;3475
27/09/2020;A;6:00:00;7972
27/09/2020;B;6:00:00;1242
28/09/2020;A;6:00:00;32734
28/09/2020;B;6:00:00;5023
29/09/2020;A;6:00:00;33301
29/09/2020;B;6:00:00;5029
30/09/2020;A;6:00:00;33122
30/09/2020;B;6:00:00;5194
1/10/2020;A;6:00:00;33967
1/10/2020;B;6:00:00;5128
2/10/2020;A;6:00:00;34015
2/10/2020;B;6:00:00;5210
3/10/2020;A;6:00:00;24922
3/10/2020;B;6:00:00;3739
4/10/2020;A;6:00:00;7675
4/10/2020;B;6:00:00;1194
5/10/2020;A;6:00:00;34554
5/10/2020;B;6:00:00;5275
6/10/2020;A;6:00:00;35234
6/10/2020;B;6:00:00;5337
7/10/2020;A;6:00:00;35174
7/10/2020;B;6:00:00;5257
8/10/2020;A;6:00:00;34624
8/10/2020;B;6:00:00;5287
9/10/2020;A;6:00:00;34878
9/10/2020;B;6:00:00;5190
10/10/2020;A;6:00:00;25069
10/10/2020;B;6:00:00;3612
11/10/2020;A;6:00:00;8541
11/10/2020;B;6:00:00;1389
12/10/2020;A;6:00:00;8518
12/10/2020;B;6:00:00;1370
13/10/2020;A;6:00:00;35712
13/10/2020;B;6:00:00;5260
14/10/2020;A;6:00:00;35996
14/10/2020;B;6:00:00;5356
15/10/2020;A;6:00:00;35948
15/10/2020;B;6:00:00;5450
16/10/2020;A;6:00:00;36190
16/10/2020;B;6:00:00;5353
17/10/2020;A;6:00:00;25576
17/10/2020;B;6:00:00;3860
18/10/2020;A;6:00:00;8923
18/10/2020;B;6:00:00;1346
19/10/2020;A;6:00:00;35095
19/10/2020;B;6:00:00;5258
20/10/2020;A;6:00:00;36289
20/10/2020;B;6:00:00;5355
21/10/2020;A;6:00:00;36733
21/10/2020;B;6:00:00;5387
22/10/2020;A;6:00:00;36992
22/10/2020;B;6:00:00;5383
23/10/2020;A;6:00:00;36918
23/10/2020;B;6:00:00;5352
24/10/2020;A;6:00:00;25973
24/10/2020;B;6:00:00;3759
25/10/2020;A;6:00:00;9204
25/10/2020;B;6:00:00;1395
26/10/2020;A;6:00:00;36741
26/10/2020;B;6:00:00;5204
27/10/2020;A;6:00:00;37130
27/10/2020;B;6:00:00;5298
28/10/2020;A;6:00:00;37055
28/10/2020;B;6:00:00;5367
29/10/2020;A;6:00:00;37049
29/10/2020;B;6:00:00;5417
30/10/2020;A;6:00:00;37450
30/10/2020;B;6:00:00;5409
31/10/2020;A;6:00:00;27548
31/10/2020;B;6:00:00;4771
1/11/2020;A;6:00:00;8679
1/11/2020;B;6:00:00;1409
2/11/2020;A;6:00:00;9542
2/11/2020;B;6:00:00;1542
3/11/2020;A;6:00:00;38494
3/11/2020;B;6:00:00;6441
4/11/2020;A;6:00:00;38705
4/11/2020;B;6:00:00;6183
5/11/2020;A;6:00:00;38150
5/11/2020;B;6:00:00;6243
6/11/2020;A;6:00:00;38349
6/11/2020;B;6:00:00;6482
7/11/2020;A;6:00:00;27430
7/11/2020;B;6:00:00;4827
8/11/2020;A;6:00:00;9499
8/11/2020;B;6:00:00;1504
9/11/2020;A;6:00:00;38696
9/11/2020;B;6:00:00;5644
10/11/2020;A;6:00:00;40121
10/11/2020;B;6:00:00;5620
11/11/2020;A;6:00:00;39401
11/11/2020;B;6:00:00;5816
13/11/2020;A;6:00:00;39843
13/11/2020;B;6:00:00;5802
14/11/2020;A;6:00:00;29126
14/11/2020;B;6:00:00;4270
15/11/2020;A;6:00:00;9473
15/11/2020;B;6:00:00;1474
16/11/2020;A;6:00:00;9909
16/11/2020;B;6:00:00;1621
17/11/2020;A;6:00:00;40977
17/11/2020;B;6:00:00;5778
18/11/2020;A;6:00:00;40781
18/11/2020;B;6:00:00;6034
19/11/2020;A;6:00:00;41345
19/11/2020;B;6:00:00;5847
20/11/2020;A;6:00:00;40973
20/11/2020;B;6:00:00;5864
21/11/2020;A;6:00:00;30213
21/11/2020;B;6:00:00;4442
22/11/2020;A;6:00:00;10205
22/11/2020;B;6:00:00;1537
23/11/2020;A;6:00:00;39984
23/11/2020;B;6:00:00;5791
24/11/2020;A;6:00:00;40285
24/11/2020;B;6:00:00;5874
25/11/2020;A;6:00:00;40718
25/11/2020;B;6:00:00;6043
26/11/2020;A;6:00:00;40435
26/11/2020;B;6:00:00;5843
27/11/2020;A;6:00:00;40813
27/11/2020;B;6:00:00;6018
28/11/2020;A;6:00:00;29694
28/11/2020;B;6:00:00;4361
29/11/2020;A;6:00:00;10445
29/11/2020;B;6:00:00;1620
30/11/2020;A;6:00:00;40939
30/11/2020;B;6:00:00;6000
1/12/2020;A;6:00:00;40970
1/12/2020;B;6:00:00;5958
2/12/2020;A;6:00:00;41221
2/12/2020;B;6:00:00;6087
3/12/2020;A;6:00:00;41212
3/12/2020;B;6:00:00;5897
4/12/2020;A;6:00:00;41667
4/12/2020;B;6:00:00;6119
5/12/2020;A;6:00:00;29830
5/12/2020;B;6:00:00;4511
6/12/2020;A;6:00:00;10890
6/12/2020;B;6:00:00;1669
7/12/2020;A;6:00:00;38043
7/12/2020;B;6:00:00;5898
8/12/2020;A;6:00:00;11244
8/12/2020;B;6:00:00;1784
9/12/2020;A;6:00:00;41152
9/12/2020;B;6:00:00;6044
10/12/2020;A;6:00:00;41924
10/12/2020;B;6:00:00;6195
11/12/2020;A;6:00:00;41622
11/12/2020;B;6:00:00;6200
12/12/2020;A;6:00:00;29851
12/12/2020;B;6:00:00;4493
13/12/2020;A;6:00:00;10798
13/12/2020;B;6:00:00;1634
14/12/2020;A;6:00:00;41079
14/12/2020;B;6:00:00;6100
15/12/2020;A;6:00:00;40690
15/12/2020;B;6:00:00;5909
16/12/2020;A;6:00:00;43781
16/12/2020;B;6:00:00;6221
17/12/2020;A;6:00:00;40684
17/12/2020;B;6:00:00;6107
18/12/2020;A;6:00:00;40646
18/12/2020;B;6:00:00;6050
19/12/2020;A;6:00:00;28992
19/12/2020;B;6:00:00;4390
20/12/2020;A;6:00:00;11265
20/12/2020;B;6:00:00;1640
21/12/2020;A;6:00:00;38599
21/12/2020;B;6:00:00;5737
22/12/2020;A;6:00:00;38803
22/12/2020;B;6:00:00;5685
23/12/2020;A;6:00:00;38031
23/12/2020;B;6:00:00;5585
24/12/2020;A;6:00:00;25523
24/12/2020;B;6:00:00;3746
25/12/2020;A;6:00:00;8144
25/12/2020;B;6:00:00;1112
26/12/2020;A;6:00:00;16013
26/12/2020;B;6:00:00;2474
27/12/2020;A;6:00:00;16026
27/12/2020;B;6:00:00;2608
28/12/2020;A;6:00:00;33022
28/12/2020;B;6:00:00;5162
29/12/2020;A;6:00:00;33828
29/12/2020;B;6:00:00;4982
30/12/2020;A;6:00:00;31790
30/12/2020;B;6:00:00;4876
31/12/2020;A;6:00:00;18394
31/12/2020;B;6:00:00;2806
1/01/2021;A;6:00:00;3405
1/01/2021;B;6:00:00;438
2/01/2021;A;6:00:00;8111
2/01/2021;B;6:00:00;1181
3/01/2021;A;6:00:00;7227
3/01/2021;B;6:00:00;1034
4/01/2021;A;6:00:00;32391
4/01/2021;B;6:00:00;4797
5/01/2021;A;6:00:00;33474
5/01/2021;B;6:00:00;4902
6/01/2021;A;6:00:00;33518
6/01/2021;B;6:00:00;4872
7/01/2021;A;6:00:00;33968
7/01/2021;B;6:00:00;5145
8/01/2021;A;6:00:00;33523
8/01/2021;B;6:00:00;5105
9/01/2021;A;6:00:00;15021
9/01/2021;B;6:00:00;2129
10/01/2021;A;6:00:00;5745
10/01/2021;B;6:00:00;792
11/01/2021;A;6:00:00;6014
11/01/2021;B;6:00:00;778
12/01/2021;A;6:00:00;37159
12/01/2021;B;6:00:00;5454
13/01/2021;A;6:00:00;37127
13/01/2021;B;6:00:00;5308
14/01/2021;A;6:00:00;37602
14/01/2021;B;6:00:00;5485
15/01/2021;A;6:00:00;37322
15/01/2021;B;6:00:00;5470
16/01/2021;A;6:00:00;19621
16/01/2021;B;6:00:00;2896
17/01/2021;A;6:00:00;6084
17/01/2021;B;6:00:00;797
18/01/2021;A;6:00:00;39124
18/01/2021;B;6:00:00;5720
19/01/2021;A;6:00:00;38820
19/01/2021;B;6:00:00;5652
20/01/2021;A;6:00:00;38862
20/01/2021;B;6:00:00;5743
21/01/2021;A;6:00:00;38899
21/01/2021;B;6:00:00;5730
22/01/2021;A;6:00:00;39192
22/01/2021;B;6:00:00;5838
23/01/2021;A;6:00:00;26412
23/01/2021;B;6:00:00;4069
24/01/2021;A;6:00:00;8526
24/01/2021;B;6:00:00;1293
25/01/2021;A;6:00:00;38830
25/01/2021;B;6:00:00;5793
26/01/2021;A;6:00:00;38839
26/01/2021;B;6:00:00;5769
27/01/2021;A;6:00:00;39064
27/01/2021;B;6:00:00;5875
28/01/2021;A;6:00:00;39933
28/01/2021;B;6:00:00;5860
29/01/2021;A;6:00:00;39739
29/01/2021;B;6:00:00;5862
30/01/2021;A;6:00:00;26900
30/01/2021;B;6:00:00;4099
31/01/2021;A;6:00:00;8912
31/01/2021;B;6:00:00;1325
1/02/2021;A;6:00:00;40749
1/02/2021;B;6:00:00;6050
2/02/2021;A;6:00:00;40389
2/02/2021;B;6:00:00;6124
3/02/2021;A;6:00:00;40231
3/02/2021;B;6:00:00;6038
4/02/2021;A;6:00:00;41168
4/02/2021;B;6:00:00;5989
5/02/2021;A;6:00:00;40896
5/02/2021;B;6:00:00;6106
6/02/2021;A;6:00:00;27862
6/02/2021;B;6:00:00;4090
7/02/2021;A;6:00:00;9067
7/02/2021;B;6:00:00;1411
8/02/2021;A;6:00:00;41371
8/02/2021;B;6:00:00;6105
9/02/2021;A;6:00:00;40623
9/02/2021;B;6:00:00;6005
10/02/2021;A;6:00:00;41759
10/02/2021;B;6:00:00;6166
11/02/2021;A;6:00:00;41762
11/02/2021;B;6:00:00;6097
12/02/2021;A;6:00:00;41633
12/02/2021;B;6:00:00;6194
13/02/2021;A;6:00:00;27961
13/02/2021;B;6:00:00;4259
14/02/2021;A;6:00:00;8944
14/02/2021;B;6:00:00;1387
15/02/2021;A;6:00:00;41835
15/02/2021;B;6:00:00;6198
16/02/2021;A;6:00:00;42484
16/02/2021;B;6:00:00;6201
17/02/2021;A;6:00:00;42589
17/02/2021;B;6:00:00;6291
18/02/2021;A;6:00:00;41734
18/02/2021;B;6:00:00;6122
19/02/2021;A;6:00:00;42104
19/02/2021;B;6:00:00;6350
20/02/2021;A;6:00:00;28771
20/02/2021;B;6:00:00;4420
21/02/2021;A;6:00:00;9327
21/02/2021;B;6:00:00;1421
22/02/2021;A;6:00:00;43316
22/02/2021;B;6:00:00;6289
23/02/2021;A;6:00:00;43028
23/02/2021;B;6:00:00;6208
24/02/2021;A;6:00:00;43236
24/02/2021;B;6:00:00;6442
25/02/2021;A;6:00:00;42883
25/02/2021;B;6:00:00;6498
26/02/2021;A;6:00:00;43190
26/02/2021;B;6:00:00;6517
27/02/2021;A;6:00:00;29370
27/02/2021;B;6:00:00;4513
28/02/2021;A;6:00:00;9498
28/02/2021;B;6:00:00;1526
1/03/2021;A;6:00:00;43071
1/03/2021;B;6:00:00;6597
2/03/2021;A;6:00:00;43331
2/03/2021;B;6:00:00;6490
3/03/2021;A;6:00:00;43864
3/03/2021;B;6:00:00;6570
4/03/2021;A;6:00:00;43817
4/03/2021;B;6:00:00;6534
5/03/2021;A;6:00:00;43714
5/03/2021;B;6:00:00;6524
6/03/2021;A;6:00:00;28387
6/03/2021;B;6:00:00;4505
7/03/2021;A;6:00:00;9145
7/03/2021;B;6:00:00;1388
8/03/2021;A;6:00:00;43781
8/03/2021;B;6:00:00;6676
9/03/2021;A;6:00:00;44986
9/03/2021;B;6:00:00;6628
10/03/2021;A;6:00:00;44732
10/03/2021;B;6:00:00;6785
11/03/2021;A;6:00:00;44563
11/03/2021;B;6:00:00;7003
12/03/2021;A;6:00:00;44467
12/03/2021;B;6:00:00;6776
13/03/2021;A;6:00:00;29561
13/03/2021;B;6:00:00;4585
14/03/2021;A;6:00:00;9551
14/03/2021;B;6:00:00;1435
15/03/2021;A;6:00:00;44883
15/03/2021;B;6:00:00;6829
16/03/2021;A;6:00:00;45074
16/03/2021;B;6:00:00;6771
17/03/2021;A;6:00:00;44963
17/03/2021;B;6:00:00;6730
18/03/2021;A;6:00:00;45053
18/03/2021;B;6:00:00;6906
19/03/2021;A;6:00:00;44967
19/03/2021;B;6:00:00;6785
20/03/2021;A;6:00:00;29285
20/03/2021;B;6:00:00;4438
21/03/2021;A;6:00:00;10129
21/03/2021;B;6:00:00;1509
22/03/2021;A;6:00:00;9367
22/03/2021;B;6:00:00;1505
23/03/2021;A;6:00:00;32578
23/03/2021;B;6:00:00;6299
24/03/2021;A;6:00:00;36421
24/03/2021;B;6:00:00;6604
25/03/2021;A;6:00:00;36827
25/03/2021;B;6:00:00;6407
26/03/2021;A;6:00:00;36737
26/03/2021;B;6:00:00;6604
27/03/2021;A;6:00:00;26611
27/03/2021;B;6:00:00;4290
28/03/2021;A;6:00:00;9045
28/03/2021;B;6:00:00;1527
29/03/2021;A;6:00:00;35923
29/03/2021;B;6:00:00;6084
30/03/2021;A;6:00:00;33876
30/03/2021;B;6:00:00;5965
31/03/2021;A;6:00:00;34037
31/03/2021;B;6:00:00;5808
1/04/2021;A;6:00:00;9518
1/04/2021;B;6:00:00;1517
2/04/2021;A;6:00:00;5964
2/04/2021;B;6:00:00;1019
3/04/2021;A;6:00:00;14614
3/04/2021;B;6:00:00;2433
4/04/2021;A;6:00:00;7387
4/04/2021;B;6:00:00;1119
5/04/2021;A;6:00:00;38360
5/04/2021;B;6:00:00;6034
6/04/2021;A;6:00:00;38828
6/04/2021;B;6:00:00;6244
7/04/2021;A;6:00:00;37709
7/04/2021;B;6:00:00;5978
8/04/2021;A;6:00:00;36356
8/04/2021;B;6:00:00;5561
9/04/2021;A;6:00:00;21938
9/04/2021;B;6:00:00;3316
10/04/2021;A;6:00:00;15260
10/04/2021;B;6:00:00;2328
11/04/2021;A;6:00:00;5646
11/04/2021;B;6:00:00;792
12/04/2021;A;6:00:00;35513
12/04/2021;B;6:00:00;5730
13/04/2021;A;6:00:00;36268
13/04/2021;B;6:00:00;5711
14/04/2021;A;6:00:00;35353
14/04/2021;B;6:00:00;5688
15/04/2021;A;6:00:00;35758
15/04/2021;B;6:00:00;5813
16/04/2021;A;6:00:00;25046
16/04/2021;B;6:00:00;3763
17/04/2021;A;6:00:00;18228
17/04/2021;B;6:00:00;2829
18/04/2021;A;6:00:00;5969
18/04/2021;B;6:00:00;846
19/04/2021;A;6:00:00;35878
19/04/2021;B;6:00:00;5797
20/04/2021;A;6:00:00;36401
20/04/2021;B;6:00:00;5791
21/04/2021;A;6:00:00;35881
21/04/2021;B;6:00:00;5842
22/04/2021;A;6:00:00;36073
22/04/2021;B;6:00:00;5815
23/04/2021;A;6:00:00;26508
23/04/2021;B;6:00:00;4082
24/04/2021;A;6:00:00;19919
24/04/2021;B;6:00:00;3027
25/04/2021;A;6:00:00;6235
25/04/2021;B;6:00:00;826
26/04/2021;A;6:00:00;36044
26/04/2021;B;6:00:00;5897
27/04/2021;A;6:00:00;36343
27/04/2021;B;6:00:00;5656
28/04/2021;A;6:00:00;35492
28/04/2021;B;6:00:00;5600
29/04/2021;A;6:00:00;35140
29/04/2021;B;6:00:00;5614
30/04/2021;A;6:00:00;27675
30/04/2021;B;6:00:00;4301
1/05/2021;A;6:00:00;9143
1/05/2021;B;6:00:00;1418
2/05/2021;A;6:00:00;3298
2/05/2021;B;6:00:00;467
3/05/2021;A;6:00:00;34793
3/05/2021;B;6:00:00;5708
4/05/2021;A;6:00:00;35921
4/05/2021;B;6:00:00;5617
5/05/2021;A;6:00:00;33298
5/05/2021;B;6:00:00;5235
6/05/2021;A;6:00:00;34947
6/05/2021;B;6:00:00;5550
7/05/2021;A;6:00:00;34702
7/05/2021;B;6:00:00;5481
8/05/2021;A;6:00:00;20385
8/05/2021;B;6:00:00;3108
9/05/2021;A;6:00:00;6094
9/05/2021;B;6:00:00;786
10/05/2021;A;6:00:00;36605
10/05/2021;B;6:00:00;5726
11/05/2021;A;6:00:00;35981
11/05/2021;B;6:00:00;5910
12/05/2021;A;6:00:00;36457
12/05/2021;B;6:00:00;5769
13/05/2021;A;6:00:00;37684
13/05/2021;B;6:00:00;5986
14/05/2021;A;6:00:00;36969
14/05/2021;B;6:00:00;5910
15/05/2021;A;6:00:00;24646
15/05/2021;B;6:00:00;4052
16/05/2021;A;6:00:00;8081
16/05/2021;B;6:00:00;1252
17/05/2021;A;6:00:00;8773
17/05/2021;B;6:00:00;1461
18/05/2021;A;6:00:00;39509
18/05/2021;B;6:00:00;6200
19/05/2021;A;6:00:00;37155
19/05/2021;B;6:00:00;5845
20/05/2021;A;6:00:00;38496
20/05/2021;B;6:00:00;6187
21/05/2021;A;6:00:00;38745
21/05/2021;B;6:00:00;6068
22/05/2021;A;6:00:00;24972
22/05/2021;B;6:00:00;3979
23/05/2021;A;6:00:00;8489
23/05/2021;B;6:00:00;1317
24/05/2021;A;6:00:00;39154
24/05/2021;B;6:00:00;6152
25/05/2021;A;6:00:00;39469
25/05/2021;B;6:00:00;6210
26/05/2021;A;6:00:00;39000
26/05/2021;B;6:00:00;6158
27/05/2021;A;6:00:00;39033
27/05/2021;B;6:00:00;6315
28/05/2021;A;6:00:00;38393
28/05/2021;B;6:00:00;6230
29/05/2021;A;6:00:00;26455
29/05/2021;B;6:00:00;4177
30/05/2021;A;6:00:00;8396
30/05/2021;B;6:00:00;1267
31/05/2021;A;6:00:00;38796
31/05/2021;B;6:00:00;6163
1/06/2021;A;6:00:00;39116
1/06/2021;B;6:00:00;6171
2/06/2021;A;6:00:00;40247
2/06/2021;B;6:00:00;6438
3/06/2021;A;6:00:00;40042
3/06/2021;B;6:00:00;6500
4/06/2021;A;6:00:00;39482
4/06/2021;B;6:00:00;6391
5/06/2021;A;6:00:00;26609
5/06/2021;B;6:00:00;4391
6/06/2021;A;6:00:00;9484
6/06/2021;B;6:00:00;1463
7/06/2021;A;6:00:00;9457
7/06/2021;B;6:00:00;1516
8/06/2021;A;6:00:00;42463
8/06/2021;B;6:00:00;6548
9/06/2021;A;6:00:00;41752
9/06/2021;B;6:00:00;6617
10/06/2021;A;6:00:00;42684
10/06/2021;B;6:00:00;6425
11/06/2021;A;6:00:00;42018
11/06/2021;B;6:00:00;6489
12/06/2021;A;6:00:00;29016
12/06/2021;B;6:00:00;4397
13/06/2021;A;6:00:00;9464
13/06/2021;B;6:00:00;1434
14/06/2021;A;6:00:00;9211
14/06/2021;B;6:00:00;1525
15/06/2021;A;6:00:00;42661
15/06/2021;B;6:00:00;6535
16/06/2021;A;6:00:00;42693
16/06/2021;B;6:00:00;6507
17/06/2021;A;6:00:00;42551
17/06/2021;B;6:00:00;6398
18/06/2021;A;6:00:00;42024
18/06/2021;B;6:00:00;6611
19/06/2021;A;6:00:00;28023
19/06/2021;B;6:00:00;5105
20/06/2021;A;6:00:00;8704
20/06/2021;B;6:00:00;1397
21/06/2021;A;6:00:00;40529
21/06/2021;B;6:00:00;7272
22/06/2021;A;6:00:00;40881
22/06/2021;B;6:00:00;7479
23/06/2021;A;6:00:00;40550
23/06/2021;B;6:00:00;7418
24/06/2021;A;6:00:00;40367
24/06/2021;B;6:00:00;7290
25/06/2021;A;6:00:00;40667
25/06/2021;B;6:00:00;6505
26/06/2021;A;6:00:00;27663
26/06/2021;B;6:00:00;4411
27/06/2021;A;6:00:00;9874
27/06/2021;B;6:00:00;1541
28/06/2021;A;6:00:00;40297
28/06/2021;B;6:00:00;6478
29/06/2021;A;6:00:00;41228
29/06/2021;B;6:00:00;6481
30/06/2021;A;6:00:00;41404
30/06/2021;B;6:00:00;6571
1/07/2021;A;6:00:00;41235
1/07/2021;B;6:00:00;6405
2/07/2021;A;6:00:00;40943
2/07/2021;B;6:00:00;6364
3/07/2021;A;6:00:00;27517
3/07/2021;B;6:00:00;4314
4/07/2021;A;6:00:00;9889
4/07/2021;B;6:00:00;1519
5/07/2021;A;6:00:00;10294
5/07/2021;B;6:00:00;1578
6/07/2021;A;6:00:00;42634
6/07/2021;B;6:00:00;6692
7/07/2021;A;6:00:00;42301
7/07/2021;B;6:00:00;6708
8/07/2021;A;6:00:00;42442
8/07/2021;B;6:00:00;6658
9/07/2021;A;6:00:00;42098
9/07/2021;B;6:00:00;6526
10/07/2021;A;6:00:00;28316
10/07/2021;B;6:00:00;4587
11/07/2021;A;6:00:00;9615
11/07/2021;B;6:00:00;1548
12/07/2021;A;6:00:00;42665
12/07/2021;B;6:00:00;6627
13/07/2021;A;6:00:00;43030
13/07/2021;B;6:00:00;6683
14/07/2021;A;6:00:00;42938
14/07/2021;B;6:00:00;6703
15/07/2021;A;6:00:00;42856
15/07/2021;B;6:00:00;6716
16/07/2021;A;6:00:00;41982
16/07/2021;B;6:00:00;6723
17/07/2021;A;6:00:00;28410
17/07/2021;B;6:00:00;4673
18/07/2021;A;6:00:00;10392
18/07/2021;B;6:00:00;1568
19/07/2021;A;6:00:00;39683
19/07/2021;B;6:00:00;6123
20/07/2021;A;6:00:00;12576
20/07/2021;B;6:00:00;1941
21/07/2021;A;6:00:00;43446
21/07/2021;B;6:00:00;6986
22/07/2021;A;6:00:00;43827
22/07/2021;B;6:00:00;6917
23/07/2021;A;6:00:00;43184
23/07/2021;B;6:00:00;6814
24/07/2021;A;6:00:00;28935
24/07/2021;B;6:00:00;4608
25/07/2021;A;6:00:00;9723
25/07/2021;B;6:00:00;1602
26/07/2021;A;6:00:00;43879
26/07/2021;B;6:00:00;7001
27/07/2021;A;6:00:00;44136
27/07/2021;B;6:00:00;7042
28/07/2021;A;6:00:00;44822
28/07/2021;B;6:00:00;7097
29/07/2021;A;6:00:00;44331
29/07/2021;B;6:00:00;7259
30/07/2021;A;6:00:00;44633
30/07/2021;B;6:00:00;7206
31/07/2021;A;6:00:00;29869
31/07/2021;B;6:00:00;4965
1/08/2021;A;6:00:00;9347
1/08/2021;B;6:00:00;1456
2/08/2021;A;6:00:00;44483
2/08/2021;B;6:00:00;6991
3/08/2021;A;6:00:00;45576
3/08/2021;B;6:00:00;7309
4/08/2021;A;6:00:00;45739
4/08/2021;B;6:00:00;7289
5/08/2021;A;6:00:00;45764
5/08/2021;B;6:00:00;7240
6/08/2021;A;6:00:00;45263
6/08/2021;B;6:00:00;7077
7/08/2021;A;6:00:00;16663
7/08/2021;B;6:00:00;2764
8/08/2021;A;6:00:00;8555
8/08/2021;B;6:00:00;1358
9/08/2021;A;6:00:00;45511
9/08/2021;B;6:00:00;7205
10/08/2021;A;6:00:00;43805
10/08/2021;B;6:00:00;7151
11/08/2021;A;6:00:00;46331
11/08/2021;B;6:00:00;7331
12/08/2021;A;6:00:00;45947
12/08/2021;B;6:00:00;7059
13/08/2021;A;6:00:00;44243
13/08/2021;B;6:00:00;6958
14/08/2021;A;6:00:00;30687
14/08/2021;B;6:00:00;4942
15/08/2021;A;6:00:00;10766
15/08/2021;B;6:00:00;1669
16/08/2021;A;6:00:00;10412
16/08/2021;B;6:00:00;1604
17/08/2021;A;6:00:00;45923
17/08/2021;B;6:00:00;7321
18/08/2021;A;6:00:00;48239
18/08/2021;B;6:00:00;7359
19/08/2021;A;6:00:00;36972
19/08/2021;B;6:00:00;7225
20/08/2021;A;6:00:00;47090
20/08/2021;B;6:00:00;6974
21/08/2021;A;6:00:00;31717
21/08/2021;B;6:00:00;5119
22/08/2021;A;6:00:00;10811
22/08/2021;B;6:00:00;1625
23/08/2021;A;6:00:00;47965
23/08/2021;B;6:00:00;7317
24/08/2021;A;6:00:00;48459
24/08/2021;B;6:00:00;7351
25/08/2021;A;6:00:00;48021
25/08/2021;B;6:00:00;7302
26/08/2021;A;6:00:00;47727
26/08/2021;B;6:00:00;7242
27/08/2021;A;6:00:00;48040
27/08/2021;B;6:00:00;7304
28/08/2021;A;6:00:00;31273
28/08/2021;B;6:00:00;4949
29/08/2021;A;6:00:00;10688
29/08/2021;B;6:00:00;1644
30/08/2021;A;6:00:00;46044
30/08/2021;B;6:00:00;7295
31/08/2021;A;6:00:00;48993
31/08/2021;B;6:00:00;7490
1/09/2021;A;6:00:00;49892
1/09/2021;B;6:00:00;7438
2/09/2021;A;6:00:00;49419
2/09/2021;B;6:00:00;7534
3/09/2021;A;6:00:00;49013
3/09/2021;B;6:00:00;7490
4/09/2021;A;6:00:00;32316
4/09/2021;B;6:00:00;5056
5/09/2021;A;6:00:00;11571
5/09/2021;B;6:00:00;1846
6/09/2021;A;6:00:00;49970
6/09/2021;B;6:00:00;7578
7/09/2021;A;6:00:00;51425
7/09/2021;B;6:00:00;7659
8/09/2021;A;6:00:00;50451
8/09/2021;B;6:00:00;7590
9/09/2021;A;6:00:00;50896
9/09/2021;B;6:00:00;7492
10/09/2021;A;6:00:00;49397
10/09/2021;B;6:00:00;7464
11/09/2021;A;6:00:00;32179
11/09/2021;B;6:00:00;4925
12/09/2021;A;6:00:00;11207
12/09/2021;B;6:00:00;1797
13/09/2021;A;6:00:00;50673
13/09/2021;B;6:00:00;7607
14/09/2021;A;6:00:00;51763
14/09/2021;B;6:00:00;7763
15/09/2021;A;6:00:00;51026
15/09/2021;B;6:00:00;7621
16/09/2021;A;6:00:00;51593
16/09/2021;B;6:00:00;7774
17/09/2021;A;6:00:00;50678
17/09/2021;B;6:00:00;7658
18/09/2021;A;6:00:00;32229
18/09/2021;B;6:00:00;4901
19/09/2021;A;6:00:00;10688
19/09/2021;B;6:00:00;1757
20/09/2021;A;6:00:00;50377
20/09/2021;B;6:00:00;7515
21/09/2021;A;6:00:00;53954
21/09/2021;B;6:00:00;7598
22/09/2021;A;6:00:00;50969
22/09/2021;B;6:00:00;7640
23/09/2021;A;6:00:00;50225
23/09/2021;B;6:00:00;7524
24/09/2021;A;6:00:00;49488
24/09/2021;B;6:00:00;7646
25/09/2021;A;6:00:00;32706
25/09/2021;B;6:00:00;5186
26/09/2021;A;6:00:00;11756
26/09/2021;B;6:00:00;1814
27/09/2021;A;6:00:00;51185
27/09/2021;B;6:00:00;7779
28/09/2021;A;6:00:00;50937
28/09/2021;B;6:00:00;7651
29/09/2021;A;6:00:00;50528
29/09/2021;B;6:00:00;7736
30/09/2021;A;6:00:00;50748
30/09/2021;B;6:00:00;7705
1/10/2021;A;6:00:00;50201
1/10/2021;B;6:00:00;7750
2/10/2021;A;6:00:00;32143
2/10/2021;B;6:00:00;5156
3/10/2021;A;6:00:00;11139
3/10/2021;B;6:00:00;1755
4/10/2021;A;6:00:00;52149
4/10/2021;B;6:00:00;7731
5/10/2021;A;6:00:00;51902
5/10/2021;B;6:00:00;7893
6/10/2021;A;6:00:00;52196
6/10/2021;B;6:00:00;7849
7/10/2021;A;6:00:00;52575
7/10/2021;B;6:00:00;7895
8/10/2021;A;6:00:00;51865
8/10/2021;B;6:00:00;7856
9/10/2021;A;6:00:00;33229
9/10/2021;B;6:00:00;5132
10/10/2021;A;6:00:00;12376
10/10/2021;B;6:00:00;1857
11/10/2021;A;6:00:00;50648
11/10/2021;B;6:00:00;8111
12/10/2021;A;6:00:00;52440
12/10/2021;B;6:00:00;7948
13/10/2021;A;6:00:00;51978
13/10/2021;B;6:00:00;7861
14/10/2021;A;6:00:00;52025
14/10/2021;B;6:00:00;7969
15/10/2021;A;6:00:00;50698
15/10/2021;B;6:00:00;7701
16/10/2021;A;6:00:00;31563
16/10/2021;B;6:00:00;5070
17/10/2021;A;6:00:00;11710
17/10/2021;B;6:00:00;1903
18/10/2021;A;6:00:00;11481
18/10/2021;B;6:00:00;1968
19/10/2021;A;6:00:00;53305
19/10/2021;B;6:00:00;8108
20/10/2021;A;6:00:00;53287
20/10/2021;B;6:00:00;8626
21/10/2021;A;6:00:00;52887
21/10/2021;B;6:00:00;8080
22/10/2021;A;6:00:00;53430
22/10/2021;B;6:00:00;8280
23/10/2021;A;6:00:00;34020
23/10/2021;B;6:00:00;5369
24/10/2021;A;6:00:00;11922
24/10/2021;B;6:00:00;1814
25/10/2021;A;6:00:00;53618
25/10/2021;B;6:00:00;8186
26/10/2021;A;6:00:00;53668
26/10/2021;B;6:00:00;8341
27/10/2021;A;6:00:00;53666
27/10/2021;B;6:00:00;8049
28/10/2021;A;6:00:00;54831
28/10/2021;B;6:00:00;8429
29/10/2021;A;6:00:00;47272
29/10/2021;B;6:00:00;8073
30/10/2021;A;6:00:00;34020
30/10/2021;B;6:00:00;5338
31/10/2021;A;6:00:00;11660
31/10/2021;B;6:00:00;1866
1/11/2021;A;6:00:00;11428
1/11/2021;B;6:00:00;1895
2/11/2021;A;6:00:00;54098
2/11/2021;B;6:00:00;8557
3/11/2021;A;6:00:00;53563
3/11/2021;B;6:00:00;8310
4/11/2021;A;6:00:00;54096
4/11/2021;B;6:00:00;8234
5/11/2021;A;6:00:00;53778
5/11/2021;B;6:00:00;8407
6/11/2021;A;6:00:00;34633
6/11/2021;B;6:00:00;5545
7/11/2021;A;6:00:00;12294
7/11/2021;B;6:00:00;1870
8/11/2021;A;6:00:00;53749
8/11/2021;B;6:00:00;8419
9/11/2021;A;6:00:00;54335
9/11/2021;B;6:00:00;8230
10/11/2021;A;6:00:00;54722
10/11/2021;B;6:00:00;8421
11/11/2021;A;6:00:00;54492
11/11/2021;B;6:00:00;8441
12/11/2021;A;6:00:00;53621
12/11/2021;B;6:00:00;8231
13/11/2021;A;6:00:00;34337
13/11/2021;B;6:00:00;5396
14/11/2021;A;6:00:00;12658
14/11/2021;B;6:00:00;2082
15/11/2021;A;6:00:00;12705
15/11/2021;B;6:00:00;2123
16/11/2021;A;6:00:00;55047
16/11/2021;B;6:00:00;8506
17/11/2021;A;6:00:00;54689
17/11/2021;B;6:00:00;8549
18/11/2021;A;6:00:00;55084
18/11/2021;B;6:00:00;8438
19/11/2021;A;6:00:00;54181
19/11/2021;B;6:00:00;8454
20/11/2021;A;6:00:00;35106
20/11/2021;B;6:00:00;5451
21/11/2021;A;6:00:00;12758
21/11/2021;B;6:00:00;1994
22/11/2021;A;6:00:00;53969
22/11/2021;B;6:00:00;8370
23/11/2021;A;6:00:00;53115
23/11/2021;B;6:00:00;8421
24/11/2021;A;6:00:00;54130
24/11/2021;B;6:00:00;8385
25/11/2021;A;6:00:00;54263
25/11/2021;B;6:00:00;8101
26/11/2021;A;6:00:00;53079
26/11/2021;B;6:00:00;8135
27/11/2021;A;6:00:00;35617
27/11/2021;B;6:00:00;5736
28/11/2021;A;6:00:00;16587
28/11/2021;B;6:00:00;2559
29/11/2021;A;6:00:00;53535
29/11/2021;B;6:00:00;8289
30/11/2021;A;6:00:00;53798
30/11/2021;B;6:00:00;8557
1/12/2021;A;6:00:00;53221
1/12/2021;B;6:00:00;8087
2/12/2021;A;6:00:00;53601
2/12/2021;B;6:00:00;8308
3/12/2021;A;6:00:00;52977
3/12/2021;B;6:00:00;9296
4/12/2021;A;6:00:00;34493
4/12/2021;B;6:00:00;5517
5/12/2021;A;6:00:00;13719
5/12/2021;B;6:00:00;2142
6/12/2021;A;6:00:00;53403
6/12/2021;B;6:00:00;7961
7/12/2021;A;6:00:00;54308
7/12/2021;B;6:00:00;8321
8/12/2021;A;6:00:00;14693
8/12/2021;B;6:00:00;2398
9/12/2021;A;6:00:00;54139
9/12/2021;B;6:00:00;8255
10/12/2021;A;6:00:00;53312
10/12/2021;B;6:00:00;8361
11/12/2021;A;6:00:00;34222
11/12/2021;B;6:00:00;5314
12/12/2021;A;6:00:00;13034
12/12/2021;B;6:00:00;2109
13/12/2021;A;6:00:00;53356
13/12/2021;B;6:00:00;8256
14/12/2021;A;6:00:00;52873
14/12/2021;B;6:00:00;7935
15/12/2021;A;6:00:00;52855
15/12/2021;B;6:00:00;7928
16/12/2021;A;6:00:00;52477
16/12/2021;B;6:00:00;8003
17/12/2021;A;6:00:00;51293
17/12/2021;B;6:00:00;7809
18/12/2021;A;6:00:00;32551
18/12/2021;B;6:00:00;5027
19/12/2021;A;6:00:00;13046
19/12/2021;B;6:00:00;2005
20/12/2021;A;6:00:00;49439
20/12/2021;B;6:00:00;7722
21/12/2021;A;6:00:00;49595
21/12/2021;B;6:00:00;7365
22/12/2021;A;6:00:00;48591
22/12/2021;B;6:00:00;7384
23/12/2021;A;6:00:00;46760
23/12/2021;B;6:00:00;7119
24/12/2021;A;6:00:00;28296
24/12/2021;B;6:00:00;4129
25/12/2021;A;6:00:00;5884
25/12/2021;B;6:00:00;866
26/12/2021;A;6:00:00;8250
26/12/2021;B;6:00:00;1214
27/12/2021;A;6:00:00;40478
27/12/2021;B;6:00:00;6124
28/12/2021;A;6:00:00;40097
28/12/2021;B;6:00:00;6328
29/12/2021;A;6:00:00;39728
29/12/2021;B;6:00:00;6134
30/12/2021;A;6:00:00;36977
30/12/2021;B;6:00:00;5714
31/12/2021;A;6:00:00;18803
31/12/2021;B;6:00:00;3031
1/01/2022;A;6:00:00;5114
1/01/2022;B;6:00:00;767
2/01/2022;A;6:00:00;6765
2/01/2022;B;6:00:00;1032
3/01/2022;A;6:00:00;36115
3/01/2022;B;6:00:00;5446
4/01/2022;A;6:00:00;37955
4/01/2022;B;6:00:00;5772
5/01/2022;A;6:00:00;37820
5/01/2022;B;6:00:00;5775
6/01/2022;A;6:00:00;37002
6/01/2022;B;6:00:00;5788
7/01/2022;A;6:00:00;36741
7/01/2022;B;6:00:00;5655
8/01/2022;A;6:00:00;24672
8/01/2022;B;6:00:00;3774
9/01/2022;A;6:00:00;10394
9/01/2022;B;6:00:00;1548
10/01/2022;A;6:00:00;10389
10/01/2022;B;6:00:00;1610
11/01/2022;A;6:00:00;44901
11/01/2022;B;6:00:00;6841
12/01/2022;A;6:00:00;44728
12/01/2022;B;6:00:00;7009
13/01/2022;A;6:00:00;45729
13/01/2022;B;6:00:00;7005
14/01/2022;A;6:00:00;45210
14/01/2022;B;6:00:00;7010
15/01/2022;A;6:00:00;28926
15/01/2022;B;6:00:00;4607
16/01/2022;A;6:00:00;10810
16/01/2022;B;6:00:00;1634
17/01/2022;A;6:00:00;48014
17/01/2022;B;6:00:00;7547
18/01/2022;A;6:00:00;50119
18/01/2022;B;6:00:00;7859
19/01/2022;A;6:00:00;49766
19/01/2022;B;6:00:00;7877
20/01/2022;A;6:00:00;50401
20/01/2022;B;6:00:00;7754
21/01/2022;A;6:00:00;49933
21/01/2022;B;6:00:00;7571
22/01/2022;A;6:00:00;30674
22/01/2022;B;6:00:00;4812
23/01/2022;A;6:00:00;11185
23/01/2022;B;6:00:00;1671
24/01/2022;A;6:00:00;52301
24/01/2022;B;6:00:00;7948
25/01/2022;A;6:00:00;51884
25/01/2022;B;6:00:00;8198
26/01/2022;A;6:00:00;53040
26/01/2022;B;6:00:00;8285
27/01/2022;A;6:00:00;52678
27/01/2022;B;6:00:00;8327
28/01/2022;A;6:00:00;52921
28/01/2022;B;6:00:00;8165
29/01/2022;A;6:00:00;31765
29/01/2022;B;6:00:00;4988
30/01/2022;A;6:00:00;11577
30/01/2022;B;6:00:00;1779
31/01/2022;A;6:00:00;52637
31/01/2022;B;6:00:00;8348
1/02/2022;A;6:00:00;55387
1/02/2022;B;6:00:00;8548
2/02/2022;A;6:00:00;55668
2/02/2022;B;6:00:00;8451
3/02/2022;A;6:00:00;54242
3/02/2022;B;6:00:00;8408
4/02/2022;A;6:00:00;54635
4/02/2022;B;6:00:00;8357
5/02/2022;A;6:00:00;33334
5/02/2022;B;6:00:00;5341
6/02/2022;A;6:00:00;11523
6/02/2022;B;6:00:00;1859
7/02/2022;A;6:00:00;56305
7/02/2022;B;6:00:00;8649
8/02/2022;A;6:00:00;56761
8/02/2022;B;6:00:00;8835
9/02/2022;A;6:00:00;56475
9/02/2022;B;6:00:00;8553
10/02/2022;A;6:00:00;56573
10/02/2022;B;6:00:00;8759
11/02/2022;A;6:00:00;56146
11/02/2022;B;6:00:00;8507
12/02/2022;A;6:00:00;34245
12/02/2022;B;6:00:00;5404
13/02/2022;A;6:00:00;11214
13/02/2022;B;6:00:00;1756
14/02/2022;A;6:00:00;56530
14/02/2022;B;6:00:00;8418
15/02/2022;A;6:00:00;57133
15/02/2022;B;6:00:00;8837
16/02/2022;A;6:00:00;57294
16/02/2022;B;6:00:00;8766
17/02/2022;A;6:00:00;57978
17/02/2022;B;6:00:00;8809
18/02/2022;A;6:00:00;57575
18/02/2022;B;6:00:00;8842
19/02/2022;A;6:00:00;35364
19/02/2022;B;6:00:00;5432
20/02/2022;A;6:00:00;12204
20/02/2022;B;6:00:00;1758
21/02/2022;A;6:00:00;57081
21/02/2022;B;6:00:00;8857
22/02/2022;A;6:00:00;57916
22/02/2022;B;6:00:00;8849
23/02/2022;A;6:00:00;58169
23/02/2022;B;6:00:00;9245
24/02/2022;A;6:00:00;58176
24/02/2022;B;6:00:00;8962
25/02/2022;A;6:00:00;57023
25/02/2022;B;6:00:00;8821
26/02/2022;A;6:00:00;35202
26/02/2022;B;6:00:00;5660
27/02/2022;A;6:00:00;11670
27/02/2022;B;6:00:00;1887
28/02/2022;A;6:00:00;56462
28/02/2022;B;6:00:00;8902
1/03/2022;A;6:00:00;58410
1/03/2022;B;6:00:00;9181
2/03/2022;A;6:00:00;58174
2/03/2022;B;6:00:00;9147
3/03/2022;A;6:00:00;58614
3/03/2022;B;6:00:00;9318
4/03/2022;A;6:00:00;58185
4/03/2022;B;6:00:00;9036
5/03/2022;A;6:00:00;31348
5/03/2022;B;6:00:00;4786
6/03/2022;A;6:00:00;11579
6/03/2022;B;6:00:00;1811
7/03/2022;A;6:00:00;58091
7/03/2022;B;6:00:00;9270
8/03/2022;A;6:00:00;59457
8/03/2022;B;6:00:00;9347
9/03/2022;A;6:00:00;59856
9/03/2022;B;6:00:00;9381
10/03/2022;A;6:00:00;59807
10/03/2022;B;6:00:00;9061
11/03/2022;A;6:00:00;57795
11/03/2022;B;6:00:00;9205
12/03/2022;A;6:00:00;34399
12/03/2022;B;6:00:00;5518
13/03/2022;A;6:00:00;271
13/03/2022;B;6:00:00;63
14/03/2022;A;6:00:00;58585
14/03/2022;B;6:00:00;9225
15/03/2022;A;6:00:00;60770
15/03/2022;B;6:00:00;9310
16/03/2022;A;6:00:00;58816
16/03/2022;B;6:00:00;9415
17/03/2022;A;6:00:00;58074
17/03/2022;B;6:00:00;8959
18/03/2022;A;6:00:00;57645
18/03/2022;B;6:00:00;8845
19/03/2022;A;6:00:00;34018
19/03/2022;B;6:00:00;5271
20/03/2022;A;6:00:00;12317
20/03/2022;B;6:00:00;1914
21/03/2022;A;6:00:00;11411
21/03/2022;B;6:00:00;1848
22/03/2022;A;6:00:00;57654
22/03/2022;B;6:00:00;8991
23/03/2022;A;6:00:00;60567
23/03/2022;B;6:00:00;9293
24/03/2022;A;6:00:00;60001
24/03/2022;B;6:00:00;9350
25/03/2022;A;6:00:00;58054
25/03/2022;B;6:00:00;9246
26/03/2022;A;6:00:00;36487
26/03/2022;B;6:00:00;5653
27/03/2022;A;6:00:00;12131
27/03/2022;B;6:00:00;1983
28/03/2022;A;6:00:00;58641
28/03/2022;B;6:00:00;9086
29/03/2022;A;6:00:00;60743
29/03/2022;B;6:00:00;9505
30/03/2022;A;6:00:00;59935
30/03/2022;B;6:00:00;9325
31/03/2022;A;6:00:00;59396
31/03/2022;B;6:00:00;9177
1/04/2022;A;6:00:00;56521
1/04/2022;B;6:00:00;9386
2/04/2022;A;6:00:00;35520
2/04/2022;B;6:00:00;5529
3/04/2022;A;6:00:00;12040
3/04/2022;B;6:00:00;2006
4/04/2022;A;6:00:00;58570
4/04/2022;B;6:00:00;9313
5/04/2022;A;6:00:00;60773
5/04/2022;B;6:00:00;9331
6/04/2022;A;6:00:00;60853
6/04/2022;B;6:00:00;9855
7/04/2022;A;6:00:00;61588
7/04/2022;B;6:00:00;9368
8/04/2022;A;6:00:00;59021
8/04/2022;B;6:00:00;9058
9/04/2022;A;6:00:00;36189
9/04/2022;B;6:00:00;5524
10/04/2022;A;6:00:00;13070
10/04/2022;B;6:00:00;2067
11/04/2022;A;6:00:00;52567
11/04/2022;B;6:00:00;8135
12/04/2022;A;6:00:00;51217
12/04/2022;B;6:00:00;8187
13/04/2022;A;6:00:00;46674
13/04/2022;B;6:00:00;7235
14/04/2022;A;6:00:00;12972
14/04/2022;B;6:00:00;2037
15/04/2022;A;6:00:00;8444
15/04/2022;B;6:00:00;1291
16/04/2022;A;6:00:00;15580
16/04/2022;B;6:00:00;2609
17/04/2022;A;6:00:00;8989
17/04/2022;B;6:00:00;1386
18/04/2022;A;6:00:00;57286
18/04/2022;B;6:00:00;8827
19/04/2022;A;6:00:00;60832
19/04/2022;B;6:00:00;9285
20/04/2022;A;6:00:00;59607
20/04/2022;B;6:00:00;9566
21/04/2022;A;6:00:00;59881
21/04/2022;B;6:00:00;9181
22/04/2022;A;6:00:00;58536
22/04/2022;B;6:00:00;9042
23/04/2022;A;6:00:00;36075
23/04/2022;B;6:00:00;5644
24/04/2022;A;6:00:00;12966
24/04/2022;B;6:00:00;1933
25/04/2022;A;6:00:00;58417
25/04/2022;B;6:00:00;9354
26/04/2022;A;6:00:00;61834
26/04/2022;B;6:00:00;9457
27/04/2022;A;6:00:00;61241
27/04/2022;B;6:00:00;9462
28/04/2022;A;6:00:00;57680
28/04/2022;B;6:00:00;8915
29/04/2022;A;6:00:00;59629
29/04/2022;B;6:00:00;9278
30/04/2022;A;6:00:00;36071
30/04/2022;B;6:00:00;5799
1/05/2022;A;6:00:00;11259
1/05/2022;B;6:00:00;1947
2/05/2022;A;6:00:00;57345
2/05/2022;B;6:00:00;9206
3/05/2022;A;6:00:00;61907
3/05/2022;B;6:00:00;9446
4/05/2022;A;6:00:00;60949
4/05/2022;B;6:00:00;9527
5/05/2022;A;6:00:00;60709
5/05/2022;B;6:00:00;9225
6/05/2022;A;6:00:00;58626
6/05/2022;B;6:00:00;8921
7/05/2022;A;6:00:00;34238
7/05/2022;B;6:00:00;5434
8/05/2022;A;6:00:00;9498
8/05/2022;B;6:00:00;1555
9/05/2022;A;6:00:00;60082
9/05/2022;B;6:00:00;9052
10/05/2022;A;6:00:00;59116
10/05/2022;B;6:00:00;9237
11/05/2022;A;6:00:00;60135
11/05/2022;B;6:00:00;9107
12/05/2022;A;6:00:00;58627
12/05/2022;B;6:00:00;9092
13/05/2022;A;6:00:00;57338
13/05/2022;B;6:00:00;8851
14/05/2022;A;6:00:00;35443
14/05/2022;B;6:00:00;5672
15/05/2022;A;6:00:00;11749
15/05/2022;B;6:00:00;1867
16/05/2022;A;6:00:00;59913
16/05/2022;B;6:00:00;9269
17/05/2022;A;6:00:00;59679
17/05/2022;B;6:00:00;9025
18/05/2022;A;6:00:00;60781
18/05/2022;B;6:00:00;9654
19/05/2022;A;6:00:00;59955
19/05/2022;B;6:00:00;9069
20/05/2022;A;6:00:00;58345
20/05/2022;B;6:00:00;8948
21/05/2022;A;6:00:00;35367
21/05/2022;B;6:00:00;5513
22/05/2022;A;6:00:00;12590
22/05/2022;B;6:00:00;2062
23/05/2022;A;6:00:00;58772
23/05/2022;B;6:00:00;9013
24/05/2022;A;6:00:00;60457
24/05/2022;B;6:00:00;9433
25/05/2022;A;6:00:00;59356
25/05/2022;B;6:00:00;9212
26/05/2022;A;6:00:00;59738
26/05/2022;B;6:00:00;10135
27/05/2022;A;6:00:00;57597
27/05/2022;B;6:00:00;8985
28/05/2022;A;6:00:00;34020
28/05/2022;B;6:00:00;5472
29/05/2022;A;6:00:00;354
29/05/2022;B;6:00:00;88
30/05/2022;A;6:00:00;11944
30/05/2022;B;6:00:00;1790
31/05/2022;A;6:00:00;58856
31/05/2022;B;6:00:00;9025
1/06/2022;A;6:00:00;59739
1/06/2022;B;6:00:00;9652
2/06/2022;A;6:00:00;58877
2/06/2022;B;6:00:00;9227
3/06/2022;A;6:00:00;57767
3/06/2022;B;6:00:00;9066
4/06/2022;A;6:00:00;35549
4/06/2022;B;6:00:00;5664
5/06/2022;A;6:00:00;11956
5/06/2022;B;6:00:00;1824
6/06/2022;A;6:00:00;58013
6/06/2022;B;6:00:00;8847
7/06/2022;A;6:00:00;58049
7/06/2022;B;6:00:00;8980
8/06/2022;A;6:00:00;58473
8/06/2022;B;6:00:00;8957
9/06/2022;A;6:00:00;58578
9/06/2022;B;6:00:00;9178
10/06/2022;A;6:00:00;57850
10/06/2022;B;6:00:00;8995
11/06/2022;A;6:00:00;32128
11/06/2022;B;6:00:00;5319
12/06/2022;A;6:00:00;11729
12/06/2022;B;6:00:00;1961
13/06/2022;A;6:00:00;58357
13/06/2022;B;6:00:00;8792
14/06/2022;A;6:00:00;58249
14/06/2022;B;6:00:00;9000
15/06/2022;A;6:00:00;59237
15/06/2022;B;6:00:00;9177
16/06/2022;A;6:00:00;41386
16/06/2022;B;6:00:00;9120
17/06/2022;A;6:00:00;39655
17/06/2022;B;6:00:00;8328
18/06/2022;A;6:00:00;28196
18/06/2022;B;6:00:00;5331
19/06/2022;A;6:00:00;178
19/06/2022;B;6:00:00;38
20/06/2022;A;6:00:00;9522
20/06/2022;B;6:00:00;1870
21/06/2022;A;6:00:00;43620
21/06/2022;B;6:00:00;8301
22/06/2022;A;6:00:00;53842
22/06/2022;B;6:00:00;8976
23/06/2022;A;6:00:00;56888
23/06/2022;B;6:00:00;8870
24/06/2022;A;6:00:00;55846
24/06/2022;B;6:00:00;8593
25/06/2022;A;6:00:00;33809
25/06/2022;B;6:00:00;5298
26/06/2022;A;6:00:00;10912
26/06/2022;B;6:00:00;1707
27/06/2022;A;6:00:00;10745
27/06/2022;B;6:00:00;1862
28/06/2022;A;6:00:00;57136
28/06/2022;B;6:00:00;8611
29/06/2022;A;6:00:00;57240
29/06/2022;B;6:00:00;8643
30/06/2022;A;6:00:00;58805
30/06/2022;B;6:00:00;8675
1/07/2022;A;6:00:00;55984
1/07/2022;B;6:00:00;8442
2/07/2022;A;6:00:00;34179
2/07/2022;B;6:00:00;5128
3/07/2022;A;6:00:00;12197
3/07/2022;B;6:00:00;1887
4/07/2022;A;6:00:00;11506
4/07/2022;B;6:00:00;1925
5/07/2022;A;6:00:00;59903
5/07/2022;B;6:00:00;8939
6/07/2022;A;6:00:00;58071
6/07/2022;B;6:00:00;8981
7/07/2022;A;6:00:00;59055
7/07/2022;B;6:00:00;8938
8/07/2022;A;6:00:00;57959
8/07/2022;B;6:00:00;8809
9/07/2022;A;6:00:00;35839
9/07/2022;B;6:00:00;5505
10/07/2022;A;6:00:00;11621
10/07/2022;B;6:00:00;1816
11/07/2022;A;6:00:00;55877
11/07/2022;B;6:00:00;8660
12/07/2022;A;6:00:00;58635
12/07/2022;B;6:00:00;9176
13/07/2022;A;6:00:00;58130
13/07/2022;B;6:00:00;9082
14/07/2022;A;6:00:00;56697
14/07/2022;B;6:00:00;9032
15/07/2022;A;6:00:00;57567
15/07/2022;B;6:00:00;8876
16/07/2022;A;6:00:00;34153
16/07/2022;B;6:00:00;5421
17/07/2022;A;6:00:00;11981
17/07/2022;B;6:00:00;1871
18/07/2022;A;6:00:00;58189
18/07/2022;B;6:00:00;9108
19/07/2022;A;6:00:00;58420
19/07/2022;B;6:00:00;9239
20/07/2022;A;6:00:00;17787
20/07/2022;B;6:00:00;2918
21/07/2022;A;6:00:00;59411
21/07/2022;B;6:00:00;9196
22/07/2022;A;6:00:00;58004
22/07/2022;B;6:00:00;9042
23/07/2022;A;6:00:00;32575
23/07/2022;B;6:00:00;5300
24/07/2022;A;6:00:00;11008
24/07/2022;B;6:00:00;1729
25/07/2022;A;6:00:00;58746
25/07/2022;B;6:00:00;9116
26/07/2022;A;6:00:00;43552
26/07/2022;B;6:00:00;8564
27/07/2022;A;6:00:00;59661
27/07/2022;B;6:00:00;9304
28/07/2022;A;6:00:00;59605
28/07/2022;B;6:00:00;9287
29/07/2022;A;6:00:00;59087
29/07/2022;B;6:00:00;9001
30/07/2022;A;6:00:00;35657
30/07/2022;B;6:00:00;5568
31/07/2022;A;6:00:00;11945
31/07/2022;B;6:00:00;1908
1/08/2022;A;6:00:00;59031
1/08/2022;B;6:00:00;9293
2/08/2022;A;6:00:00;60217
2/08/2022;B;6:00:00;9277
3/08/2022;A;6:00:00;60708
3/08/2022;B;6:00:00;9094
4/08/2022;A;6:00:00;61121
4/08/2022;B;6:00:00;9395
5/08/2022;A;6:00:00;58495
5/08/2022;B;6:00:00;9140
6/08/2022;A;6:00:00;34524
6/08/2022;B;6:00:00;5617
7/08/2022;A;6:00:00;11607
7/08/2022;B;6:00:00;1823
8/08/2022;A;6:00:00;60907
8/08/2022;B;6:00:00;9350
9/08/2022;A;6:00:00;60752
9/08/2022;B;6:00:00;9599
10/08/2022;A;6:00:00;61457
10/08/2022;B;6:00:00;9363
11/08/2022;A;6:00:00;60603
11/08/2022;B;6:00:00;9256
12/08/2022;A;6:00:00;58685
12/08/2022;B;6:00:00;9056
13/08/2022;A;6:00:00;34692
13/08/2022;B;6:00:00;5506
14/08/2022;A;6:00:00;13218
14/08/2022;B;6:00:00;2349
15/08/2022;A;6:00:00;11766
15/08/2022;B;6:00:00;2021
16/08/2022;A;6:00:00;65885
16/08/2022;B;6:00:00;10561
17/08/2022;A;6:00:00;63647
17/08/2022;B;6:00:00;9659
18/08/2022;A;6:00:00;61505
18/08/2022;B;6:00:00;9431
19/08/2022;A;6:00:00;59511
19/08/2022;B;6:00:00;9099
20/08/2022;A;6:00:00;37100
20/08/2022;B;6:00:00;5675
21/08/2022;A;6:00:00;12290
21/08/2022;B;6:00:00;1925
22/08/2022;A;6:00:00;52960
22/08/2022;B;6:00:00;8848
23/08/2022;A;6:00:00;62907
23/08/2022;B;6:00:00;9466
24/08/2022;A;6:00:00;61512
24/08/2022;B;6:00:00;9479
25/08/2022;A;6:00:00;62905
25/08/2022;B;6:00:00;9348
26/08/2022;A;6:00:00;60968
26/08/2022;B;6:00:00;9262
27/08/2022;A;6:00:00;37069
27/08/2022;B;6:00:00;5859
28/08/2022;A;6:00:00;11915
28/08/2022;B;6:00:00;1947
29/08/2022;A;6:00:00;59261
29/08/2022;B;6:00:00;9155
30/08/2022;A;6:00:00;63132
30/08/2022;B;6:00:00;9527
31/08/2022;A;6:00:00;61854
31/08/2022;B;6:00:00;9550
1/09/2022;A;6:00:00;62148
1/09/2022;B;6:00:00;9260
2/09/2022;A;6:00:00;59937
2/09/2022;B;6:00:00;9011
3/09/2022;A;6:00:00;36727
3/09/2022;B;6:00:00;5894
4/09/2022;A;6:00:00;14181
4/09/2022;B;6:00:00;2391
5/09/2022;A;6:00:00;61803
5/09/2022;B;6:00:00;9265
6/09/2022;A;6:00:00;59843
6/09/2022;B;6:00:00;9424
7/09/2022;A;6:00:00;64559
7/09/2022;B;6:00:00;9676
8/09/2022;A;6:00:00;61622
8/09/2022;B;6:00:00;9632
9/09/2022;A;6:00:00;61368
9/09/2022;B;6:00:00;9156
10/09/2022;A;6:00:00;37182
10/09/2022;B;6:00:00;5862
11/09/2022;A;6:00:00;12371
11/09/2022;B;6:00:00;1928
12/09/2022;A;6:00:00;62158
12/09/2022;B;6:00:00;9388
13/09/2022;A;6:00:00;63503
13/09/2022;B;6:00:00;9631
14/09/2022;A;6:00:00;62679
14/09/2022;B;6:00:00;9523
15/09/2022;A;6:00:00;63420
15/09/2022;B;6:00:00;9653
16/09/2022;A;6:00:00;61782
16/09/2022;B;6:00:00;9392
17/09/2022;A;6:00:00;35896
17/09/2022;B;6:00:00;5646
18/09/2022;A;6:00:00;11406
18/09/2022;B;6:00:00;1772
19/09/2022;A;6:00:00;58648
19/09/2022;B;6:00:00;9256
20/09/2022;A;6:00:00;62582
20/09/2022;B;6:00:00;9603
21/09/2022;A;6:00:00;62640
21/09/2022;B;6:00:00;9624
22/09/2022;A;6:00:00;63213
22/09/2022;B;6:00:00;9620
23/09/2022;A;6:00:00;60705
23/09/2022;B;6:00:00;9501
24/09/2022;A;6:00:00;37024
24/09/2022;B;6:00:00;5861
25/09/2022;A;6:00:00;16721
25/09/2022;B;6:00:00;2383
26/09/2022;A;6:00:00;61233
26/09/2022;B;6:00:00;9381
27/09/2022;A;6:00:00;61852
27/09/2022;B;6:00:00;9520
28/09/2022;A;6:00:00;62325
28/09/2022;B;6:00:00;9499
29/09/2022;A;6:00:00;61876
29/09/2022;B;6:00:00;9391
30/09/2022;A;6:00:00;57451
30/09/2022;B;6:00:00;8932
1/10/2022;A;6:00:00;35472
1/10/2022;B;6:00:00;5472
2/10/2022;A;6:00:00;12797
2/10/2022;B;6:00:00;2227
3/10/2022;A;6:00:00;61551
3/10/2022;B;6:00:00;9415
4/10/2022;A;6:00:00;62611
4/10/2022;B;6:00:00;9674
5/10/2022;A;6:00:00;61336
5/10/2022;B;6:00:00;8736
6/10/2022;A;6:00:00;61860
6/10/2022;B;6:00:00;9402
7/10/2022;A;6:00:00;59916
7/10/2022;B;6:00:00;9123
8/10/2022;A;6:00:00;35759
8/10/2022;B;6:00:00;5625
9/10/2022;A;6:00:00;12796
9/10/2022;B;6:00:00;1985
10/10/2022;A;6:00:00;61575
10/10/2022;B;6:00:00;9316
11/10/2022;A;6:00:00;61932
11/10/2022;B;6:00:00;9564
12/10/2022;A;6:00:00;61259
12/10/2022;B;6:00:00;9341
13/10/2022;A;6:00:00;60678
13/10/2022;B;6:00:00;9203
14/10/2022;A;6:00:00;58675
14/10/2022;B;6:00:00;8988
15/10/2022;A;6:00:00;34887
15/10/2022;B;6:00:00;6447
16/10/2022;A;6:00:00;12596
16/10/2022;B;6:00:00;2035
17/10/2022;A;6:00:00;13117
17/10/2022;B;6:00:00;2134
18/10/2022;A;6:00:00;62812
18/10/2022;B;6:00:00;11057
19/10/2022;A;6:00:00;62061
19/10/2022;B;6:00:00;10676
20/10/2022;A;6:00:00;61327
20/10/2022;B;6:00:00;10599
21/10/2022;A;6:00:00;48378
21/10/2022;B;6:00:00;10188
22/10/2022;A;6:00:00;36858
22/10/2022;B;6:00:00;6669
23/10/2022;A;6:00:00;13660
23/10/2022;B;6:00:00;2235
24/10/2022;A;6:00:00;61119
24/10/2022;B;6:00:00;9258
25/10/2022;A;6:00:00;62553
25/10/2022;B;6:00:00;9531
26/10/2022;A;6:00:00;61602
26/10/2022;B;6:00:00;9366
27/10/2022;A;6:00:00;63147
27/10/2022;B;6:00:00;9452
28/10/2022;A;6:00:00;59700
28/10/2022;B;6:00:00;9252
29/10/2022;A;6:00:00;36641
29/10/2022;B;6:00:00;5884
30/10/2022;A;6:00:00;12511
30/10/2022;B;6:00:00;2060
31/10/2022;A;6:00:00;59270
31/10/2022;B;6:00:00;9473
1/11/2022;A;6:00:00;61779
1/11/2022;B;6:00:00;9559
2/11/2022;A;6:00:00;62494
2/11/2022;B;6:00:00;9463
3/11/2022;A;6:00:00;61905
3/11/2022;B;6:00:00;9564
4/11/2022;A;6:00:00;59734
4/11/2022;B;6:00:00;9224
5/11/2022;A;6:00:00;37211
5/11/2022;B;6:00:00;5801
6/11/2022;A;6:00:00;13437
6/11/2022;B;6:00:00;2023
7/11/2022;A;6:00:00;13006
7/11/2022;B;6:00:00;2126
8/11/2022;A;6:00:00;61727
8/11/2022;B;6:00:00;10380
9/11/2022;A;6:00:00;61491
9/11/2022;B;6:00:00;9661
10/11/2022;A;6:00:00;62306
10/11/2022;B;6:00:00;9432
11/11/2022;A;6:00:00;60604
11/11/2022;B;6:00:00;9313
12/11/2022;A;6:00:00;37183
12/11/2022;B;6:00:00;5800
13/11/2022;A;6:00:00;13791
13/11/2022;B;6:00:00;2117
14/11/2022;A;6:00:00;13485
14/11/2022;B;6:00:00;2179
15/11/2022;A;6:00:00;61603
15/11/2022;B;6:00:00;9731
16/11/2022;A;6:00:00;62299
16/11/2022;B;6:00:00;9470
17/11/2022;A;6:00:00;62128
17/11/2022;B;6:00:00;9454
18/11/2022;A;6:00:00;60317
18/11/2022;B;6:00:00;9240
19/11/2022;A;6:00:00;37176
19/11/2022;B;6:00:00;6021
20/11/2022;A;6:00:00;12476
20/11/2022;B;6:00:00;1969
21/11/2022;A;6:00:00;58166
21/11/2022;B;6:00:00;9364
22/11/2022;A;6:00:00;61396
22/11/2022;B;6:00:00;9220
23/11/2022;A;6:00:00;58273
23/11/2022;B;6:00:00;8690
24/11/2022;A;6:00:00;60610
24/11/2022;B;6:00:00;9249
25/11/2022;A;6:00:00;59526
25/11/2022;B;6:00:00;9261
26/11/2022;A;6:00:00;36866
26/11/2022;B;6:00:00;5839
27/11/2022;A;6:00:00;13175
27/11/2022;B;6:00:00;1970
28/11/2022;A;6:00:00;60476
28/11/2022;B;6:00:00;9235
29/11/2022;A;6:00:00;61335
29/11/2022;B;6:00:00;9492
30/11/2022;A;6:00:00;60247
30/11/2022;B;6:00:00;9441
1/12/2022;A;6:00:00;59330
1/12/2022;B;6:00:00;9126
2/12/2022;A;6:00:00;58972
2/12/2022;B;6:00:00;8926
3/12/2022;A;6:00:00;36172
3/12/2022;B;6:00:00;5835
4/12/2022;A;6:00:00;13150
4/12/2022;B;6:00:00;1982
5/12/2022;A;6:00:00;58853
5/12/2022;B;6:00:00;9168
6/12/2022;A;6:00:00;59880
6/12/2022;B;6:00:00;9128
7/12/2022;A;6:00:00;59329
7/12/2022;B;6:00:00;9056
8/12/2022;A;6:00:00;14605
8/12/2022;B;6:00:00;2347
9/12/2022;A;6:00:00;53849
9/12/2022;B;6:00:00;8392
10/12/2022;A;6:00:00;34440
10/12/2022;B;6:00:00;5374
11/12/2022;A;6:00:00;12725
11/12/2022;B;6:00:00;2160
12/12/2022;A;6:00:00;51110
12/12/2022;B;6:00:00;8855
13/12/2022;A;6:00:00;58898
13/12/2022;B;6:00:00;9152
14/12/2022;A;6:00:00;57549
14/12/2022;B;6:00:00;8923
15/12/2022;A;6:00:00;59584
15/12/2022;B;6:00:00;8985
16/12/2022;A;6:00:00;55474
16/12/2022;B;6:00:00;8652
17/12/2022;A;6:00:00;33723
17/12/2022;B;6:00:00;5486
18/12/2022;A;6:00:00;12723
18/12/2022;B;6:00:00;2001
19/12/2022;A;6:00:00;54713
19/12/2022;B;6:00:00;8384
20/12/2022;A;6:00:00;55479
20/12/2022;B;6:00:00;8430
21/12/2022;A;6:00:00;54515
21/12/2022;B;6:00:00;8334
22/12/2022;A;6:00:00;53155
22/12/2022;B;6:00:00;8150
23/12/2022;A;6:00:00;45630
23/12/2022;B;6:00:00;7114
24/12/2022;A;6:00:00;18897
24/12/2022;B;6:00:00;3027
25/12/2022;A;6:00:00;5882
25/12/2022;B;6:00:00;826
26/12/2022;A;6:00:00;39249
26/12/2022;B;6:00:00;6094
27/12/2022;A;6:00:00;43725
27/12/2022;B;6:00:00;6756
28/12/2022;A;6:00:00;43281
28/12/2022;B;6:00:00;6592
29/12/2022;A;6:00:00;42373
29/12/2022;B;6:00:00;6549
30/12/2022;A;6:00:00;35456
30/12/2022;B;6:00:00;5442
31/12/2022;A;6:00:00;13604
31/12/2022;B;6:00:00;2180
1/01/2023;A;6:00:00;5701
1/01/2024;B;6:00:00;750
1/02/2023;A;6:00:00;29783
1/02/2023;B;6:00:00;4507
1/03/2023;A;6:00:00;38350
1/03/2023;B;6:00:00;5723
1/04/2023;A;6:00:00;40796
1/04/2023;B;6:00:00;6294
1/05/2023;A;6:00:00;40713
1/05/2023;B;6:00:00;6286
1/06/2023;A;6:00:00;40169
1/06/2023;B;6:00:00;6237
1/07/2023;A;6:00:00;25654
1/07/2023;B;6:00:00;4073
1/08/2023;A;6:00:00;10729
1/08/2023;B;6:00:00;1658
1/09/2023;A;6:00:00;10682
1/09/2023;B;6:00:00;1729
1/10/2023;A;6:00:00;49093
1/10/2023;B;6:00:00;7619
1/11/2023;A;6:00:00;49937
1/11/2023;B;6:00:00;7794
1/12/2023;A;6:00:00;50703
1/12/2023;B;6:00:00;7730
13/01/2023;A;6:00:00;50083
13/01/2023;B;6:00:00;7657
14/01/2023;A;6:00:00;30257
14/01/2023;B;6:00:00;4785
15/01/2023;A;6:00:00;10964
15/01/2023;B;6:00:00;1682
16/01/2023;A;6:00:00;53139
16/01/2023;B;6:00:00;8037
17/01/2023;A;6:00:00;56250
17/01/2023;B;6:00:00;8540
18/01/2023;A;6:00:00;56754
18/01/2023;B;6:00:00;8640
19/01/2023;A;6:00:00;57053
19/01/2023;B;6:00:00;8869
20/01/2023;A;6:00:00;56260
20/01/2023;B;6:00:00;8662
21/01/2023;A;6:00:00;32367
21/01/2023;B;6:00:00;5288
22/01/2023;A;6:00:00;11224
22/01/2023;B;6:00:00;1761
23/01/2023;A;6:00:00;58428
23/01/2023;B;6:00:00;9018
24/01/2023;A;6:00:00;58778
24/01/2023;B;6:00:00;8936
25/01/2023;A;6:00:00;59287
25/01/2023;B;6:00:00;9234
26/01/2023;A;6:00:00;59138
26/01/2023;B;6:00:00;9083
27/01/2023;A;6:00:00;57757
27/01/2023;B;6:00:00;8854
28/01/2023;A;6:00:00;33436
28/01/2023;B;6:00:00;5480
29/01/2023;A;6:00:00;11191
29/01/2023;B;6:00:00;1788
30/01/2023;A;6:00:00;57403
30/01/2023;B;6:00:00;9099
31/01/2023;A;6:00:00;58867
31/01/2023;B;6:00:00;9071
2/01/2023;A;6:00:00;58987
2/01/2023;B;6:00:00;9315
2/02/2023;A;6:00:00;59373
2/02/2023;B;6:00:00;9262
2/03/2023;A;6:00:00;58165
2/03/2023;B;6:00:00;9039
2/04/2023;A;6:00:00;33583
2/04/2023;B;6:00:00;5281
2/05/2023;A;6:00:00;11729
2/05/2023;B;6:00:00;1806
2/06/2023;A;6:00:00;59499
2/06/2023;B;6:00:00;9126
2/07/2023;A;6:00:00;61529
2/07/2023;B;6:00:00;9315
2/08/2023;A;6:00:00;61708
2/08/2023;B;6:00:00;9409
2/09/2023;A;6:00:00;60677
2/09/2023;B;6:00:00;9360
2/10/2023;A;6:00:00;59697
2/10/2023;B;6:00:00;9111
2/11/2023;A;6:00:00;35005
2/11/2023;B;6:00:00;5483
2/12/2023;A;6:00:00;11478
2/12/2023;B;6:00:00;1772
13/02/2023;A;6:00:00;60931
13/02/2023;B;6:00:00;9156
14/02/2023;A;6:00:00;60369
14/02/2023;B;6:00:00;8982
15/02/2023;A;6:00:00;60737
15/02/2023;B;6:00:00;9097
16/02/2023;A;6:00:00;60982
16/02/2023;B;6:00:00;9246
17/02/2023;A;6:00:00;60953
17/02/2023;B;6:00:00;9253
18/02/2023;A;6:00:00;34989
18/02/2023;B;6:00:00;5469
19/02/2023;A;6:00:00;11808
19/02/2023;B;6:00:00;1889
20/02/2023;A;6:00:00;62351
20/02/2023;B;6:00:00;9017
21/02/2023;A;6:00:00;64527
21/02/2023;B;6:00:00;9225
22/02/2023;A;6:00:00;60155
22/02/2023;B;6:00:00;9257
23/02/2023;A;6:00:00;62531
23/02/2023;B;6:00:00;9669
24/02/2023;A;6:00:00;61557
24/02/2023;B;6:00:00;9339
25/02/2023;A;6:00:00;36434
25/02/2023;B;6:00:00;5626
26/02/2023;A;6:00:00;11940
26/02/2023;B;6:00:00;2075
27/02/2023;A;6:00:00;62486
27/02/2023;B;6:00:00;9415
28/02/2023;A;6:00:00;63118
28/02/2023;B;6:00:00;9534
3/01/2023;A;6:00:00;62718
3/01/2023;B;6:00:00;9477
3/02/2023;A;6:00:00;63037
3/02/2023;B;6:00:00;9587
3/03/2023;A;6:00:00;61519
3/03/2023;B;6:00:00;9388
3/04/2023;A;6:00:00;35067
3/04/2023;B;6:00:00;5609
3/05/2023;A;6:00:00;11774
3/05/2023;B;6:00:00;1820
3/06/2023;A;6:00:00;62130
3/06/2023;B;6:00:00;9453
3/07/2023;A;6:00:00;63687
3/07/2023;B;6:00:00;9733
3/08/2023;A;6:00:00;62963
3/08/2023;B;6:00:00;9333
3/09/2023;A;6:00:00;63084
3/09/2023;B;6:00:00;9684
3/10/2023;A;6:00:00;61554
3/10/2023;B;6:00:00;9484
3/11/2023;A;6:00:00;35531
3/11/2023;B;6:00:00;5651
3/12/2023;A;6:00:00;11729
3/12/2023;B;6:00:00;1692
13/03/2023;A;6:00:00;62162
13/03/2023;B;6:00:00;9500
14/03/2023;A;6:00:00;63778
14/03/2023;B;6:00:00;9678
15/03/2023;A;6:00:00;64394
15/03/2023;B;6:00:00;9675
16/03/2023;A;6:00:00;63477
16/03/2023;B;6:00:00;9589
17/03/2023;A;6:00:00;62086
17/03/2023;B;6:00:00;9335
18/03/2023;A;6:00:00;35409
18/03/2023;B;6:00:00;5431
19/03/2023;A;6:00:00;11956
19/03/2023;B;6:00:00;1864
20/03/2023;A;6:00:00;11581
20/03/2023;B;6:00:00;1908
21/03/2023;A;6:00:00;64584
21/03/2023;B;6:00:00;9780
22/03/2023;A;6:00:00;63972
22/03/2023;B;6:00:00;9741
23/03/2023;A;6:00:00;62636
23/03/2023;B;6:00:00;9593
24/03/2023;A;6:00:00;62956
24/03/2023;B;6:00:00;9499
25/03/2023;A;6:00:00;36424
25/03/2023;B;6:00:00;5803
26/03/2023;A;6:00:00;12313
26/03/2023;B;6:00:00;1795
27/03/2023;A;6:00:00;64634
27/03/2023;B;6:00:00;9348
28/03/2023;A;6:00:00;64620
28/03/2023;B;6:00:00;9751
29/03/2023;A;6:00:00;63814
29/03/2023;B;6:00:00;9593
30/03/2023;A;6:00:00;64286
30/03/2023;B;6:00:00;9505
31/03/2023;A;6:00:00;60680
31/03/2023;B;6:00:00;9039
4/01/2023;A;6:00:00;35605
4/01/2023;B;6:00:00;5518
4/02/2023;A;6:00:00;12591
4/02/2023;B;6:00:00;1896
4/03/2023;A;6:00:00;55374
4/03/2023;B;6:00:00;8415
4/04/2023;A;6:00:00;53898
4/04/2023;B;6:00:00;8149
4/05/2023;A;6:00:00;49368
4/05/2023;B;6:00:00;7488
4/06/2023;A;6:00:00;13732
4/06/2023;B;6:00:00;2069
4/07/2023;A;6:00:00;8899
4/07/2023;B;6:00:00;1342
4/08/2023;A;6:00:00;15890
4/08/2023;B;6:00:00;2454
4/09/2023;A;6:00:00;9255
4/09/2023;B;6:00:00;1306
4/10/2023;A;6:00:00;62021
4/10/2023;B;6:00:00;8985
4/11/2023;A;6:00:00;63166
4/11/2023;B;6:00:00;9464
4/12/2023;A;6:00:00;63378
4/12/2023;B;6:00:00;9443
13/04/2023;A;6:00:00;62220
13/04/2023;B;6:00:00;9353
14/04/2023;A;6:00:00;62004
14/04/2023;B;6:00:00;9286
15/04/2023;A;6:00:00;36710
15/04/2023;B;6:00:00;5753
16/04/2023;A;6:00:00;12350
16/04/2023;B;6:00:00;1846
17/04/2023;A;6:00:00;62130
17/04/2023;B;6:00:00;9444
18/04/2023;A;6:00:00;63997
18/04/2023;B;6:00:00;9585
19/04/2023;A;6:00:00;64099
19/04/2023;B;6:00:00;9367
20/04/2023;A;6:00:00;62831
20/04/2023;B;6:00:00;9357
21/04/2023;A;6:00:00;62676
21/04/2023;B;6:00:00;9248
22/04/2023;A;6:00:00;36245
22/04/2023;B;6:00:00;5652
23/04/2023;A;6:00:00;13257
23/04/2023;B;6:00:00;2217
24/04/2023;A;6:00:00;63327
24/04/2023;B;6:00:00;9394
25/04/2023;A;6:00:00;64251
25/04/2023;B;6:00:00;9688
26/04/2023;A;6:00:00;64706
26/04/2023;B;6:00:00;9509
27/04/2023;A;6:00:00;64504
27/04/2023;B;6:00:00;3494
28/04/2023;A;6:00:00;61844
28/04/2023;B;6:00:00;9140
29/04/2023;A;6:00:00;36860
29/04/2023;B;6:00:00;5680
30/04/2023;A;6:00:00;12887
30/04/2023;B;6:00:00;2077
5/01/2023;A;6:00:00;11505
5/01/2023;B;6:00:00;1832
5/02/2023;A;6:00:00;64979
5/02/2023;B;6:00:00;9585
5/03/2023;A;6:00:00;64573
5/03/2023;B;6:00:00;9386
5/04/2023;A;6:00:00;63350
5/04/2023;B;6:00:00;9395
5/05/2023;A;6:00:00;63749
5/05/2023;B;6:00:00;9286
5/06/2023;A;6:00:00;36995
5/06/2023;B;6:00:00;5762
5/07/2023;A;6:00:00;12930
5/07/2023;B;6:00:00;2028
5/08/2023;A;6:00:00;63355
5/08/2023;B;6:00:00;9287
5/09/2023;A;6:00:00;64622
5/09/2023;B;6:00:00;9371
5/10/2023;A;6:00:00;64578
5/10/2023;B;6:00:00;9435
5/11/2023;A;6:00:00;63482
5/11/2023;B;6:00:00;9528
5/12/2023;A;6:00:00;62620
5/12/2023;B;6:00:00;9363
13/05/2023;A;6:00:00;38210
13/05/2023;B;6:00:00;5676
14/05/2023;A;6:00:00;12962
14/05/2023;B;6:00:00;1626
15/05/2023;A;6:00:00;61812
15/05/2023;B;6:00:00;8949
16/05/2023;A;6:00:00;64213
16/05/2023;B;6:00:00;9477
17/05/2023;A;6:00:00;63192
17/05/2023;B;6:00:00;9191
18/05/2023;A;6:00:00;63765
18/05/2023;B;6:00:00;9314
19/05/2023;A;6:00:00;62203
19/05/2023;B;6:00:00;9173
20/05/2023;A;6:00:00;35858
20/05/2023;B;6:00:00;5484
21/05/2023;A;6:00:00;12585
21/05/2023;B;6:00:00;2024
22/05/2023;A;6:00:00;12243
22/05/2023;B;6:00:00;1943
23/05/2023;A;6:00:00;63256
23/05/2023;B;6:00:00;9789
24/05/2023;A;6:00:00;65430
24/05/2023;B;6:00:00;9379
25/05/2023;A;6:00:00;63813
25/05/2023;B;6:00:00;9371
26/05/2023;A;6:00:00;62313
26/05/2023;B;6:00:00;9138
27/05/2023;A;6:00:00;37225
27/05/2023;B;6:00:00;5683
28/05/2023;A;6:00:00;12226
28/05/2023;B;6:00:00;1933
29/05/2023;A;6:00:00;63201
29/05/2023;B;6:00:00;9267
30/05/2023;A;6:00:00;63557
30/05/2023;B;6:00:00;9282
31/05/2023;A;6:00:00;63772
31/05/2023;B;6:00:00;9390
6/01/2023;A;6:00:00;57201
6/01/2023;B;6:00:00;9353
6/02/2023;A;6:00:00;60697
6/02/2023;B;6:00:00;8969
6/03/2023;A;6:00:00;36563
6/03/2023;B;6:00:00;5561
6/04/2023;A;6:00:00;12109
6/04/2023;B;6:00:00;1874
6/05/2023;A;6:00:00;62272
6/05/2023;B;6:00:00;9122
6/06/2023;A;6:00:00;63922
6/06/2023;B;6:00:00;9533
6/07/2023;A;6:00:00;63246
6/07/2023;B;6:00:00;9259
6/08/2023;A;6:00:00;62607
6/08/2023;B;6:00:00;9388
6/09/2023;A;6:00:00;61264
6/09/2023;B;6:00:00;9128
6/10/2023;A;6:00:00;35549
6/10/2023;B;6:00:00;5498
6/11/2023;A;6:00:00;13052
6/11/2023;B;6:00:00;2095
6/12/2023;A;6:00:00;12089
6/12/2023;B;6:00:00;1929
13/06/2023;A;6:00:00;64404
13/06/2023;B;6:00:00;9625
14/06/2023;A;6:00:00;63705
14/06/2023;B;6:00:00;9382
15/06/2023;A;6:00:00;62017
15/06/2023;B;6:00:00;9178
16/06/2023;A;6:00:00;60194
16/06/2023;B;6:00:00;8939
17/06/2023;A;6:00:00;34609
17/06/2023;B;6:00:00;5271
18/06/2023;A;6:00:00;11663
18/06/2023;B;6:00:00;1720
19/06/2023;A;6:00:00;11257
19/06/2023;B;6:00:00;1920
20/06/2023;A;6:00:00;62158
20/06/2023;B;6:00:00;8987
21/06/2023;A;6:00:00;63192
21/06/2023;B;6:00:00;8988
22/06/2023;A;6:00:00;60571
22/06/2023;B;6:00:00;9050
23/06/2023;A;6:00:00;61058
23/06/2023;B;6:00:00;9074
24/06/2023;A;6:00:00;35628
24/06/2023;B;6:00:00;5439
25/06/2023;A;6:00:00;12388
25/06/2023;B;6:00:00;1990
26/06/2023;A;6:00:00;59312
26/06/2023;B;6:00:00;8534
27/06/2023;A;6:00:00;61567
27/06/2023;B;6:00:00;8916
28/06/2023;A;6:00:00;60780
28/06/2023;B;6:00:00;8962
29/06/2023;A;6:00:00;61122
29/06/2023;B;6:00:00;8982
30/06/2023;A;6:00:00;58686
30/06/2023;B;6:00:00;8565
7/01/2023;A;6:00:00;33646
7/01/2023;B;6:00:00;5121
7/02/2023;A;6:00:00;12852
7/02/2023;B;6:00:00;1979
7/03/2023;A;6:00:00;12117
7/03/2023;B;6:00:00;1809
7/04/2023;A;6:00:00;60888
7/04/2023;B;6:00:00;9170
7/05/2023;A;6:00:00;61218
7/05/2023;B;6:00:00;9309
7/06/2023;A;6:00:00;62000
7/06/2023;B;6:00:00;9001
7/07/2023;A;6:00:00;60496
7/07/2023;B;6:00:00;8993
7/08/2023;A;6:00:00;34154
7/08/2023;B;6:00:00;5267
7/09/2023;A;6:00:00;12619
7/09/2023;B;6:00:00;1883
7/10/2023;A;6:00:00;62793
7/10/2023;B;6:00:00;9338
7/11/2023;A;6:00:00;63902
7/11/2023;B;6:00:00;9449
7/12/2023;A;6:00:00;63113
7/12/2023;B;6:00:00;9191
13/07/2023;A;6:00:00;62996
13/07/2023;B;6:00:00;9276
14/07/2023;A;6:00:00;61320
14/07/2023;B;6:00:00;9200
15/07/2023;A;6:00:00;35696
15/07/2023;B;6:00:00;5558
16/07/2023;A;6:00:00;12557
16/07/2023;B;6:00:00;1983
17/07/2023;A;6:00:00;61922
17/07/2023;B;6:00:00;9259
18/07/2023;A;6:00:00;63337
18/07/2023;B;6:00:00;9367
19/07/2023;A;6:00:00;63413
19/07/2023;B;6:00:00;9486
20/07/2023;A;6:00:00;18329
20/07/2023;B;6:00:00;2818
21/07/2023;A;6:00:00;56105
21/07/2023;B;6:00:00;8542
22/07/2023;A;6:00:00;33828
22/07/2023;B;6:00:00;5406
23/07/2023;A;6:00:00;12064
23/07/2023;B;6:00:00;1899
24/07/2023;A;6:00:00;63333
24/07/2023;B;6:00:00;9186
25/07/2023;A;6:00:00;64166
25/07/2023;B;6:00:00;9643
26/07/2023;A;6:00:00;62618
26/07/2023;B;6:00:00;9402
27/07/2023;A;6:00:00;63243
27/07/2023;B;6:00:00;9402
28/07/2023;A;6:00:00;60715
28/07/2023;B;6:00:00;9264
29/07/2023;A;6:00:00;36220
29/07/2023;B;6:00:00;5591
30/07/2023;A;6:00:00;12736
30/07/2023;B;6:00:00;2063
31/07/2023;A;6:00:00;62230
31/07/2023;B;6:00:00;8916
8/01/2023;A;6:00:00;64228
8/01/2023;B;6:00:00;9706
8/02/2023;A;6:00:00;64270
8/02/2023;B;6:00:00;9530
8/03/2023;A;6:00:00;64748
8/03/2023;B;6:00:00;9736
8/04/2023;A;6:00:00;62133
8/04/2023;B;6:00:00;9405
8/05/2023;A;6:00:00;35651
8/05/2023;B;6:00:00;5595
8/06/2023;A;6:00:00;13247
8/06/2023;B;6:00:00;2418
8/07/2023;A;6:00:00;12344
8/07/2023;B;6:00:00;1977
8/08/2023;A;6:00:00;68654
8/08/2023;B;6:00:00;10591
8/09/2023;A;6:00:00;64154
8/09/2023;B;6:00:00;9681
8/10/2023;A;6:00:00;65255
8/10/2023;B;6:00:00;9667
8/11/2023;A;6:00:00;63213
8/11/2023;B;6:00:00;9385
8/12/2023;A;6:00:00;35383
8/12/2023;B;6:00:00;5570
13/08/2023;A;6:00:00;13338
13/08/2023;B;6:00:00;2093
14/08/2023;A;6:00:00;64406
14/08/2023;B;6:00:00;9543
15/08/2023;A;6:00:00;65406
15/08/2023;B;6:00:00;9687
16/08/2023;A;6:00:00;64761
16/08/2023;B;6:00:00;9496
17/08/2023;A;6:00:00;65283
17/08/2023;B;6:00:00;9712
18/08/2023;A;6:00:00;63613
18/08/2023;B;6:00:00;9339
19/08/2023;A;6:00:00;36568
19/08/2023;B;6:00:00;5527
20/08/2023;A;6:00:00;13140
20/08/2023;B;6:00:00;2037
21/08/2023;A;6:00:00;12589
21/08/2023;B;6:00:00;1994
22/08/2023;A;6:00:00;66020
22/08/2023;B;6:00:00;9548
23/08/2023;A;6:00:00;65171
23/08/2023;B;6:00:00;8518
24/08/2023;A;6:00:00;65256
24/08/2023;B;6:00:00;9484
25/08/2023;A;6:00:00;62499
25/08/2023;B;6:00:00;8885
26/08/2023;A;6:00:00;36525
26/08/2023;B;6:00:00;5539
27/08/2023;A;6:00:00;12374
27/08/2023;B;6:00:00;1895
28/08/2023;A;6:00:00;64208
28/08/2023;B;6:00:00;9298
29/08/2023;A;6:00:00;62980
29/08/2023;B;6:00:00;8879
30/08/2023;A;6:00:00;63598
30/08/2023;B;6:00:00;9100
31/08/2023;A;6:00:00;63766
31/08/2023;B;6:00:00;9410
9/01/2023;A;6:00:00;62617
9/01/2023;B;6:00:00;9097
9/02/2023;A;6:00:00;35491
9/02/2023;B;6:00:00;5269
9/03/2023;A;6:00:00;13522
9/03/2023;B;6:00:00;2100
9/04/2023;A;6:00:00;62630
9/04/2023;B;6:00:00;9172
9/05/2023;A;6:00:00;65011
9/05/2023;B;6:00:00;9503
9/06/2023;A;6:00:00;65644
9/06/2023;B;6:00:00;9340
9/07/2023;A;6:00:00;64782
9/07/2023;B;6:00:00;9230
9/08/2023;A;6:00:00;64100
9/08/2023;B;6:00:00;9316
9/09/2023;A;6:00:00;35786
9/09/2023;B;6:00:00;5411
9/10/2023;A;6:00:00;12366
9/10/2023;B;6:00:00;1963
9/11/2023;A;6:00:00;63426
9/11/2023;B;6:00:00;9308
9/12/2023;A;6:00:00;65466
9/12/2023;B;6:00:00;9513
13/09/2023;A;6:00:00;64264
13/09/2023;B;6:00:00;9422
14/09/2023;A;6:00:00;63831
14/09/2023;B;6:00:00;9352
15/09/2023;A;6:00:00;63472
15/09/2023;B;6:00:00;9454
16/09/2023;A;6:00:00;34908
16/09/2023;B;6:00:00;5310
17/09/2023;A;6:00:00;13217
17/09/2023;B;6:00:00;1917
18/09/2023;A;6:00:00;64216
18/09/2023;B;6:00:00;9284
19/09/2023;A;6:00:00;65195
19/09/2023;B;6:00:00;9517
20/09/2023;A;6:00:00;64600
20/09/2023;B;6:00:00;9337
21/09/2023;A;6:00:00;63169
21/09/2023;B;6:00:00;9229
22/09/2023;A;6:00:00;62179
22/09/2023;B;6:00:00;9272
23/09/2023;A;6:00:00;25915
23/09/2023;B;6:00:00;2407
24/09/2023;A;6:00:00;13012
24/09/2023;B;6:00:00;1983
25/09/2023;A;6:00:00;63692
25/09/2023;B;6:00:00;9283
26/09/2023;A;6:00:00;63359
26/09/2023;B;6:00:00;9444
27/09/2023;A;6:00:00;68583
27/09/2023;B;6:00:00;10416
28/09/2023;A;6:00:00;70051
28/09/2023;B;6:00:00;11346
29/09/2023;A;6:00:00;61687
29/09/2023;B;6:00:00;8721
30/09/2023;A;6:00:00;35652
30/09/2023;B;6:00:00;5675
10/01/2023;A;6:00:00;13009
10/01/2023;B;6:00:00;2033
10/02/2023;A;6:00:00;63084
10/02/2023;B;6:00:00;9267
10/03/2023;A;6:00:00;64341
10/03/2023;B;6:00:00;9378
10/04/2023;A;6:00:00;63985
10/04/2023;B;6:00:00;8872
10/05/2023;A;6:00:00;64548
10/05/2023;B;6:00:00;9326
10/06/2023;A;6:00:00;62200
10/06/2023;B;6:00:00;9602
10/07/2023;A;6:00:00;36483
10/07/2023;B;6:00:00;5557
10/08/2023;A;6:00:00;12942
10/08/2023;B;6:00:00;1942
10/09/2023;A;6:00:00;62796
10/09/2023;B;6:00:00;9079
10/10/2023;A;6:00:00;65110
10/10/2023;B;6:00:00;9536
10/11/2023;A;6:00:00;64309
10/11/2023;B;6:00:00;9456
10/12/2023;A;6:00:00;63030
10/12/2023;B;6:00:00;9312
13/10/2023;A;6:00:00;59642
13/10/2023;B;6:00:00;8857
14/10/2023;A;6:00:00;34113
14/10/2023;B;6:00:00;5179
15/10/2023;A;6:00:00;12895
15/10/2023;B;6:00:00;1962
16/10/2023;A;6:00:00;12169
16/10/2023;B;6:00:00;1935
17/10/2023;A;6:00:00;50158
17/10/2023;B;6:00:00;8732
18/10/2023;A;6:00:00;65035
18/10/2023;B;6:00:00;9509
19/10/2023;A;6:00:00;63634
19/10/2023;B;6:00:00;9319
20/10/2023;A;6:00:00;60148
20/10/2023;B;6:00:00;9359
21/10/2023;A;6:00:00;36228
21/10/2023;B;6:00:00;5562
22/10/2023;A;6:00:00;12909
22/10/2023;B;6:00:00;1914
23/10/2023;A;6:00:00;63347
23/10/2023;B;6:00:00;9325
24/10/2023;A;6:00:00;63782
24/10/2023;B;6:00:00;9456
25/10/2023;A;6:00:00;64013
25/10/2023;B;6:00:00;9035
26/10/2023;A;6:00:00;64512
26/10/2023;B;6:00:00;9341
27/10/2023;A;6:00:00;62232
27/10/2023;B;6:00:00;9178
28/10/2023;A;6:00:00;34491
28/10/2023;B;6:00:00;5224
29/10/2023;A;6:00:00;14
29/10/2023;B;6:00:00;6
30/10/2023;A;6:00:00;63005
30/10/2023;B;6:00:00;10405
31/10/2023;A;6:00:00;62370
31/10/2023;B;6:00:00;10278
11/01/2023;A;6:00:00;64510
11/01/2023;B;6:00:00;9971
11/02/2023;A;6:00:00;66334
11/02/2023;B;6:00:00;10605
11/03/2023;A;6:00:00;64934
11/03/2023;B;6:00:00;9936
11/04/2023;A;6:00:00;37429
11/04/2023;B;6:00:00;6447
11/05/2023;A;6:00:00;13918
11/05/2023;B;6:00:00;2154
11/06/2023;A;6:00:00;13864
11/06/2023;B;6:00:00;2150
11/07/2023;A;6:00:00;65976
11/07/2023;B;6:00:00;9422
11/08/2023;A;6:00:00;67230
11/08/2023;B;6:00:00;9445
11/09/2023;A;6:00:00;65807
11/09/2023;B;6:00:00;9302
11/10/2023;A;6:00:00;64066
11/10/2023;B;6:00:00;8955
11/11/2023;A;6:00:00;37746
11/11/2023;B;6:00:00;5546
11/12/2023;A;6:00:00;14115
11/12/2023;B;6:00:00;2194
13/11/2023;A;6:00:00;13325
13/11/2023;B;6:00:00;2103
14/11/2023;A;6:00:00;65505
14/11/2023;B;6:00:00;9315
15/11/2023;A;6:00:00;60224
15/11/2023;B;6:00:00;8742
16/11/2023;A;6:00:00;51402
16/11/2023;B;6:00:00;8598
17/11/2023;A;6:00:00;62177
17/11/2023;B;6:00:00;9084
18/11/2023;A;6:00:00;35797
18/11/2023;B;6:00:00;5557
19/11/2023;A;6:00:00;12711
19/11/2023;B;6:00:00;1960
20/11/2023;A;6:00:00;62826
20/11/2023;B;6:00:00;9083
21/11/2023;A;6:00:00;64225
21/11/2023;B;6:00:00;9287
22/11/2023;A;6:00:00;64119
22/11/2023;B;6:00:00;9268
23/11/2023;A;6:00:00;63484
23/11/2023;B;6:00:00;9241
24/11/2023;A;6:00:00;61655
24/11/2023;B;6:00:00;9026
25/11/2023;A;6:00:00;36079
25/11/2023;B;6:00:00;5432
26/11/2023;A;6:00:00;13598
26/11/2023;B;6:00:00;2080
27/11/2023;A;6:00:00;62719
27/11/2023;B;6:00:00;9062
28/11/2023;A;6:00:00;63806
28/11/2023;B;6:00:00;9224
29/11/2023;A;6:00:00;62581
29/11/2023;B;6:00:00;9022
30/11/2023;A;6:00:00;61552
30/11/2023;B;6:00:00;9495
12/01/2023;A;6:00:00;59761
12/01/2023;B;6:00:00;8690
12/02/2023;A;6:00:00;36355
12/02/2023;B;6:00:00;5546
12/03/2023;A;6:00:00;13127
12/03/2023;B;6:00:00;2068
12/04/2023;A;6:00:00;61801
12/04/2023;B;6:00:00;8933
12/05/2023;A;6:00:00;62559
12/05/2023;B;6:00:00;8830
12/06/2023;A;6:00:00;62367
12/06/2023;B;6:00:00;8930
12/07/2023;A;6:00:00;59081
12/07/2023;B;6:00:00;8562
12/08/2023;A;6:00:00;16256
12/08/2023;B;6:00:00;2570
12/09/2023;A;6:00:00;26608
12/09/2023;B;6:00:00;4221
12/10/2023;A;6:00:00;12072
12/10/2023;B;6:00:00;2056
12/11/2023;A;6:00:00;60494
12/11/2023;B;6:00:00;8674
12/12/2023;A;6:00:00;59308
12/12/2023;B;6:00:00;8503
13/12/2023;A;6:00:00;61770
13/12/2023;B;6:00:00;8659
14/12/2023;A;6:00:00;119844
14/12/2023;B;6:00:00;16994
15/12/2023;A;6:00:00;58555
15/12/2023;B;6:00:00;8310
16/12/2023;A;6:00:00;33007
16/12/2023;B;6:00:00;5006
17/12/2023;A;6:00:00;13245
17/12/2023;B;6:00:00;2008
18/12/2023;A;6:00:00;57399
18/12/2023;B;6:00:00;8164
19/12/2023;A;6:00:00;58002
19/12/2023;B;6:00:00;8141
20/12/2023;A;6:00:00;57532
20/12/2023;B;6:00:00;8062
21/12/2023;A;6:00:00;56408
21/12/2023;B;6:00:00;7966
22/12/2023;A;6:00:00;52477
22/12/2023;B;6:00:00;7115
23/12/2023;A;6:00:00;26078
23/12/2023;B;6:00:00;3895
24/12/2023;A;6:00:00;10195
24/12/2023;B;6:00:00;1560
25/12/2023;A;6:00:00;6289
25/12/2023;B;6:00:00;947
26/12/2023;A;6:00:00;43871
26/12/2023;B;6:00:00;6240
27/12/2023;A;6:00:00;46660
27/12/2023;B;6:00:00;6700
28/12/2023;A;6:00:00;44971
28/12/2023;B;6:00:00;6428
29/12/2023;A;6:00:00;40282
29/12/2023;B;6:00:00;5889
30/12/2023;A;6:00:00;20251
30/12/2023;B;6:00:00;3050
31/12/2023;A;6:00:00;8953
31/12/2023;B;6:00:00;1240
1/01/2024;A;6:00:00;5769
1/01/2024;B;6:00:00;826
2/01/2024;A;6:00:00;32741
2/01/2024;B;6:00:00;4742
3/01/2024;A;6:00:00;39065
3/01/2024;B;6:00:00;5433
4/01/2024;A;6:00:00;40270
4/01/2024;B;6:00:00;5677
5/01/2024;A;6:00:00;39832
5/01/2024;B;6:00:00;5736
6/01/2024;A;6:00:00;24509
6/01/2024;B;6:00:00;3684
7/01/2024;A;6:00:00;11106
7/01/2024;B;6:00:00;1735
8/01/2024;A;6:00:00;10588
8/01/2024;B;6:00:00;1615
9/01/2024;A;6:00:00;47886
9/01/2024;B;6:00:00;6724
10/01/2024;A;6:00:00;48572
10/01/2024;B;6:00:00;6848
11/01/2024;A;6:00:00;48858
11/01/2024;B;6:00:00;6939
12/01/2024;A;6:00:00;49164
12/01/2024;B;6:00:00;7019
13/01/2024;A;6:00:00;29272
13/01/2024;B;6:00:00;4476
14/01/2024;A;6:00:00;11170
14/01/2024;B;6:00:00;1607
15/01/2024;A;6:00:00;55477
15/01/2024;B;6:00:00;7961
16/01/2024;A;6:00:00;56628
16/01/2024;B;6:00:00;8055
17/01/2024;A;6:00:00;57611
17/01/2024;B;6:00:00;8167
18/01/2024;A;6:00:00;57882
18/01/2024;B;6:00:00;8212
19/01/2024;A;6:00:00;57394
19/01/2024;B;6:00:00;8198
20/01/2024;A;6:00:00;31616
20/01/2024;B;6:00:00;4885
21/01/2024;A;6:00:00;11171
21/01/2024;B;6:00:00;1748
22/01/2024;A;6:00:00;58494
22/01/2024;B;6:00:00;8473
23/01/2024;A;6:00:00;59184
23/01/2024;B;6:00:00;8712
24/01/2024;A;6:00:00;59951
24/01/2024;B;6:00:00;8526
25/01/2024;A;6:00:00;59091
25/01/2024;B;6:00:00;8671
26/01/2024;A;6:00:00;59105
26/01/2024;B;6:00:00;8621
27/01/2024;A;6:00:00;33979
27/01/2024;B;6:00:00;4871
28/01/2024;A;6:00:00;11267
28/01/2024;B;6:00:00;1737
29/01/2024;A;6:00:00;60748
29/01/2024;B;6:00:00;8797
30/01/2024;A;6:00:00;62206
30/01/2024;B;6:00:00;8898
31/01/2024;A;6:00:00;62373
31/01/2024;B;6:00:00;8402
1/02/2024;A;6:00:00;60850
1/02/2024;B;6:00:00;8817
2/02/2024;A;6:00:00;57742
2/02/2024;B;6:00:00;8429
3/02/2024;A;6:00:00;32541
3/02/2024;B;6:00:00;4837
4/02/2024;A;6:00:00;11639
4/02/2024;B;6:00:00;1603
5/02/2024;A;6:00:00;61420
5/02/2024;B;6:00:00;8836
6/02/2024;A;6:00:00;63059
6/02/2024;B;6:00:00;9072
7/02/2024;A;6:00:00;62500
7/02/2024;B;6:00:00;8701
8/02/2024;A;6:00:00;58791
8/02/2024;B;6:00:00;8533
9/02/2024;A;6:00:00;61362
9/02/2024;B;6:00:00;8656
10/02/2024;A;6:00:00;33968
10/02/2024;B;6:00:00;5130
11/02/2024;A;6:00:00;11297
11/02/2024;B;6:00:00;1711
12/02/2024;A;6:00:00;62205
12/02/2024;B;6:00:00;9090
13/02/2024;A;6:00:00;64028
13/02/2024;B;6:00:00;9036
14/02/2024;A;6:00:00;61630
14/02/2024;B;6:00:00;8993
15/02/2024;A;6:00:00;62427
15/02/2024;B;6:00:00;9060
16/02/2024;A;6:00:00;60851
16/02/2024;B;6:00:00;8656
17/02/2024;A;6:00:00;34118
17/02/2024;B;6:00:00;5102
18/02/2024;A;6:00:00;11917
18/02/2024;B;6:00:00;1822
19/02/2024;A;6:00:00;61638
19/02/2024;B;6:00:00;8993
20/02/2024;A;6:00:00;63833
20/02/2024;B;6:00:00;9092
21/02/2024;A;6:00:00;63443
21/02/2024;B;6:00:00;9137
22/02/2024;A;6:00:00;63821
22/02/2024;B;6:00:00;8990
23/02/2024;A;6:00:00;62850
23/02/2024;B;6:00:00;8980
24/02/2024;A;6:00:00;35830
24/02/2024;B;6:00:00;5326
25/02/2024;A;6:00:00;12379
25/02/2024;B;6:00:00;1853
26/02/2024;A;6:00:00;61780
26/02/2024;B;6:00:00;8996
27/02/2024;A;6:00:00;63585
27/02/2024;B;6:00:00;9186
28/02/2024;A;6:00:00;61911
28/02/2024;B;6:00:00;9115
29/02/2024;A;6:00:00;63508
29/02/2024;B;6:00:00;8925
1/03/2024;A;6:00:00;62172
1/03/2024;B;6:00:00;8956
2/03/2024;A;6:00:00;35115
2/03/2024;B;6:00:00;5166
3/03/2024;A;6:00:00;13892
3/03/2024;B;6:00:00;1747
4/03/2024;A;6:00:00;63163
4/03/2024;B;6:00:00;8800
5/03/2024;A;6:00:00;63495
5/03/2024;B;6:00:00;9166
6/03/2024;A;6:00:00;64189
6/03/2024;B;6:00:00;9293
7/03/2024;A;6:00:00;64336
7/03/2024;B;6:00:00;9092
8/03/2024;A;6:00:00;61718
8/03/2024;B;6:00:00;8872
9/03/2024;A;6:00:00;34777
9/03/2024;B;6:00:00;5165
10/03/2024;A;6:00:00;11904
10/03/2024;B;6:00:00;1754
11/03/2024;A;6:00:00;62541
11/03/2024;B;6:00:00;8930
12/03/2024;A;6:00:00;65174
12/03/2024;B;6:00:00;9234
13/03/2024;A;6:00:00;64168
13/03/2024;B;6:00:00;9248
14/03/2024;A;6:00:00;63992
14/03/2024;B;6:00:00;9060
15/03/2024;A;6:00:00;59920
15/03/2024;B;6:00:00;8723
16/03/2024;A;6:00:00;35776
16/03/2024;B;6:00:00;5356
17/03/2024;A;6:00:00;11966
17/03/2024;B;6:00:00;1782
18/03/2024;A;6:00:00;62696
18/03/2024;B;6:00:00;8907
19/03/2024;A;6:00:00;63728
19/03/2024;B;6:00:00;9181
20/03/2024;A;6:00:00;62846
20/03/2024;B;6:00:00;9112
21/03/2024;A;6:00:00;62745
21/03/2024;B;6:00:00;9131
22/03/2024;A;6:00:00;61078
22/03/2024;B;6:00:00;8873
23/03/2024;A;6:00:00;34476
23/03/2024;B;6:00:00;5038
24/03/2024;A;6:00:00;12674
24/03/2024;B;6:00:00;1872
25/03/2024;A;6:00:00;15135
25/03/2024;B;6:00:00;2308
26/03/2024;A;6:00:00;43187
26/03/2024;B;6:00:00;6105
27/03/2024;A;6:00:00;39613
27/03/2024;B;6:00:00;5692
28/03/2024;A;6:00:00;12712
28/03/2024;B;6:00:00;1738
29/03/2024;A;6:00:00;8200
29/03/2024;B;6:00:00;1188
30/03/2024;A;6:00:00;16155
30/03/2024;B;6:00:00;2492
31/03/2024;A;6:00:00;8875
31/03/2024;B;6:00:00;1253
1/04/2024;A;6:00:00;60940
1/04/2024;B;6:00:00;8583
2/04/2024;A;6:00:00;63485
2/04/2024;B;6:00:00;8974
3/04/2024;A;6:00:00;62492
3/04/2024;B;6:00:00;8985
4/04/2024;A;6:00:00;62554
4/04/2024;B;6:00:00;8933
5/04/2024;A;6:00:00;62084
5/04/2024;B;6:00:00;8847
6/04/2024;A;6:00:00;34682
6/04/2024;B;6:00:00;5326
7/04/2024;A;6:00:00;12035
7/04/2024;B;6:00:00;1767
8/04/2024;A;6:00:00;53939
8/04/2024;B;6:00:00;8116
9/04/2024;A;6:00:00;63333
9/04/2024;B;6:00:00;8914
10/04/2024;A;6:00:00;63263
10/04/2024;B;6:00:00;9314
11/04/2024;A;6:00:00;62162
11/04/2024;B;6:00:00;8883
12/04/2024;A;6:00:00;60751
12/04/2024;B;6:00:00;9208
13/04/2024;A;6:00:00;34587
13/04/2024;B;6:00:00;5189
14/04/2024;A;6:00:00;12072
14/04/2024;B;6:00:00;1871
15/04/2024;A;6:00:00;61450
15/04/2024;B;6:00:00;8951
16/04/2024;A;6:00:00;63351
16/04/2024;B;6:00:00;9068
17/04/2024;A;6:00:00;62793
17/04/2024;B;6:00:00;9124
18/04/2024;A;6:00:00;62496
18/04/2024;B;6:00:00;9151
19/04/2024;A;6:00:00;60955
19/04/2024;B;6:00:00;8661
20/04/2024;A;6:00:00;34382
20/04/2024;B;6:00:00;5304
21/04/2024;A;6:00:00;12648
21/04/2024;B;6:00:00;1847
22/04/2024;A;6:00:00;61710
22/04/2024;B;6:00:00;8921
23/04/2024;A;6:00:00;63130
23/04/2024;B;6:00:00;9071
24/04/2024;A;6:00:00;63119
24/04/2024;B;6:00:00;9313
25/04/2024;A;6:00:00;63412
25/04/2024;B;6:00:00;8961
26/04/2024;A;6:00:00;62208
26/04/2024;B;6:00:00;9143
27/04/2024;A;6:00:00;34942
27/04/2024;B;6:00:00;5244
28/04/2024;A;6:00:00;11704
28/04/2024;B;6:00:00;1758
29/04/2024;A;6:00:00;62250
29/04/2024;B;6:00:00;8872
30/04/2024;A;6:00:00;63348
30/04/2024;B;6:00:00;9222
1/05/2024;A;6:00:00;15408
1/05/2024;B;6:00:00;2311
2/05/2024;A;6:00:00;62036
2/05/2024;B;6:00:00;9129
3/05/2024;A;6:00:00;61986
3/05/2024;B;6:00:00;8899
4/05/2024;A;6:00:00;33223
4/05/2024;B;6:00:00;5080
5/05/2024;A;6:00:00;11653
5/05/2024;B;6:00:00;1710
6/05/2024;A;6:00:00;62145
6/05/2024;B;6:00:00;8870
7/05/2024;A;6:00:00;63805
7/05/2024;B;6:00:00;9478
8/05/2024;A;6:00:00;63254
8/05/2024;B;6:00:00;9307
9/05/2024;A;6:00:00;64162
9/05/2024;B;6:00:00;9613
10/05/2024;A;6:00:00;61642
10/05/2024;B;6:00:00;8960
11/05/2024;A;6:00:00;34703
11/05/2024;B;6:00:00;5320
12/05/2024;A;6:00:00;10480
12/05/2024;B;6:00:00;1517
13/05/2024;A;6:00:00;12327
13/05/2024;B;6:00:00;1735
14/05/2024;A;6:00:00;63284
14/05/2024;B;6:00:00;9427
15/05/2024;A;6:00:00;62143
15/05/2024;B;6:00:00;9077
16/05/2024;A;6:00:00;63554
16/05/2024;B;6:00:00;9073
17/05/2024;A;6:00:00;62409
17/05/2024;B;6:00:00;8978
18/05/2024;A;6:00:00;35381
18/05/2024;B;6:00:00;5371
19/05/2024;A;6:00:00;12491
19/05/2024;B;6:00:00;1850
20/05/2024;A;6:00:00;62866
20/05/2024;B;6:00:00;9083
21/05/2024;A;6:00:00;58045
21/05/2024;B;6:00:00;7987
22/05/2024;A;6:00:00;60729
22/05/2024;B;6:00:00;8149
23/05/2024;A;6:00:00;63416
23/05/2024;B;6:00:00;9386
24/05/2024;A;6:00:00;62253
24/05/2024;B;6:00:00;9094
25/05/2024;A;6:00:00;34830
25/05/2024;B;6:00:00;5230
26/05/2024;A;6:00:00;11874
26/05/2024;B;6:00:00;1776
27/05/2024;A;6:00:00;61506
27/05/2024;B;6:00:00;8903
28/05/2024;A;6:00:00;62738
28/05/2024;B;6:00:00;9254
29/05/2024;A;6:00:00;64679
29/05/2024;B;6:00:00;9300
30/05/2024;A;6:00:00;62205
30/05/2024;B;6:00:00;9004
31/05/2024;A;6:00:00;61018
31/05/2024;B;6:00:00;8909
1/06/2024;A;6:00:00;34400
1/06/2024;B;6:00:00;5121
2/06/2024;A;6:00:00;12050
2/06/2024;B;6:00:00;1770
3/06/2024;A;6:00:00;12140
3/06/2024;B;6:00:00;1849
4/06/2024;A;6:00:00;62876
4/06/2024;B;6:00:00;8803
5/06/2024;A;6:00:00;62245
5/06/2024;B;6:00:00;9129
6/06/2024;A;6:00:00;61860
6/06/2024;B;6:00:00;9118
7/06/2024;A;6:00:00;61430
7/06/2024;B;6:00:00;8968
8/06/2024;A;6:00:00;36296
8/06/2024;B;6:00:00;5264
9/06/2024;A;6:00:00;12172
9/06/2024;B;6:00:00;1875
10/06/2024;A;6:00:00;12165
10/06/2024;B;6:00:00;1839
11/06/2024;A;6:00:00;64940
11/06/2024;B;6:00:00;9331
12/06/2024;A;6:00:00;64125
12/06/2024;B;6:00:00;9065
13/06/2024;A;6:00:00;62468
13/06/2024;B;6:00:00;8838
14/06/2024;A;6:00:00;60674
14/06/2024;B;6:00:00;8738
15/06/2024;A;6:00:00;34381
15/06/2024;B;6:00:00;5247
16/06/2024;A;6:00:00;10440
16/06/2024;B;6:00:00;1540
17/06/2024;A;6:00:00;59125
17/06/2024;B;6:00:00;8399
18/06/2024;A;6:00:00;60744
18/06/2024;B;6:00:00;8655
19/06/2024;A;6:00:00;60966
19/06/2024;B;6:00:00;8766
20/06/2024;A;6:00:00;58970
20/06/2024;B;6:00:00;8707
21/06/2024;A;6:00:00;59516
21/06/2024;B;6:00:00;8695
22/06/2024;A;6:00:00;33111
22/06/2024;B;6:00:00;5066
23/06/2024;A;6:00:00;12036
23/06/2024;B;6:00:00;1719
24/06/2024;A;6:00:00;59797
24/06/2024;B;6:00:00;8496
25/06/2024;A;6:00:00;59648
25/06/2024;B;6:00:00;8659
26/06/2024;A;6:00:00;62796
26/06/2024;B;6:00:00;8895
27/06/2024;A;6:00:00;62100
27/06/2024;B;6:00:00;8641
28/06/2024;A;6:00:00;59798
28/06/2024;B;6:00:00;8263
29/06/2024;A;6:00:00;33924
29/06/2024;B;6:00:00;4877
30/06/2024;A;6:00:00;12376
30/06/2024;B;6:00:00;1945
1/07/2024;A;6:00:00;11930
1/07/2024;B;6:00:00;1813
2/07/2024;A;6:00:00;62289
2/07/2024;B;6:00:00;8725
3/07/2024;A;6:00:00;61024
3/07/2024;B;6:00:00;8451
4/07/2024;A;6:00:00;61547
4/07/2024;B;6:00:00;8607
5/07/2024;A;6:00:00;59781
5/07/2024;B;6:00:00;8537
6/07/2024;A;6:00:00;35204
6/07/2024;B;6:00:00;5123
7/07/2024;A;6:00:00;12402
7/07/2024;B;6:00:00;1766
8/07/2024;A;6:00:00;63682
8/07/2024;B;6:00:00;9080
9/07/2024;A;6:00:00;62765
9/07/2024;B;6:00:00;9275
10/07/2024;A;6:00:00;63803
10/07/2024;B;6:00:00;9067
11/07/2024;A;6:00:00;63579
11/07/2024;B;6:00:00;8818
12/07/2024;A;6:00:00;63007
12/07/2024;B;6:00:00;8654
13/07/2024;A;6:00:00;36204
13/07/2024;B;6:00:00;5244
14/07/2024;A;6:00:00;12463
14/07/2024;B;6:00:00;1923
15/07/2024;A;6:00:00;56325
15/07/2024;B;6:00:00;8057
16/07/2024;A;6:00:00;64005
16/07/2024;B;6:00:00;8919
17/07/2024;A;6:00:00;63780
17/07/2024;B;6:00:00;8901
18/07/2024;A;6:00:00;63438
18/07/2024;B;6:00:00;9020
19/07/2024;A;6:00:00;59411
19/07/2024;B;6:00:00;8676
20/07/2024;A;6:00:00;18943
20/07/2024;B;6:00:00;2826
21/07/2024;A;6:00:00;11076
21/07/2024;B;6:00:00;1626
22/07/2024;A;6:00:00;60581
22/07/2024;B;6:00:00;8864
23/07/2024;A;6:00:00;62251
23/07/2024;B;6:00:00;8805
24/07/2024;A;6:00:00;61530
24/07/2024;B;6:00:00;8727
25/07/2024;A;6:00:00;60565
25/07/2024;B;6:00:00;8808
26/07/2024;A;6:00:00;60346
26/07/2024;B;6:00:00;8702
27/07/2024;A;6:00:00;34082
27/07/2024;B;6:00:00;5448
28/07/2024;A;6:00:00;12280
28/07/2024;B;6:00:00;1743
29/07/2024;A;6:00:00;61056
29/07/2024;B;6:00:00;8786
30/07/2024;A;6:00:00;63146
30/07/2024;B;6:00:00;8983
31/07/2024;A;6:00:00;61505
31/07/2024;B;6:00:00;9008
1/08/2024;A;6:00:00;62527
1/08/2024;B;6:00:00;9050
2/08/2024;A;6:00:00;60487
2/08/2024;B;6:00:00;8924
3/08/2024;A;6:00:00;34640
3/08/2024;B;6:00:00;5283
4/08/2024;A;6:00:00;12422
4/08/2024;B;6:00:00;1875
5/08/2024;A;6:00:00;59696
5/08/2024;B;6:00:00;8758
6/08/2024;A;6:00:00;64099
6/08/2024;B;6:00:00;9113
7/08/2024;A;6:00:00;17707
7/08/2024;B;6:00:00;2652
8/08/2024;A;6:00:00;64673
8/08/2024;B;6:00:00;9536
9/08/2024;A;6:00:00;62089
9/08/2024;B;6:00:00;9035
10/08/2024;A;6:00:00;34418
10/08/2024;B;6:00:00;5316
11/08/2024;A;6:00:00;11901
11/08/2024;B;6:00:00;1764
12/08/2024;A;6:00:00;63484
12/08/2024;B;6:00:00;9144
13/08/2024;A;6:00:00;64527
13/08/2024;B;6:00:00;9329
14/08/2024;A;6:00:00;63888
14/08/2024;B;6:00:00;9540
15/08/2024;A;6:00:00;63955
15/08/2024;B;6:00:00;8993
16/08/2024;A;6:00:00;60553
16/08/2024;B;6:00:00;8986
17/08/2024;A;6:00:00;34658
17/08/2024;B;6:00:00;5208
18/08/2024;A;6:00:00;14254
18/08/2024;B;6:00:00;2058
19/08/2024;A;6:00:00;13305
19/08/2024;B;6:00:00;1987
20/08/2024;A;6:00:00;64069
20/08/2024;B;6:00:00;9524
21/08/2024;A;6:00:00;64659
21/08/2024;B;6:00:00;9323
22/08/2024;A;6:00:00;63988
22/08/2024;B;6:00:00;9109
23/08/2024;A;6:00:00;62985
23/08/2024;B;6:00:00;9187
24/08/2024;A;6:00:00;35749
24/08/2024;B;6:00:00;5207
25/08/2024;A;6:00:00;14319
25/08/2024;B;6:00:00;2074
26/08/2024;A;6:00:00;64371
26/08/2024;B;6:00:00;10211
27/08/2024;A;6:00:00;65203
27/08/2024;B;6:00:00;10466
28/08/2024;A;6:00:00;64349
28/08/2024;B;6:00:00;10304
29/08/2024;A;6:00:00;64237
29/08/2024;B;6:00:00;10134
30/08/2024;A;6:00:00;63211
30/08/2024;B;6:00:00;10073
31/08/2024;A;6:00:00;35747
31/08/2024;B;6:00:00;6170
1/09/2024;A;6:00:00;12835
1/09/2024;B;6:00:00;2137
2/09/2024;A;6:00:00;62316
2/09/2024;B;6:00:00;9091
3/09/2024;A;6:00:00;65564
3/09/2024;B;6:00:00;9199
4/09/2024;A;6:00:00;63237
4/09/2024;B;6:00:00;9138
5/09/2024;A;6:00:00;64044
5/09/2024;B;6:00:00;9078
6/09/2024;A;6:00:00;59064
6/09/2024;B;6:00:00;8443
7/09/2024;A;6:00:00;34613
7/09/2024;B;6:00:00;5088
8/09/2024;A;6:00:00;12558
8/09/2024;B;6:00:00;1898
9/09/2024;A;6:00:00;64752
9/09/2024;B;6:00:00;9238
10/09/2024;A;6:00:00;65000
10/09/2024;B;6:00:00;9230
11/09/2024;A;6:00:00;65226
11/09/2024;B;6:00:00;9515
12/09/2024;A;6:00:00;64773
12/09/2024;B;6:00:00;9166
13/09/2024;A;6:00:00;62168
13/09/2024;B;6:00:00;9186
14/09/2024;A;6:00:00;35272
14/09/2024;B;6:00:00;5358
15/09/2024;A;6:00:00;12471
15/09/2024;B;6:00:00;1854
16/09/2024;A;6:00:00;62943
16/09/2024;B;6:00:00;8854
17/09/2024;A;6:00:00;63677
17/09/2024;B;6:00:00;9386
18/09/2024;A;6:00:00;64586
18/09/2024;B;6:00:00;9196
19/09/2024;A;6:00:00;63927
19/09/2024;B;6:00:00;9089
20/09/2024;A;6:00:00;62832
20/09/2024;B;6:00:00;8830
21/09/2024;A;6:00:00;35328
21/09/2024;B;6:00:00;5265
22/09/2024;A;6:00:00;12172
22/09/2024;B;6:00:00;1723
23/09/2024;A;6:00:00;62278
23/09/2024;B;6:00:00;8851
24/09/2024;A;6:00:00;64926
24/09/2024;B;6:00:00;9235
25/09/2024;A;6:00:00;64196
25/09/2024;B;6:00:00;9207
26/09/2024;A;6:00:00;63885
26/09/2024;B;6:00:00;8957
27/09/2024;A;6:00:00;61244
27/09/2024;B;6:00:00;8783
28/09/2024;A;6:00:00;35255
28/09/2024;B;6:00:00;5203
29/09/2024;A;6:00:00;14217
29/09/2024;B;6:00:00;2033
30/09/2024;A;6:00:00;63059
30/09/2024;B;6:00:00;8986
1/10/2024;A;6:00:00;63707
1/10/2024;B;6:00:00;9083
2/10/2024;A;6:00:00;63894
2/10/2024;B;6:00:00;9028
3/10/2024;A;6:00:00;63951
3/10/2024;B;6:00:00;8809
4/10/2024;A;6:00:00;60626
4/10/2024;B;6:00:00;8512
5/10/2024;A;6:00:00;35618
5/10/2024;B;6:00:00;5274
6/10/2024;A;6:00:00;12821
6/10/2024;B;6:00:00;1853
7/10/2024;A;6:00:00;62307
7/10/2024;B;6:00:00;8572
8/10/2024;A;6:00:00;63691
8/10/2024;B;6:00:00;8614
9/10/2024;A;6:00:00;63382
9/10/2024;B;6:00:00;8990
10/10/2024;A;6:00:00;61195
10/10/2024;B;6:00:00;8747
11/10/2024;A;6:00:00;60234
11/10/2024;B;6:00:00;8600
12/10/2024;A;6:00:00;34084
12/10/2024;B;6:00:00;5041
13/10/2024;A;6:00:00;12884
13/10/2024;B;6:00:00;1883
14/10/2024;A;6:00:00;12540
14/10/2024;B;6:00:00;1941
15/10/2024;A;6:00:00;64328
15/10/2024;B;6:00:00;9245
16/10/2024;A;6:00:00;64573
16/10/2024;B;6:00:00;9320
17/10/2024;A;6:00:00;63147
17/10/2024;B;6:00:00;9203
18/10/2024;A;6:00:00;63255
18/10/2024;B;6:00:00;9309
19/10/2024;A;6:00:00;34998
19/10/2024;B;6:00:00;5377
20/10/2024;A;6:00:00;12983
20/10/2024;B;6:00:00;1915
21/10/2024;A;6:00:00;63570
21/10/2024;B;6:00:00;9115
22/10/2024;A;6:00:00;59524
22/10/2024;B;6:00:00;8301
23/10/2024;A;6:00:00;63958
23/10/2024;B;6:00:00;9178
24/10/2024;A;6:00:00;63824
24/10/2024;B;6:00:00;9208
25/10/2024;A;6:00:00;63192
25/10/2024;B;6:00:00;9173
26/10/2024;A;6:00:00;35247
26/10/2024;B;6:00:00;5412
27/10/2024;A;6:00:00;13031
27/10/2024;B;6:00:00;1928
28/10/2024;A;6:00:00;63643
28/10/2024;B;6:00:00;9076
29/10/2024;A;6:00:00;64955
29/10/2024;B;6:00:00;9305
30/10/2024;A;6:00:00;65442
30/10/2024;B;6:00:00;9409
31/10/2024;A;6:00:00;63582
31/10/2024;B;6:00:00;9289
1/01/2019;A;7:00:00;4893
2/01/2019;A;7:00:00;32465
3/01/2019;A;7:00:00;36766
4/01/2019;A;7:00:00;36600
5/01/2019;A;7:00:00;25687
6/01/2019;A;7:00:00;11516
7/01/2019;A;7:00:00;9103
8/01/2019;A;7:00:00;42732
9/01/2019;A;7:00:00;43337
10/01/2019;A;7:00:00;43589
11/01/2019;A;7:00:00;44086
12/01/2019;A;7:00:00;29872
13/01/2019;A;7:00:00;10578
14/01/2019;A;7:00:00;47219
15/01/2019;A;7:00:00;48488
16/01/2019;A;7:00:00;48320
17/01/2019;A;7:00:00;48543
18/01/2019;A;7:00:00;49009
19/01/2019;A;7:00:00;33077
20/01/2019;A;7:00:00;11800
21/01/2019;A;7:00:00;51267
22/01/2019;A;7:00:00;52205
23/01/2019;A;7:00:00;51213
24/01/2019;A;7:00:00;50426
25/01/2019;A;7:00:00;50192
26/01/2019;A;7:00:00;35907
27/01/2019;A;7:00:00;11891
28/01/2019;A;7:00:00;52629
29/01/2019;A;7:00:00;51928
30/01/2019;A;7:00:00;52483
31/01/2019;A;7:00:00;52129
1/02/2019;A;7:00:00;52012
2/02/2019;A;7:00:00;35817
3/02/2019;A;7:00:00;12104
4/02/2019;A;7:00:00;54695
5/02/2019;A;7:00:00;55344
6/02/2019;A;7:00:00;54594
7/02/2019;A;7:00:00;54731
8/02/2019;A;7:00:00;53382
9/02/2019;A;7:00:00;37061
10/02/2019;A;7:00:00;11491
11/02/2019;A;7:00:00;54913
12/02/2019;A;7:00:00;58737
13/02/2019;A;7:00:00;55166
14/02/2019;A;7:00:00;56329
15/02/2019;A;7:00:00;51749
16/02/2019;A;7:00:00;15066
17/02/2019;A;7:00:00;12827
18/02/2019;A;7:00:00;58273
19/02/2019;A;7:00:00;59526
20/02/2019;A;7:00:00;59027
21/02/2019;A;7:00:00;56953
22/02/2019;A;7:00:00;56801
23/02/2019;A;7:00:00;40374
24/02/2019;A;7:00:00;11691
25/02/2019;A;7:00:00;57630
26/02/2019;A;7:00:00;57398
27/02/2019;A;7:00:00;58226
28/02/2019;A;7:00:00;58596
1/03/2019;A;7:00:00;56519
2/03/2019;A;7:00:00;41390
3/03/2019;A;7:00:00;12410
4/03/2019;A;7:00:00;59514
5/03/2019;A;7:00:00;57233
6/03/2019;A;7:00:00;60399
7/03/2019;A;7:00:00;57593
8/03/2019;A;7:00:00;58169
9/03/2019;A;7:00:00;41011
10/03/2019;A;7:00:00;12084
11/03/2019;A;7:00:00;55201
12/03/2019;A;7:00:00;56947
13/03/2019;A;7:00:00;1351
14/03/2019;A;7:00:00;54449
15/03/2019;A;7:00:00;55822
16/03/2019;A;7:00:00;40773
17/03/2019;A;7:00:00;12244
18/03/2019;A;7:00:00;57601
19/03/2019;A;7:00:00;56258
20/03/2019;A;7:00:00;58657
21/03/2019;A;7:00:00;55661
22/03/2019;A;7:00:00;54866
23/03/2019;A;7:00:00;38799
24/03/2019;A;7:00:00;12591
25/03/2019;A;7:00:00;10425
26/03/2019;A;7:00:00;57490
27/03/2019;A;7:00:00;56501
28/03/2019;A;7:00:00;56815
29/03/2019;A;7:00:00;58798
30/03/2019;A;7:00:00;45070
31/03/2019;A;7:00:00;12551
1/04/2019;A;7:00:00;57647
2/04/2019;A;7:00:00;61094
3/04/2019;A;7:00:00;57674
4/04/2019;A;7:00:00;57355
5/04/2019;A;7:00:00;57852
6/04/2019;A;7:00:00;41416
7/04/2019;A;7:00:00;12640
8/04/2019;A;7:00:00;55465
9/04/2019;A;7:00:00;55626
10/04/2019;A;7:00:00;55691
11/04/2019;A;7:00:00;54978
12/04/2019;A;7:00:00;54085
13/04/2019;A;7:00:00;38764
14/04/2019;A;7:00:00;12229
15/04/2019;A;7:00:00;44495
16/04/2019;A;7:00:00;43103
17/04/2019;A;7:00:00;41415
18/04/2019;A;7:00:00;11588
19/04/2019;A;7:00:00;7704
20/04/2019;A;7:00:00;17173
21/04/2019;A;7:00:00;8755
22/04/2019;A;7:00:00;54009
23/04/2019;A;7:00:00;60274
24/04/2019;A;7:00:00;54584
25/04/2019;A;7:00:00;12023
26/04/2019;A;7:00:00;73
27/04/2019;A;7:00:00;62491
28/04/2019;A;7:00:00;12927
29/04/2019;A;7:00:00;54884
30/04/2019;A;7:00:00;54768
1/05/2019;A;7:00:00;13818
2/05/2019;A;7:00:00;55115
3/05/2019;A;7:00:00;54589
4/05/2019;A;7:00:00;38983
5/05/2019;A;7:00:00;12624
6/05/2019;A;7:00:00;54768
7/05/2019;A;7:00:00;55831
8/05/2019;A;7:00:00;56543
9/05/2019;A;7:00:00;56107
10/05/2019;A;7:00:00;57531
11/05/2019;A;7:00:00;39712
12/05/2019;A;7:00:00;10269
13/05/2019;A;7:00:00;53162
14/05/2019;A;7:00:00;56226
15/05/2019;A;7:00:00;55127
16/05/2019;A;7:00:00;55441
17/05/2019;A;7:00:00;51370
18/05/2019;A;7:00:00;38229
19/05/2019;A;7:00:00;12622
20/05/2019;A;7:00:00;54623
21/05/2019;A;7:00:00;56211
22/05/2019;A;7:00:00;56131
23/05/2019;A;7:00:00;54589
24/05/2019;A;7:00:00;54105
25/05/2019;A;7:00:00;39300
26/05/2019;A;7:00:00;12528
27/05/2019;A;7:00:00;57850
28/05/2019;A;7:00:00;55385
29/05/2019;A;7:00:00;55697
30/05/2019;A;7:00:00;55228
31/05/2019;A;7:00:00;53332
1/06/2019;A;7:00:00;38256
2/06/2019;A;7:00:00;12706
3/06/2019;A;7:00:00;10721
4/06/2019;A;7:00:00;58162
5/06/2019;A;7:00:00;54726
6/06/2019;A;7:00:00;56172
7/06/2019;A;7:00:00;55433
8/06/2019;A;7:00:00;38825
9/06/2019;A;7:00:00;12985
10/06/2019;A;7:00:00;55227
11/06/2019;A;7:00:00;53809
12/06/2019;A;7:00:00;56442
13/06/2019;A;7:00:00;53469
14/06/2019;A;7:00:00;54891
15/06/2019;A;7:00:00;40096
16/06/2019;A;7:00:00;11254
17/06/2019;A;7:00:00;54481
18/06/2019;A;7:00:00;54347
19/06/2019;A;7:00:00;53509
20/06/2019;A;7:00:00;53319
21/06/2019;A;7:00:00;53561
22/06/2019;A;7:00:00;37617
23/06/2019;A;7:00:00;14234
24/06/2019;A;7:00:00;11030
25/06/2019;A;7:00:00;52496
26/06/2019;A;7:00:00;51336
27/06/2019;A;7:00:00;50585
28/06/2019;A;7:00:00;49906
29/06/2019;A;7:00:00;34277
30/06/2019;A;7:00:00;15284
1/07/2019;A;7:00:00;11279
2/07/2019;A;7:00:00;52428
3/07/2019;A;7:00:00;52146
4/07/2019;A;7:00:00;45032
5/07/2019;A;7:00:00;51508
6/07/2019;A;7:00:00;37064
7/07/2019;A;7:00:00;13058
8/07/2019;A;7:00:00;51357
9/07/2019;A;7:00:00;53210
10/07/2019;A;7:00:00;55970
11/07/2019;A;7:00:00;54921
12/07/2019;A;7:00:00;54807
13/07/2019;A;7:00:00;37870
14/07/2019;A;7:00:00;12870
15/07/2019;A;7:00:00;55281
16/07/2019;A;7:00:00;55704
17/07/2019;A;7:00:00;56283
18/07/2019;A;7:00:00;55489
19/07/2019;A;7:00:00;56012
20/07/2019;A;7:00:00;19598
21/07/2019;A;7:00:00;11960
22/07/2019;A;7:00:00;56631
23/07/2019;A;7:00:00;58329
24/07/2019;A;7:00:00;58056
25/07/2019;A;7:00:00;58096
26/07/2019;A;7:00:00;56489
27/07/2019;A;7:00:00;41238
28/07/2019;A;7:00:00;12427
29/07/2019;A;7:00:00;57271
30/07/2019;A;7:00:00;59759
31/07/2019;A;7:00:00;54180
1/08/2019;A;7:00:00;57457
2/08/2019;A;7:00:00;57659
3/08/2019;A;7:00:00;40484
4/08/2019;A;7:00:00;13481
5/08/2019;A;7:00:00;60210
6/08/2019;A;7:00:00;59997
7/08/2019;A;7:00:00;15206
8/08/2019;A;7:00:00;59939
9/08/2019;A;7:00:00;57854
10/08/2019;A;7:00:00;41277
11/08/2019;A;7:00:00;13073
12/08/2019;A;7:00:00;60418
13/08/2019;A;7:00:00;58999
14/08/2019;A;7:00:00;58548
15/08/2019;A;7:00:00;58752
16/08/2019;A;7:00:00;56432
17/08/2019;A;7:00:00;39325
18/08/2019;A;7:00:00;13191
19/08/2019;A;7:00:00;10828
20/08/2019;A;7:00:00;61322
21/08/2019;A;7:00:00;58797
22/08/2019;A;7:00:00;57346
23/08/2019;A;7:00:00;57069
24/08/2019;A;7:00:00;41050
25/08/2019;A;7:00:00;14596
26/08/2019;A;7:00:00;56822
27/08/2019;A;7:00:00;57827
28/08/2019;A;7:00:00;57433
29/08/2019;A;7:00:00;57345
30/08/2019;A;7:00:00;57055
31/08/2019;A;7:00:00;41034
1/09/2019;A;7:00:00;13371
2/09/2019;A;7:00:00;59046
3/09/2019;A;7:00:00;57857
4/09/2019;A;7:00:00;58836
5/09/2019;A;7:00:00;14268
6/09/2019;A;7:00:00;60831
7/09/2019;A;7:00:00;40566
8/09/2019;A;7:00:00;15312
9/09/2019;A;7:00:00;57519
10/09/2019;A;7:00:00;58901
11/09/2019;A;7:00:00;58094
12/09/2019;A;7:00:00;58193
13/09/2019;A;7:00:00;59685
14/09/2019;A;7:00:00;40839
15/09/2019;A;7:00:00;12624
16/09/2019;A;7:00:00;58311
17/09/2019;A;7:00:00;59184
18/09/2019;A;7:00:00;57640
19/09/2019;A;7:00:00;59290
20/09/2019;A;7:00:00;57279
21/09/2019;A;7:00:00;40534
22/09/2019;A;7:00:00;12084
23/09/2019;A;7:00:00;60975
24/09/2019;A;7:00:00;60169
25/09/2019;A;7:00:00;59804
26/09/2019;A;7:00:00;59608
27/09/2019;A;7:00:00;58029
28/09/2019;A;7:00:00;40992
29/09/2019;A;7:00:00;12787
30/09/2019;A;7:00:00;56954
1/10/2019;A;7:00:00;60487
2/10/2019;A;7:00:00;59560
3/10/2019;A;7:00:00;58701
4/10/2019;A;7:00:00;58448
5/10/2019;A;7:00:00;42652
6/10/2019;A;7:00:00;13295
7/10/2019;A;7:00:00;59172
8/10/2019;A;7:00:00;59883
9/10/2019;A;7:00:00;59221
10/10/2019;A;7:00:00;57052
11/10/2019;A;7:00:00;57681
12/10/2019;A;7:00:00;39838
13/10/2019;A;7:00:00;12910
14/10/2019;A;7:00:00;10604
15/10/2019;A;7:00:00;59806
16/10/2019;A;7:00:00;58284
17/10/2019;A;7:00:00;59705
18/10/2019;A;7:00:00;58340
19/10/2019;A;7:00:00;
20/10/2019;A;7:00:00;13670
21/10/2019;A;7:00:00;58142
22/10/2019;A;7:00:00;59103
23/10/2019;A;7:00:00;58932
24/10/2019;A;7:00:00;59375
25/10/2019;A;7:00:00;58176
26/10/2019;A;7:00:00;41186
27/10/2019;A;7:00:00;269
28/10/2019;A;7:00:00;56728
29/10/2019;A;7:00:00;59126
30/10/2019;A;7:00:00;58900
31/10/2019;A;7:00:00;56283
1/11/2019;A;7:00:00;56528
2/11/2019;A;7:00:00;39550
3/11/2019;A;7:00:00;12678
4/11/2019;A;7:00:00;11487
5/11/2019;A;7:00:00;60903
6/11/2019;A;7:00:00;59057
7/11/2019;A;7:00:00;58829
8/11/2019;A;7:00:00;56206
9/11/2019;A;7:00:00;40662
10/11/2019;A;7:00:00;13528
11/11/2019;A;7:00:00;11405
12/11/2019;A;7:00:00;61533
13/11/2019;A;7:00:00;58787
14/11/2019;A;7:00:00;57749
15/11/2019;A;7:00:00;59122
16/11/2019;A;7:00:00;43065
17/11/2019;A;7:00:00;13962
18/11/2019;A;7:00:00;58384
19/11/2019;A;7:00:00;59737
20/11/2019;A;7:00:00;58473
21/11/2019;A;7:00:00;16122
22/11/2019;A;7:00:00;55220
23/11/2019;A;7:00:00;39909
24/11/2019;A;7:00:00;15207
25/11/2019;A;7:00:00;57742
26/11/2019;A;7:00:00;58639
27/11/2019;A;7:00:00;51753
28/11/2019;A;7:00:00;57013
29/11/2019;A;7:00:00;57004
30/11/2019;A;7:00:00;42209
1/12/2019;A;7:00:00;13804
2/12/2019;A;7:00:00;56693
3/12/2019;A;7:00:00;58685
4/12/2019;A;7:00:00;56377
5/12/2019;A;7:00:00;57106
6/12/2019;A;7:00:00;57132
7/12/2019;A;7:00:00;39355
8/12/2019;A;7:00:00;12230
9/12/2019;A;7:00:00;57059
10/12/2019;A;7:00:00;56658
11/12/2019;A;7:00:00;56430
12/12/2019;A;7:00:00;55950
13/12/2019;A;7:00:00;56561
14/12/2019;A;7:00:00;39493
15/12/2019;A;7:00:00;14886
16/12/2019;A;7:00:00;57335
17/12/2019;A;7:00:00;53178
18/12/2019;A;7:00:00;53404
19/12/2019;A;7:00:00;53469
20/12/2019;A;7:00:00;53349
21/12/2019;A;7:00:00;37074
22/12/2019;A;7:00:00;14799
23/12/2019;A;7:00:00;46242
24/12/2019;A;7:00:00;33497
25/12/2019;A;7:00:00;5754
26/12/2019;A;7:00:00;42444
27/12/2019;A;7:00:00;43407
28/12/2019;A;7:00:00;30785
29/12/2019;A;7:00:00;12336
30/12/2019;A;7:00:00;37806
31/12/2019;A;7:00:00;21679
1/01/2019;B;7:00:00;682
2/01/2019;B;7:00:00;5091
3/01/2019;B;7:00:00;5856
4/01/2019;B;7:00:00;5801
5/01/2019;B;7:00:00;4124
6/01/2019;B;7:00:00;1973
7/01/2019;B;7:00:00;1604
8/01/2019;B;7:00:00;6930
9/01/2019;B;7:00:00;7018
10/01/2019;B;7:00:00;7004
11/01/2019;B;7:00:00;7048
12/01/2019;B;7:00:00;4822
13/01/2019;B;7:00:00;1772
14/01/2019;B;7:00:00;8306
15/01/2019;B;7:00:00;7849
16/01/2019;B;7:00:00;7940
17/01/2019;B;7:00:00;7791
18/01/2019;B;7:00:00;8052
19/01/2019;B;7:00:00;5674
20/01/2019;B;7:00:00;2073
21/01/2019;B;7:00:00;8269
22/01/2019;B;7:00:00;8290
23/01/2019;B;7:00:00;8350
24/01/2019;B;7:00:00;8418
25/01/2019;B;7:00:00;8225
26/01/2019;B;7:00:00;5602
27/01/2019;B;7:00:00;1998
28/01/2019;B;7:00:00;8416
29/01/2019;B;7:00:00;8491
30/01/2019;B;7:00:00;8666
31/01/2019;B;7:00:00;8419
1/02/2019;B;7:00:00;8423
2/02/2019;B;7:00:00;6122
3/02/2019;B;7:00:00;2177
4/02/2019;B;7:00:00;8639
5/02/2019;B;7:00:00;8884
6/02/2019;B;7:00:00;8818
7/02/2019;B;7:00:00;8966
8/02/2019;B;7:00:00;8792
9/02/2019;B;7:00:00;6148
10/02/2019;B;7:00:00;1950
11/02/2019;B;7:00:00;8839
12/02/2019;B;7:00:00;9652
13/02/2019;B;7:00:00;9096
14/02/2019;B;7:00:00;9050
15/02/2019;B;7:00:00;8648
16/02/2019;B;7:00:00;2532
17/02/2019;B;7:00:00;2167
18/02/2019;B;7:00:00;9389
19/02/2019;B;7:00:00;9716
20/02/2019;B;7:00:00;9384
21/02/2019;B;7:00:00;9728
22/02/2019;B;7:00:00;9716
23/02/2019;B;7:00:00;6720
24/02/2019;B;7:00:00;2023
25/02/2019;B;7:00:00;9595
26/02/2019;B;7:00:00;9694
27/02/2019;B;7:00:00;9672
28/02/2019;B;7:00:00;9569
1/03/2019;B;7:00:00;9418
2/03/2019;B;7:00:00;6731
3/03/2019;B;7:00:00;2145
4/03/2019;B;7:00:00;9414
5/03/2019;B;7:00:00;9647
6/03/2019;B;7:00:00;9862
7/03/2019;B;7:00:00;9569
8/03/2019;B;7:00:00;9711
9/03/2019;B;7:00:00;6795
10/03/2019;B;7:00:00;2066
11/03/2019;B;7:00:00;9476
12/03/2019;B;7:00:00;9436
13/03/2019;B;7:00:00;670
14/03/2019;B;7:00:00;9301
15/03/2019;B;7:00:00;9439
16/03/2019;B;7:00:00;6913
17/03/2019;B;7:00:00;2011
18/03/2019;B;7:00:00;9590
19/03/2019;B;7:00:00;9639
20/03/2019;B;7:00:00;9569
21/03/2019;B;7:00:00;9316
22/03/2019;B;7:00:00;9158
23/03/2019;B;7:00:00;6443
24/03/2019;B;7:00:00;2207
25/03/2019;B;7:00:00;1957
26/03/2019;B;7:00:00;9288
27/03/2019;B;7:00:00;9223
28/03/2019;B;7:00:00;9320
29/03/2019;B;7:00:00;9686
30/03/2019;B;7:00:00;6960
31/03/2019;B;7:00:00;2216
1/04/2019;B;7:00:00;9489
2/04/2019;B;7:00:00;10232
3/04/2019;B;7:00:00;9624
4/04/2019;B;7:00:00;9372
5/04/2019;B;7:00:00;9402
6/04/2019;B;7:00:00;6753
7/04/2019;B;7:00:00;2086
8/04/2019;B;7:00:00;9007
9/04/2019;B;7:00:00;9016
10/04/2019;B;7:00:00;9113
11/04/2019;B;7:00:00;8871
12/04/2019;B;7:00:00;8804
13/04/2019;B;7:00:00;6223
14/04/2019;B;7:00:00;2050
15/04/2019;B;7:00:00;8226
16/04/2019;B;7:00:00;7961
17/04/2019;B;7:00:00;7331
18/04/2019;B;7:00:00;2087
19/04/2019;B;7:00:00;1450
20/04/2019;B;7:00:00;3409
21/04/2019;B;7:00:00;1463
22/04/2019;B;7:00:00;8711
23/04/2019;B;7:00:00;10144
24/04/2019;B;7:00:00;8843
25/04/2019;B;7:00:00;1718
26/04/2019;B;7:00:00;37
27/04/2019;B;7:00:00;9994
28/04/2019;B;7:00:00;2120
29/04/2019;B;7:00:00;8941
30/04/2019;B;7:00:00;9206
1/05/2019;B;7:00:00;2379
2/05/2019;B;7:00:00;8997
3/05/2019;B;7:00:00;8776
4/05/2019;B;7:00:00;6431
5/05/2019;B;7:00:00;2163
6/05/2019;B;7:00:00;8841
7/05/2019;B;7:00:00;8904
8/05/2019;B;7:00:00;9208
9/05/2019;B;7:00:00;8932
10/05/2019;B;7:00:00;9072
11/05/2019;B;7:00:00;6226
12/05/2019;B;7:00:00;1788
13/05/2019;B;7:00:00;8408
14/05/2019;B;7:00:00;8930
15/05/2019;B;7:00:00;8855
16/05/2019;B;7:00:00;8751
17/05/2019;B;7:00:00;8843
18/05/2019;B;7:00:00;6273
19/05/2019;B;7:00:00;2085
20/05/2019;B;7:00:00;8666
21/05/2019;B;7:00:00;8918
22/05/2019;B;7:00:00;8830
23/05/2019;B;7:00:00;9033
24/05/2019;B;7:00:00;8754
25/05/2019;B;7:00:00;6291
26/05/2019;B;7:00:00;2145
27/05/2019;B;7:00:00;8561
28/05/2019;B;7:00:00;8752
29/05/2019;B;7:00:00;8602
30/05/2019;B;7:00:00;8832
31/05/2019;B;7:00:00;8539
1/06/2019;B;7:00:00;5922
2/06/2019;B;7:00:00;2167
3/06/2019;B;7:00:00;1822
4/06/2019;B;7:00:00;9303
5/06/2019;B;7:00:00;8747
6/06/2019;B;7:00:00;9098
7/06/2019;B;7:00:00;8786
8/06/2019;B;7:00:00;6161
9/06/2019;B;7:00:00;2046
10/06/2019;B;7:00:00;8581
11/06/2019;B;7:00:00;8646
12/06/2019;B;7:00:00;8622
13/06/2019;B;7:00:00;8588
14/06/2019;B;7:00:00;8520
15/06/2019;B;7:00:00;6141
16/06/2019;B;7:00:00;1797
17/06/2019;B;7:00:00;8026
18/06/2019;B;7:00:00;8518
19/06/2019;B;7:00:00;8485
20/06/2019;B;7:00:00;8442
21/06/2019;B;7:00:00;8472
22/06/2019;B;7:00:00;5892
23/06/2019;B;7:00:00;2699
24/06/2019;B;7:00:00;2078
25/06/2019;B;7:00:00;7996
26/06/2019;B;7:00:00;8119
27/06/2019;B;7:00:00;8121
28/06/2019;B;7:00:00;7957
29/06/2019;B;7:00:00;5573
30/06/2019;B;7:00:00;2823
1/07/2019;B;7:00:00;1910
2/07/2019;B;7:00:00;8382
3/07/2019;B;7:00:00;8438
4/07/2019;B;7:00:00;7156
5/07/2019;B;7:00:00;8201
6/07/2019;B;7:00:00;6094
7/07/2019;B;7:00:00;2286
8/07/2019;B;7:00:00;8227
9/07/2019;B;7:00:00;8477
10/07/2019;B;7:00:00;9072
11/07/2019;B;7:00:00;8780
12/07/2019;B;7:00:00;8728
13/07/2019;B;7:00:00;6118
14/07/2019;B;7:00:00;2177
15/07/2019;B;7:00:00;8722
16/07/2019;B;7:00:00;8716
17/07/2019;B;7:00:00;8842
18/07/2019;B;7:00:00;8844
19/07/2019;B;7:00:00;8667
20/07/2019;B;7:00:00;3348
21/07/2019;B;7:00:00;2185
22/07/2019;B;7:00:00;8951
23/07/2019;B;7:00:00;8909
24/07/2019;B;7:00:00;9163
25/07/2019;B;7:00:00;8921
26/07/2019;B;7:00:00;8894
27/07/2019;B;7:00:00;6412
28/07/2019;B;7:00:00;2150
29/07/2019;B;7:00:00;8907
30/07/2019;B;7:00:00;9059
31/07/2019;B;7:00:00;9246
1/08/2019;B;7:00:00;9220
2/08/2019;B;7:00:00;8859
3/08/2019;B;7:00:00;6451
4/08/2019;B;7:00:00;2263
5/08/2019;B;7:00:00;9121
6/08/2019;B;7:00:00;9261
7/08/2019;B;7:00:00;2598
8/08/2019;B;7:00:00;9298
9/08/2019;B;7:00:00;9232
10/08/2019;B;7:00:00;6664
11/08/2019;B;7:00:00;2253
12/08/2019;B;7:00:00;9115
13/08/2019;B;7:00:00;9210
14/08/2019;B;7:00:00;9545
15/08/2019;B;7:00:00;9360
16/08/2019;B;7:00:00;9087
17/08/2019;B;7:00:00;6266
18/08/2019;B;7:00:00;2564
19/08/2019;B;7:00:00;1906
20/08/2019;B;7:00:00;9395
21/08/2019;B;7:00:00;9155
22/08/2019;B;7:00:00;9195
23/08/2019;B;7:00:00;8966
24/08/2019;B;7:00:00;6646
25/08/2019;B;7:00:00;2440
26/08/2019;B;7:00:00;8872
27/08/2019;B;7:00:00;9337
28/08/2019;B;7:00:00;9098
29/08/2019;B;7:00:00;9134
30/08/2019;B;7:00:00;9029
31/08/2019;B;7:00:00;6379
1/09/2019;B;7:00:00;2259
2/09/2019;B;7:00:00;8946
3/09/2019;B;7:00:00;9533
4/09/2019;B;7:00:00;9314
5/09/2019;B;7:00:00;2541
6/09/2019;B;7:00:00;9664
7/09/2019;B;7:00:00;6645
8/09/2019;B;7:00:00;2663
9/09/2019;B;7:00:00;8932
10/09/2019;B;7:00:00;9390
11/09/2019;B;7:00:00;9362
12/09/2019;B;7:00:00;9110
13/09/2019;B;7:00:00;9134
14/09/2019;B;7:00:00;6529
15/09/2019;B;7:00:00;2283
16/09/2019;B;7:00:00;9106
17/09/2019;B;7:00:00;9462
18/09/2019;B;7:00:00;9057
19/09/2019;B;7:00:00;9375
20/09/2019;B;7:00:00;9048
21/09/2019;B;7:00:00;6393
22/09/2019;B;7:00:00;2172
23/09/2019;B;7:00:00;9314
24/09/2019;B;7:00:00;9364
25/09/2019;B;7:00:00;9163
26/09/2019;B;7:00:00;9472
27/09/2019;B;7:00:00;9056
28/09/2019;B;7:00:00;6518
29/09/2019;B;7:00:00;2370
30/09/2019;B;7:00:00;9018
1/10/2019;B;7:00:00;9605
2/10/2019;B;7:00:00;9349
3/10/2019;B;7:00:00;9418
4/10/2019;B;7:00:00;9175
5/10/2019;B;7:00:00;6754
6/10/2019;B;7:00:00;2140
7/10/2019;B;7:00:00;9166
8/10/2019;B;7:00:00;9489
9/10/2019;B;7:00:00;9401
10/10/2019;B;7:00:00;10129
11/10/2019;B;7:00:00;8915
12/10/2019;B;7:00:00;7140
13/10/2019;B;7:00:00;2494
14/10/2019;B;7:00:00;1833
15/10/2019;B;7:00:00;9299
16/10/2019;B;7:00:00;9346
17/10/2019;B;7:00:00;9354
18/10/2019;B;7:00:00;9260
19/10/2019;B;7:00:00;
20/10/2019;B;7:00:00;2219
21/10/2019;B;7:00:00;8961
22/10/2019;B;7:00:00;9366
23/10/2019;B;7:00:00;9513
24/10/2019;B;7:00:00;9096
25/10/2019;B;7:00:00;8991
26/10/2019;B;7:00:00;6657
27/10/2019;B;7:00:00;36
28/10/2019;B;7:00:00;8901
29/10/2019;B;7:00:00;9743
30/10/2019;B;7:00:00;8983
31/10/2019;B;7:00:00;9118
1/11/2019;B;7:00:00;8986
2/11/2019;B;7:00:00;6414
3/11/2019;B;7:00:00;2393
4/11/2019;B;7:00:00;2050
5/11/2019;B;7:00:00;9325
6/11/2019;B;7:00:00;9431
7/11/2019;B;7:00:00;9245
8/11/2019;B;7:00:00;8660
9/11/2019;B;7:00:00;6291
10/11/2019;B;7:00:00;2346
11/11/2019;B;7:00:00;1991
12/11/2019;B;7:00:00;9406
13/11/2019;B;7:00:00;9335
14/11/2019;B;7:00:00;9255
15/11/2019;B;7:00:00;9266
16/11/2019;B;7:00:00;6730
17/11/2019;B;7:00:00;2376
18/11/2019;B;7:00:00;9213
19/11/2019;B;7:00:00;9138
20/11/2019;B;7:00:00;9240
21/11/2019;B;7:00:00;2319
22/11/2019;B;7:00:00;8947
23/11/2019;B;7:00:00;6361
24/11/2019;B;7:00:00;2441
25/11/2019;B;7:00:00;9059
26/11/2019;B;7:00:00;9292
27/11/2019;B;7:00:00;8073
28/11/2019;B;7:00:00;9192
29/11/2019;B;7:00:00;8935
30/11/2019;B;7:00:00;6611
1/12/2019;B;7:00:00;2408
2/12/2019;B;7:00:00;8706
3/12/2019;B;7:00:00;9077
4/12/2019;B;7:00:00;8895
5/12/2019;B;7:00:00;8965
6/12/2019;B;7:00:00;9047
7/12/2019;B;7:00:00;6099
8/12/2019;B;7:00:00;2065
9/12/2019;B;7:00:00;8763
10/12/2019;B;7:00:00;8995
11/12/2019;B;7:00:00;8923
12/12/2019;B;7:00:00;8707
13/12/2019;B;7:00:00;8751
14/12/2019;B;7:00:00;6391
15/12/2019;B;7:00:00;2619
16/12/2019;B;7:00:00;8711
17/12/2019;B;7:00:00;8224
18/12/2019;B;7:00:00;8351
19/12/2019;B;7:00:00;8619
20/12/2019;B;7:00:00;8400
21/12/2019;B;7:00:00;5800
22/12/2019;B;7:00:00;2651
23/12/2019;B;7:00:00;7177
24/12/2019;B;7:00:00;5407
25/12/2019;B;7:00:00;932
26/12/2019;B;7:00:00;6493
27/12/2019;B;7:00:00;6826
28/12/2019;B;7:00:00;4868
29/12/2019;B;7:00:00;2031
30/12/2019;B;7:00:00;5731
31/12/2019;B;7:00:00;3492
1/01/2020;A;7:00:00;4822
1/01/2020;B;7:00:00;674
2/01/2020;A;7:00:00;32653
2/01/2020;B;7:00:00;4932
3/01/2020;A;7:00:00;35741
3/01/2020;B;7:00:00;5487
4/01/2020;A;7:00:00;25819
4/01/2020;B;7:00:00;4035
5/01/2020;A;7:00:00;11769
5/01/2020;B;7:00:00;1891
6/01/2020;A;7:00:00;9893
6/01/2020;B;7:00:00;1618
7/01/2020;A;7:00:00;44076
7/01/2020;B;7:00:00;6841
8/01/2020;A;7:00:00;43985
8/01/2020;B;7:00:00;6843
9/01/2020;A;7:00:00;44822
9/01/2020;B;7:00:00;6838
10/01/2020;A;7:00:00;46128
10/01/2020;B;7:00:00;6937
11/01/2020;A;7:00:00;31634
11/01/2020;B;7:00:00;4895
12/01/2020;A;7:00:00;11113
12/01/2020;B;7:00:00;1795
13/01/2020;A;7:00:00;49547
13/01/2020;B;7:00:00;7277
14/01/2020;A;7:00:00;48988
14/01/2020;B;7:00:00;7618
15/01/2020;A;7:00:00;49706
15/01/2020;B;7:00:00;7643
16/01/2020;A;7:00:00;50250
16/01/2020;B;7:00:00;7878
17/01/2020;A;7:00:00;50305
17/01/2020;B;7:00:00;7802
18/01/2020;A;7:00:00;35065
18/01/2020;B;7:00:00;5574
19/01/2020;A;7:00:00;11917
19/01/2020;B;7:00:00;2142
20/01/2020;A;7:00:00;51929
20/01/2020;B;7:00:00;7852
21/01/2020;A;7:00:00;52544
21/01/2020;B;7:00:00;8160
22/01/2020;A;7:00:00;54965
22/01/2020;B;7:00:00;8541
23/01/2020;A;7:00:00;53145
23/01/2020;B;7:00:00;8397
24/01/2020;A;7:00:00;52450
24/01/2020;B;7:00:00;8242
25/01/2020;A;7:00:00;36174
25/01/2020;B;7:00:00;5682
26/01/2020;A;7:00:00;11721
26/01/2020;B;7:00:00;1885
27/01/2020;A;7:00:00;54413
27/01/2020;B;7:00:00;8384
28/01/2020;A;7:00:00;54850
28/01/2020;B;7:00:00;8658
29/01/2020;A;7:00:00;53975
29/01/2020;B;7:00:00;8650
30/01/2020;A;7:00:00;53569
30/01/2020;B;7:00:00;8513
31/01/2020;A;7:00:00;53904
31/01/2020;B;7:00:00;8587
1/02/2020;A;7:00:00;38016
1/02/2020;B;7:00:00;5910
2/02/2020;A;7:00:00;12360
2/02/2020;B;7:00:00;2036
3/02/2020;A;7:00:00;57415
3/02/2020;B;7:00:00;8870
4/02/2020;A;7:00:00;57954
4/02/2020;B;7:00:00;8939
5/02/2020;A;7:00:00;57020
5/02/2020;B;7:00:00;8893
6/02/2020;A;7:00:00;57451
6/02/2020;B;7:00:00;9081
7/02/2020;A;7:00:00;57157
7/02/2020;B;7:00:00;8659
8/02/2020;A;7:00:00;39416
8/02/2020;B;7:00:00;6141
9/02/2020;A;7:00:00;11996
9/02/2020;B;7:00:00;1906
10/02/2020;A;7:00:00;58431
10/02/2020;B;7:00:00;9008
11/02/2020;A;7:00:00;59507
11/02/2020;B;7:00:00;9213
12/02/2020;A;7:00:00;59634
12/02/2020;B;7:00:00;9374
13/02/2020;A;7:00:00;60264
13/02/2020;B;7:00:00;9271
14/02/2020;A;7:00:00;56727
14/02/2020;B;7:00:00;8923
15/02/2020;A;7:00:00;39252
15/02/2020;B;7:00:00;6271
16/02/2020;A;7:00:00;11737
16/02/2020;B;7:00:00;1937
17/02/2020;A;7:00:00;117526
17/02/2020;B;7:00:00;18032
18/02/2020;A;7:00:00;120340
18/02/2020;B;7:00:00;18802
19/02/2020;A;7:00:00;58133
19/02/2020;B;7:00:00;9312
20/02/2020;A;7:00:00;58890
20/02/2020;B;7:00:00;8990
21/02/2020;A;7:00:00;56380
21/02/2020;B;7:00:00;8723
22/02/2020;A;7:00:00;40373
22/02/2020;B;7:00:00;6232
23/02/2020;A;7:00:00;12407
23/02/2020;B;7:00:00;2008
24/02/2020;A;7:00:00;57626
24/02/2020;B;7:00:00;9000
25/02/2020;A;7:00:00;58674
25/02/2020;B;7:00:00;9702
26/02/2020;A;7:00:00;58169
26/02/2020;B;7:00:00;9182
27/02/2020;A;7:00:00;57976
27/02/2020;B;7:00:00;9057
28/02/2020;A;7:00:00;62107
28/02/2020;B;7:00:00;9812
29/02/2020;A;7:00:00;44712
29/02/2020;B;7:00:00;7109
1/03/2020;A;7:00:00;13795
1/03/2020;B;7:00:00;2279
2/03/2020;A;7:00:00;39609
2/03/2020;B;7:00:00;8717
3/03/2020;A;7:00:00;61757
3/03/2020;B;7:00:00;9829
4/03/2020;A;7:00:00;60266
4/03/2020;B;7:00:00;9782
5/03/2020;A;7:00:00;60749
5/03/2020;B;7:00:00;9719
6/03/2020;A;7:00:00;59457
6/03/2020;B;7:00:00;9735
7/03/2020;A;7:00:00;44470
7/03/2020;B;7:00:00;7172
8/03/2020;A;7:00:00;12830
8/03/2020;B;7:00:00;2135
9/03/2020;A;7:00:00;58300
9/03/2020;B;7:00:00;9402
10/03/2020;A;7:00:00;57165
10/03/2020;B;7:00:00;9439
11/03/2020;A;7:00:00;54834
11/03/2020;B;7:00:00;9083
12/03/2020;A;7:00:00;54016
12/03/2020;B;7:00:00;8804
13/03/2020;A;7:00:00;52482
13/03/2020;B;7:00:00;8794
14/03/2020;A;7:00:00;36499
14/03/2020;B;7:00:00;5786
15/03/2020;A;7:00:00;10337
15/03/2020;B;7:00:00;1571
16/03/2020;A;7:00:00;40941
16/03/2020;B;7:00:00;6361
17/03/2020;A;7:00:00;34826
17/03/2020;B;7:00:00;5535
18/03/2020;A;7:00:00;30850
18/03/2020;B;7:00:00;5058
19/03/2020;A;7:00:00;28044
19/03/2020;B;7:00:00;4527
20/03/2020;A;7:00:00;26378
20/03/2020;B;7:00:00;4309
21/03/2020;A;7:00:00;5243
21/03/2020;B;7:00:00;674
22/03/2020;A;7:00:00;2783
22/03/2020;B;7:00:00;355
23/03/2020;A;7:00:00;3023
23/03/2020;B;7:00:00;456
24/03/2020;A;7:00:00;13261
24/03/2020;B;7:00:00;1947
25/03/2020;A;7:00:00;6774
25/03/2020;B;7:00:00;977
26/03/2020;A;7:00:00;6534
26/03/2020;B;7:00:00;943
27/03/2020;A;7:00:00;6390
27/03/2020;B;7:00:00;991
28/03/2020;A;7:00:00;4681
28/03/2020;B;7:00:00;687
29/03/2020;A;7:00:00;2251
29/03/2020;B;7:00:00;326
30/03/2020;A;7:00:00;6328
30/03/2020;B;7:00:00;968
31/03/2020;A;7:00:00;6340
31/03/2020;B;7:00:00;934
1/04/2020;A;7:00:00;6378
1/04/2020;B;7:00:00;1017
2/04/2020;A;7:00:00;6011
2/04/2020;B;7:00:00;944
3/04/2020;A;7:00:00;6365
3/04/2020;B;7:00:00;951
4/04/2020;A;7:00:00;4843
4/04/2020;B;7:00:00;670
5/04/2020;A;7:00:00;2195
5/04/2020;B;7:00:00;331
6/04/2020;A;7:00:00;6558
6/04/2020;B;7:00:00;1012
7/04/2020;A;7:00:00;6469
7/04/2020;B;7:00:00;982
8/04/2020;A;7:00:00;6661
8/04/2020;B;7:00:00;1016
9/04/2020;A;7:00:00;2789
9/04/2020;B;7:00:00;407
10/04/2020;A;7:00:00;2026
10/04/2020;B;7:00:00;258
11/04/2020;A;7:00:00;4083
11/04/2020;B;7:00:00;631
12/04/2020;A;7:00:00;2081
12/04/2020;B;7:00:00;295
13/04/2020;A;7:00:00;7320
13/04/2020;B;7:00:00;1094
14/04/2020;A;7:00:00;7311
14/04/2020;B;7:00:00;1165
15/04/2020;A;7:00:00;7577
15/04/2020;B;7:00:00;1178
16/04/2020;A;7:00:00;7492
16/04/2020;B;7:00:00;1162
17/04/2020;A;7:00:00;7864
17/04/2020;B;7:00:00;1145
18/04/2020;A;7:00:00;5729
18/04/2020;B;7:00:00;823
19/04/2020;A;7:00:00;2416
19/04/2020;B;7:00:00;339
20/04/2020;A;7:00:00;7931
20/04/2020;B;7:00:00;1228
21/04/2020;A;7:00:00;7699
21/04/2020;B;7:00:00;1182
22/04/2020;A;7:00:00;8199
22/04/2020;B;7:00:00;1254
23/04/2020;A;7:00:00;8409
23/04/2020;B;7:00:00;1322
24/04/2020;A;7:00:00;8739
24/04/2020;B;7:00:00;1363
25/04/2020;A;7:00:00;6237
25/04/2020;B;7:00:00;969
26/04/2020;A;7:00:00;2389
26/04/2020;B;7:00:00;380
27/04/2020;A;7:00:00;8781
27/04/2020;B;7:00:00;1304
28/04/2020;A;7:00:00;9058
28/04/2020;B;7:00:00;1393
29/04/2020;A;7:00:00;8920
29/04/2020;B;7:00:00;1461
30/04/2020;A;7:00:00;9299
30/04/2020;B;7:00:00;1568
1/05/2020;A;7:00:00;3758
1/05/2020;B;7:00:00;611
2/05/2020;A;7:00:00;6575
2/05/2020;B;7:00:00;1089
3/05/2020;A;7:00:00;2456
3/05/2020;B;7:00:00;384
4/05/2020;A;7:00:00;10558
4/05/2020;B;7:00:00;1578
5/05/2020;A;7:00:00;9987
5/05/2020;B;7:00:00;1617
6/05/2020;A;7:00:00;10607
6/05/2020;B;7:00:00;1779
7/05/2020;A;7:00:00;10626
7/05/2020;B;7:00:00;1802
8/05/2020;A;7:00:00;11095
8/05/2020;B;7:00:00;1857
9/05/2020;A;7:00:00;8646
9/05/2020;B;7:00:00;1314
10/05/2020;A;7:00:00;2643
10/05/2020;B;7:00:00;420
11/05/2020;A;7:00:00;12104
11/05/2020;B;7:00:00;1881
12/05/2020;A;7:00:00;11940
12/05/2020;B;7:00:00;1978
13/05/2020;A;7:00:00;12216
13/05/2020;B;7:00:00;1987
14/05/2020;A;7:00:00;12653
14/05/2020;B;7:00:00;1990
15/05/2020;A;7:00:00;12549
15/05/2020;B;7:00:00;1973
16/05/2020;A;7:00:00;9603
16/05/2020;B;7:00:00;1464
17/05/2020;A;7:00:00;2775
17/05/2020;B;7:00:00;435
18/05/2020;A;7:00:00;13006
18/05/2020;B;7:00:00;2022
19/05/2020;A;7:00:00;13095
19/05/2020;B;7:00:00;2112
20/05/2020;A;7:00:00;13530
20/05/2020;B;7:00:00;2144
21/05/2020;A;7:00:00;13541
21/05/2020;B;7:00:00;2144
22/05/2020;A;7:00:00;14133
22/05/2020;B;7:00:00;2274
23/05/2020;A;7:00:00;10575
23/05/2020;B;7:00:00;1667
24/05/2020;A;7:00:00;2875
24/05/2020;B;7:00:00;447
25/05/2020;A;7:00:00;3364
25/05/2020;B;7:00:00;505
26/05/2020;A;7:00:00;14909
26/05/2020;B;7:00:00;2229
27/05/2020;A;7:00:00;14532
27/05/2020;B;7:00:00;2285
28/05/2020;A;7:00:00;14676
28/05/2020;B;7:00:00;2285
29/05/2020;A;7:00:00;14935
29/05/2020;B;7:00:00;2384
30/05/2020;A;7:00:00;11949
30/05/2020;B;7:00:00;1831
31/05/2020;A;7:00:00;3139
31/05/2020;B;7:00:00;423
1/06/2020;A;7:00:00;17809
1/06/2020;B;7:00:00;2938
2/06/2020;A;7:00:00;18700
2/06/2020;B;7:00:00;2685
3/06/2020;A;7:00:00;17582
3/06/2020;B;7:00:00;2626
4/06/2020;A;7:00:00;17343
4/06/2020;B;7:00:00;2709
5/06/2020;A;7:00:00;17386
5/06/2020;B;7:00:00;2756
6/06/2020;A;7:00:00;12798
6/06/2020;B;7:00:00;2107
7/06/2020;A;7:00:00;3289
7/06/2020;B;7:00:00;506
8/06/2020;A;7:00:00;17742
8/06/2020;B;7:00:00;2782
9/06/2020;A;7:00:00;17373
9/06/2020;B;7:00:00;2715
10/06/2020;A;7:00:00;17153
10/06/2020;B;7:00:00;2982
11/06/2020;A;7:00:00;17349
11/06/2020;B;7:00:00;2768
12/06/2020;A;7:00:00;17961
12/06/2020;B;7:00:00;2968
14/06/2020;A;7:00:00;3793
14/06/2020;B;7:00:00;582
15/06/2020;A;7:00:00;4269
15/06/2020;B;7:00:00;668
16/06/2020;A;7:00:00;19644
16/06/2020;B;7:00:00;3152
17/06/2020;A;7:00:00;18987
17/06/2020;B;7:00:00;3242
18/06/2020;A;7:00:00;19195
18/06/2020;B;7:00:00;2958
19/06/2020;A;7:00:00;20208
19/06/2020;B;7:00:00;3502
20/06/2020;A;7:00:00;13610
20/06/2020;B;7:00:00;2300
21/06/2020;A;7:00:00;3651
21/06/2020;B;7:00:00;555
22/06/2020;A;7:00:00;4110
22/06/2020;B;7:00:00;657
23/06/2020;A;7:00:00;19205
23/06/2020;B;7:00:00;3076
24/06/2020;A;7:00:00;19312
24/06/2020;B;7:00:00;3164
25/06/2020;A;7:00:00;19425
25/06/2020;B;7:00:00;3003
26/06/2020;A;7:00:00;18843
26/06/2020;B;7:00:00;3271
27/06/2020;A;7:00:00;13655
27/06/2020;B;7:00:00;2351
28/06/2020;A;7:00:00;4200
28/06/2020;B;7:00:00;633
29/06/2020;A;7:00:00;4519
29/06/2020;B;7:00:00;703
30/06/2020;A;7:00:00;18256
30/06/2020;B;7:00:00;3234
1/07/2020;A;7:00:00;19166
1/07/2020;B;7:00:00;3107
2/07/2020;A;7:00:00;17763
2/07/2020;B;7:00:00;3384
3/07/2020;A;7:00:00;18530
3/07/2020;B;7:00:00;3081
4/07/2020;A;7:00:00;13974
4/07/2020;B;7:00:00;2345
5/07/2020;A;7:00:00;3952
5/07/2020;B;7:00:00;628
6/07/2020;A;7:00:00;18351
6/07/2020;B;7:00:00;3005
7/07/2020;A;7:00:00;17875
7/07/2020;B;7:00:00;3031
8/07/2020;A;7:00:00;18637
8/07/2020;B;7:00:00;3266
9/07/2020;A;7:00:00;18491
9/07/2020;B;7:00:00;2947
10/07/2020;A;7:00:00;18657
10/07/2020;B;7:00:00;3034
11/07/2020;A;7:00:00;14219
11/07/2020;B;7:00:00;2368
12/07/2020;A;7:00:00;3963
12/07/2020;B;7:00:00;622
13/07/2020;A;7:00:00;16034
13/07/2020;B;7:00:00;2607
14/07/2020;A;7:00:00;15827
14/07/2020;B;7:00:00;2649
15/07/2020;A;7:00:00;16272
15/07/2020;B;7:00:00;2616
16/07/2020;A;7:00:00;15881
16/07/2020;B;7:00:00;2613
17/07/2020;A;7:00:00;7068
17/07/2020;B;7:00:00;1115
18/07/2020;A;7:00:00;5316
18/07/2020;B;7:00:00;755
19/07/2020;A;7:00:00;2097
19/07/2020;B;7:00:00;292
20/07/2020;A;7:00:00;2195
20/07/2020;B;7:00:00;340
21/07/2020;A;7:00:00;16818
21/07/2020;B;7:00:00;2593
22/07/2020;A;7:00:00;15643
22/07/2020;B;7:00:00;2568
23/07/2020;A;7:00:00;16193
23/07/2020;B;7:00:00;2727
24/07/2020;A;7:00:00;8183
24/07/2020;B;7:00:00;1281
25/07/2020;A;7:00:00;6222
25/07/2020;B;7:00:00;974
26/07/2020;A;7:00:00;2242
26/07/2020;B;7:00:00;350
27/07/2020;A;7:00:00;16466
27/07/2020;B;7:00:00;2713
28/07/2020;A;7:00:00;16813
28/07/2020;B;7:00:00;2781
29/07/2020;A;7:00:00;16797
29/07/2020;B;7:00:00;2651
30/07/2020;A;7:00:00;16548
30/07/2020;B;7:00:00;2677
31/07/2020;A;7:00:00;8403
31/07/2020;B;7:00:00;1383
1/08/2020;A;7:00:00;6329
1/08/2020;B;7:00:00;1002
2/08/2020;A;7:00:00;2402
2/08/2020;B;7:00:00;362
3/08/2020;A;7:00:00;15914
3/08/2020;B;7:00:00;2627
4/08/2020;A;7:00:00;16340
4/08/2020;B;7:00:00;2632
5/08/2020;A;7:00:00;16940
5/08/2020;B;7:00:00;2724
6/08/2020;A;7:00:00;17016
6/08/2020;B;7:00:00;2699
7/08/2020;A;7:00:00;3624
7/08/2020;B;7:00:00;548
9/08/2020;A;7:00:00;2298
9/08/2020;B;7:00:00;328
10/08/2020;A;7:00:00;16928
10/08/2020;B;7:00:00;2613
11/08/2020;A;7:00:00;17080
11/08/2020;B;7:00:00;2578
12/08/2020;A;7:00:00;17026
12/08/2020;B;7:00:00;2700
13/08/2020;A;7:00:00;17476
13/08/2020;B;7:00:00;2780
14/08/2020;A;7:00:00;16592
14/08/2020;B;7:00:00;2516
15/08/2020;A;7:00:00;7840
15/08/2020;B;7:00:00;1253
16/08/2020;A;7:00:00;2538
16/08/2020;B;7:00:00;373
17/08/2020;A;7:00:00;2909
17/08/2020;B;7:00:00;451
18/08/2020;A;7:00:00;18024
18/08/2020;B;7:00:00;2816
19/08/2020;A;7:00:00;17727
19/08/2020;B;7:00:00;2838
20/08/2020;A;7:00:00;35896
20/08/2020;B;7:00:00;5956
21/08/2020;A;7:00:00;17795
21/08/2020;B;7:00:00;2865
22/08/2020;A;7:00:00;13784
22/08/2020;B;7:00:00;2201
23/08/2020;A;7:00:00;3817
23/08/2020;B;7:00:00;572
24/08/2020;A;7:00:00;17839
24/08/2020;B;7:00:00;2769
25/08/2020;A;7:00:00;18658
25/08/2020;B;7:00:00;2811
26/08/2020;A;7:00:00;18887
26/08/2020;B;7:00:00;2874
27/08/2020;A;7:00:00;18679
27/08/2020;B;7:00:00;2890
28/08/2020;A;7:00:00;18436
28/08/2020;B;7:00:00;2883
29/08/2020;A;7:00:00;14230
29/08/2020;B;7:00:00;2213
30/08/2020;A;7:00:00;4270
30/08/2020;B;7:00:00;625
31/08/2020;A;7:00:00;19424
31/08/2020;B;7:00:00;3085
1/09/2020;A;7:00:00;20834
1/09/2020;B;7:00:00;3574
2/09/2020;A;7:00:00;20454
2/09/2020;B;7:00:00;3603
3/09/2020;A;7:00:00;20931
3/09/2020;B;7:00:00;3192
4/09/2020;A;7:00:00;20062
4/09/2020;B;7:00:00;3088
5/09/2020;A;7:00:00;16459
5/09/2020;B;7:00:00;2559
6/09/2020;A;7:00:00;5229
6/09/2020;B;7:00:00;806
7/09/2020;A;7:00:00;21086
7/09/2020;B;7:00:00;3164
8/09/2020;A;7:00:00;22222
8/09/2020;B;7:00:00;3648
9/09/2020;A;7:00:00;21799
9/09/2020;B;7:00:00;3376
10/09/2020;A;7:00:00;21855
10/09/2020;B;7:00:00;3373
11/09/2020;A;7:00:00;22150
11/09/2020;B;7:00:00;3497
12/09/2020;A;7:00:00;17532
12/09/2020;B;7:00:00;2760
13/09/2020;A;7:00:00;5516
13/09/2020;B;7:00:00;894
14/09/2020;A;7:00:00;22700
14/09/2020;B;7:00:00;3514
15/09/2020;A;7:00:00;22493
15/09/2020;B;7:00:00;3569
16/09/2020;A;7:00:00;23316
16/09/2020;B;7:00:00;3624
17/09/2020;A;7:00:00;23423
17/09/2020;B;7:00:00;3574
18/09/2020;A;7:00:00;23769
18/09/2020;B;7:00:00;3673
19/09/2020;A;7:00:00;18635
19/09/2020;B;7:00:00;2901
20/09/2020;A;7:00:00;5808
20/09/2020;B;7:00:00;946
21/09/2020;A;7:00:00;24170
21/09/2020;B;7:00:00;3704
22/09/2020;A;7:00:00;24200
22/09/2020;B;7:00:00;3768
23/09/2020;A;7:00:00;24291
23/09/2020;B;7:00:00;3707
24/09/2020;A;7:00:00;24984
24/09/2020;B;7:00:00;3796
25/09/2020;A;7:00:00;24537
25/09/2020;B;7:00:00;3651
26/09/2020;A;7:00:00;19383
26/09/2020;B;7:00:00;3016
27/09/2020;A;7:00:00;6298
27/09/2020;B;7:00:00;1009
28/09/2020;A;7:00:00;24970
28/09/2020;B;7:00:00;3952
29/09/2020;A;7:00:00;25098
29/09/2020;B;7:00:00;4064
30/09/2020;A;7:00:00;25534
30/09/2020;B;7:00:00;4087
1/10/2020;A;7:00:00;25519
1/10/2020;B;7:00:00;4104
2/10/2020;A;7:00:00;26118
2/10/2020;B;7:00:00;4115
3/10/2020;A;7:00:00;20203
3/10/2020;B;7:00:00;3168
4/10/2020;A;7:00:00;6509
4/10/2020;B;7:00:00;1090
5/10/2020;A;7:00:00;26577
5/10/2020;B;7:00:00;4304
6/10/2020;A;7:00:00;26686
6/10/2020;B;7:00:00;4251
7/10/2020;A;7:00:00;26533
7/10/2020;B;7:00:00;4190
8/10/2020;A;7:00:00;26365
8/10/2020;B;7:00:00;4105
9/10/2020;A;7:00:00;26121
9/10/2020;B;7:00:00;4125
10/10/2020;A;7:00:00;20367
10/10/2020;B;7:00:00;3095
11/10/2020;A;7:00:00;7094
11/10/2020;B;7:00:00;1123
12/10/2020;A;7:00:00;6391
12/10/2020;B;7:00:00;1004
13/10/2020;A;7:00:00;27100
13/10/2020;B;7:00:00;4387
14/10/2020;A;7:00:00;26937
14/10/2020;B;7:00:00;4261
15/10/2020;A;7:00:00;27022
15/10/2020;B;7:00:00;4189
16/10/2020;A;7:00:00;27254
16/10/2020;B;7:00:00;4324
17/10/2020;A;7:00:00;21405
17/10/2020;B;7:00:00;3257
18/10/2020;A;7:00:00;7083
18/10/2020;B;7:00:00;1142
19/10/2020;A;7:00:00;27887
19/10/2020;B;7:00:00;4421
20/10/2020;A;7:00:00;27232
20/10/2020;B;7:00:00;4277
21/10/2020;A;7:00:00;27036
21/10/2020;B;7:00:00;4332
22/10/2020;A;7:00:00;27346
22/10/2020;B;7:00:00;4380
23/10/2020;A;7:00:00;27830
23/10/2020;B;7:00:00;4121
24/10/2020;A;7:00:00;21840
24/10/2020;B;7:00:00;3286
25/10/2020;A;7:00:00;6840
25/10/2020;B;7:00:00;1079
26/10/2020;A;7:00:00;27852
26/10/2020;B;7:00:00;4080
27/10/2020;A;7:00:00;27968
27/10/2020;B;7:00:00;4286
28/10/2020;A;7:00:00;27904
28/10/2020;B;7:00:00;4204
29/10/2020;A;7:00:00;27789
29/10/2020;B;7:00:00;4228
30/10/2020;A;7:00:00;28491
30/10/2020;B;7:00:00;4339
31/10/2020;A;7:00:00;21761
31/10/2020;B;7:00:00;3516
1/11/2020;A;7:00:00;6805
1/11/2020;B;7:00:00;1189
2/11/2020;A;7:00:00;6764
2/11/2020;B;7:00:00;1149
3/11/2020;A;7:00:00;29709
3/11/2020;B;7:00:00;5047
4/11/2020;A;7:00:00;29168
4/11/2020;B;7:00:00;5119
5/11/2020;A;7:00:00;28910
5/11/2020;B;7:00:00;5012
6/11/2020;A;7:00:00;28597
6/11/2020;B;7:00:00;4949
7/11/2020;A;7:00:00;23439
7/11/2020;B;7:00:00;4022
8/11/2020;A;7:00:00;7313
8/11/2020;B;7:00:00;1292
9/11/2020;A;7:00:00;30155
9/11/2020;B;7:00:00;4412
10/11/2020;A;7:00:00;30468
10/11/2020;B;7:00:00;4278
11/11/2020;A;7:00:00;30265
11/11/2020;B;7:00:00;4440
13/11/2020;A;7:00:00;31059
13/11/2020;B;7:00:00;4420
14/11/2020;A;7:00:00;24601
14/11/2020;B;7:00:00;3731
15/11/2020;A;7:00:00;7897
15/11/2020;B;7:00:00;1284
16/11/2020;A;7:00:00;7260
16/11/2020;B;7:00:00;1128
17/11/2020;A;7:00:00;31874
17/11/2020;B;7:00:00;4824
18/11/2020;A;7:00:00;31466
18/11/2020;B;7:00:00;4516
19/11/2020;A;7:00:00;31536
19/11/2020;B;7:00:00;4760
20/11/2020;A;7:00:00;31285
20/11/2020;B;7:00:00;4624
21/11/2020;A;7:00:00;26195
21/11/2020;B;7:00:00;3946
22/11/2020;A;7:00:00;8427
22/11/2020;B;7:00:00;1326
23/11/2020;A;7:00:00;30930
23/11/2020;B;7:00:00;4724
24/11/2020;A;7:00:00;30995
24/11/2020;B;7:00:00;4878
25/11/2020;A;7:00:00;31401
25/11/2020;B;7:00:00;4817
26/11/2020;A;7:00:00;31339
26/11/2020;B;7:00:00;4897
27/11/2020;A;7:00:00;32019
27/11/2020;B;7:00:00;4847
28/11/2020;A;7:00:00;25941
28/11/2020;B;7:00:00;3940
29/11/2020;A;7:00:00;8662
29/11/2020;B;7:00:00;1405
30/11/2020;A;7:00:00;32195
30/11/2020;B;7:00:00;4760
1/12/2020;A;7:00:00;32419
1/12/2020;B;7:00:00;4878
2/12/2020;A;7:00:00;33154
2/12/2020;B;7:00:00;5009
3/12/2020;A;7:00:00;32693
3/12/2020;B;7:00:00;4839
4/12/2020;A;7:00:00;33011
4/12/2020;B;7:00:00;5119
5/12/2020;A;7:00:00;26543
5/12/2020;B;7:00:00;3947
6/12/2020;A;7:00:00;9435
6/12/2020;B;7:00:00;1511
7/12/2020;A;7:00:00;31737
7/12/2020;B;7:00:00;4766
8/12/2020;A;7:00:00;9724
8/12/2020;B;7:00:00;1655
9/12/2020;A;7:00:00;33892
9/12/2020;B;7:00:00;5193
10/12/2020;A;7:00:00;33692
10/12/2020;B;7:00:00;5195
11/12/2020;A;7:00:00;33857
11/12/2020;B;7:00:00;5142
12/12/2020;A;7:00:00;26986
12/12/2020;B;7:00:00;4050
13/12/2020;A;7:00:00;9243
13/12/2020;B;7:00:00;1557
14/12/2020;A;7:00:00;34019
14/12/2020;B;7:00:00;5039
15/12/2020;A;7:00:00;33978
15/12/2020;B;7:00:00;5145
16/12/2020;A;7:00:00;33824
16/12/2020;B;7:00:00;5066
17/12/2020;A;7:00:00;33344
17/12/2020;B;7:00:00;5091
18/12/2020;A;7:00:00;33822
18/12/2020;B;7:00:00;5214
19/12/2020;A;7:00:00;27237
19/12/2020;B;7:00:00;4163
20/12/2020;A;7:00:00;10016
20/12/2020;B;7:00:00;1749
21/12/2020;A;7:00:00;33296
21/12/2020;B;7:00:00;5072
22/12/2020;A;7:00:00;31374
22/12/2020;B;7:00:00;4885
23/12/2020;A;7:00:00;31912
23/12/2020;B;7:00:00;4792
24/12/2020;A;7:00:00;23966
24/12/2020;B;7:00:00;3779
25/12/2020;A;7:00:00;5300
25/12/2020;B;7:00:00;680
26/12/2020;A;7:00:00;17063
26/12/2020;B;7:00:00;2456
27/12/2020;A;7:00:00;14026
27/12/2020;B;7:00:00;2368
28/12/2020;A;7:00:00;28986
28/12/2020;B;7:00:00;4311
29/12/2020;A;7:00:00;28034
29/12/2020;B;7:00:00;4242
30/12/2020;A;7:00:00;26826
30/12/2020;B;7:00:00;4168
31/12/2020;A;7:00:00;17499
31/12/2020;B;7:00:00;2700
1/01/2021;A;7:00:00;2011
1/01/2021;B;7:00:00;267
2/01/2021;A;7:00:00;5299
2/01/2021;B;7:00:00;837
3/01/2021;A;7:00:00;6355
3/01/2021;B;7:00:00;920
4/01/2021;A;7:00:00;25695
4/01/2021;B;7:00:00;3897
5/01/2021;A;7:00:00;25967
5/01/2021;B;7:00:00;3979
6/01/2021;A;7:00:00;26086
6/01/2021;B;7:00:00;3952
7/01/2021;A;7:00:00;26136
7/01/2021;B;7:00:00;4088
8/01/2021;A;7:00:00;26316
8/01/2021;B;7:00:00;4086
9/01/2021;A;7:00:00;8828
9/01/2021;B;7:00:00;1364
10/01/2021;A;7:00:00;3221
10/01/2021;B;7:00:00;446
11/01/2021;A;7:00:00;3567
11/01/2021;B;7:00:00;478
12/01/2021;A;7:00:00;29524
12/01/2021;B;7:00:00;4575
13/01/2021;A;7:00:00;29359
13/01/2021;B;7:00:00;4530
14/01/2021;A;7:00:00;29366
14/01/2021;B;7:00:00;4437
15/01/2021;A;7:00:00;29102
15/01/2021;B;7:00:00;4497
16/01/2021;A;7:00:00;14165
16/01/2021;B;7:00:00;1972
17/01/2021;A;7:00:00;3772
17/01/2021;B;7:00:00;521
18/01/2021;A;7:00:00;30770
18/01/2021;B;7:00:00;4595
19/01/2021;A;7:00:00;30594
19/01/2021;B;7:00:00;4584
20/01/2021;A;7:00:00;30586
20/01/2021;B;7:00:00;5121
21/01/2021;A;7:00:00;30142
21/01/2021;B;7:00:00;4671
22/01/2021;A;7:00:00;30438
22/01/2021;B;7:00:00;4588
23/01/2021;A;7:00:00;23173
23/01/2021;B;7:00:00;3507
24/01/2021;A;7:00:00;7005
24/01/2021;B;7:00:00;1224
25/01/2021;A;7:00:00;30848
25/01/2021;B;7:00:00;4463
26/01/2021;A;7:00:00;30617
26/01/2021;B;7:00:00;4738
27/01/2021;A;7:00:00;31227
27/01/2021;B;7:00:00;4643
28/01/2021;A;7:00:00;30811
28/01/2021;B;7:00:00;4661
29/01/2021;A;7:00:00;31062
29/01/2021;B;7:00:00;4780
30/01/2021;A;7:00:00;24192
30/01/2021;B;7:00:00;3717
31/01/2021;A;7:00:00;7793
31/01/2021;B;7:00:00;1326
1/02/2021;A;7:00:00;31520
1/02/2021;B;7:00:00;4806
2/02/2021;A;7:00:00;32024
2/02/2021;B;7:00:00;5014
3/02/2021;A;7:00:00;31994
3/02/2021;B;7:00:00;4951
4/02/2021;A;7:00:00;31842
4/02/2021;B;7:00:00;4988
5/02/2021;A;7:00:00;32272
5/02/2021;B;7:00:00;4986
6/02/2021;A;7:00:00;24673
6/02/2021;B;7:00:00;3802
7/02/2021;A;7:00:00;7889
7/02/2021;B;7:00:00;1186
8/02/2021;A;7:00:00;32694
8/02/2021;B;7:00:00;4975
9/02/2021;A;7:00:00;32647
9/02/2021;B;7:00:00;4964
10/02/2021;A;7:00:00;33120
10/02/2021;B;7:00:00;4960
11/02/2021;A;7:00:00;32744
11/02/2021;B;7:00:00;4942
12/02/2021;A;7:00:00;32885
12/02/2021;B;7:00:00;4986
13/02/2021;A;7:00:00;25213
13/02/2021;B;7:00:00;3890
14/02/2021;A;7:00:00;7718
14/02/2021;B;7:00:00;1154
15/02/2021;A;7:00:00;33898
15/02/2021;B;7:00:00;5015
16/02/2021;A;7:00:00;33339
16/02/2021;B;7:00:00;5167
17/02/2021;A;7:00:00;33226
17/02/2021;B;7:00:00;4897
18/02/2021;A;7:00:00;33346
18/02/2021;B;7:00:00;5044
19/02/2021;A;7:00:00;34302
19/02/2021;B;7:00:00;5025
20/02/2021;A;7:00:00;25379
20/02/2021;B;7:00:00;3900
21/02/2021;A;7:00:00;7894
21/02/2021;B;7:00:00;1217
22/02/2021;A;7:00:00;33977
22/02/2021;B;7:00:00;5189
23/02/2021;A;7:00:00;33528
23/02/2021;B;7:00:00;5135
24/02/2021;A;7:00:00;33524
24/02/2021;B;7:00:00;5141
25/02/2021;A;7:00:00;33424
25/02/2021;B;7:00:00;5119
26/02/2021;A;7:00:00;33179
26/02/2021;B;7:00:00;5195
27/02/2021;A;7:00:00;25949
27/02/2021;B;7:00:00;3958
28/02/2021;A;7:00:00;8407
28/02/2021;B;7:00:00;1375
1/03/2021;A;7:00:00;34523
1/03/2021;B;7:00:00;5172
2/03/2021;A;7:00:00;34359
2/03/2021;B;7:00:00;5280
3/03/2021;A;7:00:00;33964
3/03/2021;B;7:00:00;5316
4/03/2021;A;7:00:00;34494
4/03/2021;B;7:00:00;5282
5/03/2021;A;7:00:00;34419
5/03/2021;B;7:00:00;5374
6/03/2021;A;7:00:00;25424
6/03/2021;B;7:00:00;3880
7/03/2021;A;7:00:00;8176
7/03/2021;B;7:00:00;1413
8/03/2021;A;7:00:00;36280
8/03/2021;B;7:00:00;5409
9/03/2021;A;7:00:00;34262
9/03/2021;B;7:00:00;5331
10/03/2021;A;7:00:00;34198
10/03/2021;B;7:00:00;5314
11/03/2021;A;7:00:00;34364
11/03/2021;B;7:00:00;5439
12/03/2021;A;7:00:00;35683
12/03/2021;B;7:00:00;5202
13/03/2021;A;7:00:00;26603
13/03/2021;B;7:00:00;4233
14/03/2021;A;7:00:00;8066
14/03/2021;B;7:00:00;1351
15/03/2021;A;7:00:00;35110
15/03/2021;B;7:00:00;5355
16/03/2021;A;7:00:00;34741
16/03/2021;B;7:00:00;5459
17/03/2021;A;7:00:00;35203
17/03/2021;B;7:00:00;5565
18/03/2021;A;7:00:00;35106
18/03/2021;B;7:00:00;5495
19/03/2021;A;7:00:00;35094
19/03/2021;B;7:00:00;5447
20/03/2021;A;7:00:00;26065
20/03/2021;B;7:00:00;4204
21/03/2021;A;7:00:00;8646
21/03/2021;B;7:00:00;1335
22/03/2021;A;7:00:00;7283
22/03/2021;B;7:00:00;1178
23/03/2021;A;7:00:00;26095
23/03/2021;B;7:00:00;6023
24/03/2021;A;7:00:00;28122
24/03/2021;B;7:00:00;5492
25/03/2021;A;7:00:00;28457
25/03/2021;B;7:00:00;5361
26/03/2021;A;7:00:00;28640
26/03/2021;B;7:00:00;5067
27/03/2021;A;7:00:00;22234
27/03/2021;B;7:00:00;3989
28/03/2021;A;7:00:00;6993
28/03/2021;B;7:00:00;1283
29/03/2021;A;7:00:00;27247
29/03/2021;B;7:00:00;4788
30/03/2021;A;7:00:00;26994
30/03/2021;B;7:00:00;4700
31/03/2021;A;7:00:00;26681
31/03/2021;B;7:00:00;4642
1/04/2021;A;7:00:00;8040
1/04/2021;B;7:00:00;1396
2/04/2021;A;7:00:00;5147
2/04/2021;B;7:00:00;879
3/04/2021;A;7:00:00;14244
3/04/2021;B;7:00:00;2546
4/04/2021;A;7:00:00;6843
4/04/2021;B;7:00:00;1176
5/04/2021;A;7:00:00;29633
5/04/2021;B;7:00:00;5007
6/04/2021;A;7:00:00;29727
6/04/2021;B;7:00:00;4979
7/04/2021;A;7:00:00;28568
7/04/2021;B;7:00:00;4956
8/04/2021;A;7:00:00;27343
8/04/2021;B;7:00:00;4545
9/04/2021;A;7:00:00;12932
9/04/2021;B;7:00:00;1984
10/04/2021;A;7:00:00;10054
10/04/2021;B;7:00:00;1546
11/04/2021;A;7:00:00;3289
11/04/2021;B;7:00:00;481
12/04/2021;A;7:00:00;27900
12/04/2021;B;7:00:00;4489
13/04/2021;A;7:00:00;27442
13/04/2021;B;7:00:00;4449
14/04/2021;A;7:00:00;27886
14/04/2021;B;7:00:00;4561
15/04/2021;A;7:00:00;27987
15/04/2021;B;7:00:00;4544
16/04/2021;A;7:00:00;16072
16/04/2021;B;7:00:00;2445
17/04/2021;A;7:00:00;12010
17/04/2021;B;7:00:00;1846
18/04/2021;A;7:00:00;3770
18/04/2021;B;7:00:00;536
19/04/2021;A;7:00:00;29801
19/04/2021;B;7:00:00;4878
20/04/2021;A;7:00:00;29299
20/04/2021;B;7:00:00;4726
21/04/2021;A;7:00:00;28928
21/04/2021;B;7:00:00;4669
22/04/2021;A;7:00:00;28943
22/04/2021;B;7:00:00;4739
23/04/2021;A;7:00:00;17664
23/04/2021;B;7:00:00;2772
24/04/2021;A;7:00:00;12799
24/04/2021;B;7:00:00;1952
25/04/2021;A;7:00:00;3778
25/04/2021;B;7:00:00;536
26/04/2021;A;7:00:00;29475
26/04/2021;B;7:00:00;4813
27/04/2021;A;7:00:00;29526
27/04/2021;B;7:00:00;4848
28/04/2021;A;7:00:00;27136
28/04/2021;B;7:00:00;4480
29/04/2021;A;7:00:00;28510
29/04/2021;B;7:00:00;4783
30/04/2021;A;7:00:00;17954
30/04/2021;B;7:00:00;2912
1/05/2021;A;7:00:00;5664
1/05/2021;B;7:00:00;822
2/05/2021;A;7:00:00;1931
2/05/2021;B;7:00:00;271
3/05/2021;A;7:00:00;29499
3/05/2021;B;7:00:00;4828
4/05/2021;A;7:00:00;28624
4/05/2021;B;7:00:00;4729
5/05/2021;A;7:00:00;25746
5/05/2021;B;7:00:00;4236
6/05/2021;A;7:00:00;27617
6/05/2021;B;7:00:00;4425
7/05/2021;A;7:00:00;26953
7/05/2021;B;7:00:00;4246
8/05/2021;A;7:00:00;13276
8/05/2021;B;7:00:00;2218
9/05/2021;A;7:00:00;4050
9/05/2021;B;7:00:00;562
10/05/2021;A;7:00:00;29311
10/05/2021;B;7:00:00;4695
11/05/2021;A;7:00:00;20792
11/05/2021;B;7:00:00;4850
12/05/2021;A;7:00:00;25959
12/05/2021;B;7:00:00;4242
13/05/2021;A;7:00:00;28097
13/05/2021;B;7:00:00;4646
14/05/2021;A;7:00:00;27804
14/05/2021;B;7:00:00;4455
15/05/2021;A;7:00:00;21206
15/05/2021;B;7:00:00;3467
16/05/2021;A;7:00:00;7017
16/05/2021;B;7:00:00;1184
17/05/2021;A;7:00:00;6880
17/05/2021;B;7:00:00;1117
18/05/2021;A;7:00:00;30532
18/05/2021;B;7:00:00;4850
19/05/2021;A;7:00:00;27257
19/05/2021;B;7:00:00;4424
20/05/2021;A;7:00:00;29264
20/05/2021;B;7:00:00;4694
21/05/2021;A;7:00:00;29176
21/05/2021;B;7:00:00;4724
22/05/2021;A;7:00:00;23292
22/05/2021;B;7:00:00;3815
23/05/2021;A;7:00:00;6955
23/05/2021;B;7:00:00;1186
24/05/2021;A;7:00:00;29036
24/05/2021;B;7:00:00;4856
25/05/2021;A;7:00:00;29647
25/05/2021;B;7:00:00;4872
26/05/2021;A;7:00:00;29211
26/05/2021;B;7:00:00;4782
27/05/2021;A;7:00:00;29872
27/05/2021;B;7:00:00;4797
28/05/2021;A;7:00:00;28829
28/05/2021;B;7:00:00;4709
29/05/2021;A;7:00:00;23146
29/05/2021;B;7:00:00;3757
30/05/2021;A;7:00:00;7379
30/05/2021;B;7:00:00;1233
31/05/2021;A;7:00:00;30604
31/05/2021;B;7:00:00;4895
1/06/2021;A;7:00:00;32026
1/06/2021;B;7:00:00;5164
2/06/2021;A;7:00:00;30611
2/06/2021;B;7:00:00;4962
3/06/2021;A;7:00:00;30576
3/06/2021;B;7:00:00;5000
4/06/2021;A;7:00:00;30874
4/06/2021;B;7:00:00;4957
5/06/2021;A;7:00:00;23669
5/06/2021;B;7:00:00;3863
6/06/2021;A;7:00:00;8217
6/06/2021;B;7:00:00;1423
7/06/2021;A;7:00:00;7468
7/06/2021;B;7:00:00;728
8/06/2021;A;7:00:00;34278
8/06/2021;B;7:00:00;5145
9/06/2021;A;7:00:00;32701
9/06/2021;B;7:00:00;4954
10/06/2021;A;7:00:00;32744
10/06/2021;B;7:00:00;5101
11/06/2021;A;7:00:00;32341
11/06/2021;B;7:00:00;4895
12/06/2021;A;7:00:00;24688
12/06/2021;B;7:00:00;3794
13/06/2021;A;7:00:00;8109
13/06/2021;B;7:00:00;1395
14/06/2021;A;7:00:00;7544
14/06/2021;B;7:00:00;1219
15/06/2021;A;7:00:00;34906
15/06/2021;B;7:00:00;5381
16/06/2021;A;7:00:00;34253
16/06/2021;B;7:00:00;5061
17/06/2021;A;7:00:00;23714
17/06/2021;B;7:00:00;4202
18/06/2021;A;7:00:00;31850
18/06/2021;B;7:00:00;4897
19/06/2021;A;7:00:00;24662
19/06/2021;B;7:00:00;4637
20/06/2021;A;7:00:00;7951
20/06/2021;B;7:00:00;1372
21/06/2021;A;7:00:00;31645
21/06/2021;B;7:00:00;5529
22/06/2021;A;7:00:00;31681
22/06/2021;B;7:00:00;5683
23/06/2021;A;7:00:00;31453
23/06/2021;B;7:00:00;5685
24/06/2021;A;7:00:00;31285
24/06/2021;B;7:00:00;5889
25/06/2021;A;7:00:00;31572
25/06/2021;B;7:00:00;5175
26/06/2021;A;7:00:00;24584
26/06/2021;B;7:00:00;4032
27/06/2021;A;7:00:00;8485
27/06/2021;B;7:00:00;1410
28/06/2021;A;7:00:00;34368
28/06/2021;B;7:00:00;5189
29/06/2021;A;7:00:00;31975
29/06/2021;B;7:00:00;5081
30/06/2021;A;7:00:00;32057
30/06/2021;B;7:00:00;5153
1/07/2021;A;7:00:00;31738
1/07/2021;B;7:00:00;5035
2/07/2021;A;7:00:00;31742
2/07/2021;B;7:00:00;5150
3/07/2021;A;7:00:00;24141
3/07/2021;B;7:00:00;4018
4/07/2021;A;7:00:00;9421
4/07/2021;B;7:00:00;1640
5/07/2021;A;7:00:00;7980
5/07/2021;B;7:00:00;1293
6/07/2021;A;7:00:00;33689
6/07/2021;B;7:00:00;5342
7/07/2021;A;7:00:00;33177
7/07/2021;B;7:00:00;5327
8/07/2021;A;7:00:00;33433
8/07/2021;B;7:00:00;5268
9/07/2021;A;7:00:00;33433
9/07/2021;B;7:00:00;5357
10/07/2021;A;7:00:00;25547
10/07/2021;B;7:00:00;4349
11/07/2021;A;7:00:00;8448
11/07/2021;B;7:00:00;1427
12/07/2021;A;7:00:00;33633
12/07/2021;B;7:00:00;5309
13/07/2021;A;7:00:00;33460
13/07/2021;B;7:00:00;5376
14/07/2021;A;7:00:00;33463
14/07/2021;B;7:00:00;5381
15/07/2021;A;7:00:00;33100
15/07/2021;B;7:00:00;5357
16/07/2021;A;7:00:00;33943
16/07/2021;B;7:00:00;5368
17/07/2021;A;7:00:00;25678
17/07/2021;B;7:00:00;4339
18/07/2021;A;7:00:00;9074
18/07/2021;B;7:00:00;1542
19/07/2021;A;7:00:00;31069
19/07/2021;B;7:00:00;4920
20/07/2021;A;7:00:00;9215
20/07/2021;B;7:00:00;1464
21/07/2021;A;7:00:00;35120
21/07/2021;B;7:00:00;5686
22/07/2021;A;7:00:00;35076
22/07/2021;B;7:00:00;5560
23/07/2021;A;7:00:00;34920
23/07/2021;B;7:00:00;5619
24/07/2021;A;7:00:00;25873
24/07/2021;B;7:00:00;4284
25/07/2021;A;7:00:00;8225
25/07/2021;B;7:00:00;1409
26/07/2021;A;7:00:00;35734
26/07/2021;B;7:00:00;5557
27/07/2021;A;7:00:00;34488
27/07/2021;B;7:00:00;5628
28/07/2021;A;7:00:00;34451
28/07/2021;B;7:00:00;5388
29/07/2021;A;7:00:00;34781
29/07/2021;B;7:00:00;5581
30/07/2021;A;7:00:00;35248
30/07/2021;B;7:00:00;5592
31/07/2021;A;7:00:00;26899
31/07/2021;B;7:00:00;4332
1/08/2021;A;7:00:00;8534
1/08/2021;B;7:00:00;1527
2/08/2021;A;7:00:00;35791
2/08/2021;B;7:00:00;5783
3/08/2021;A;7:00:00;36002
3/08/2021;B;7:00:00;5763
4/08/2021;A;7:00:00;35630
4/08/2021;B;7:00:00;5755
5/08/2021;A;7:00:00;35702
5/08/2021;B;7:00:00;5634
6/08/2021;A;7:00:00;36122
6/08/2021;B;7:00:00;5724
7/08/2021;A;7:00:00;14820
7/08/2021;B;7:00:00;2434
8/08/2021;A;7:00:00;7682
8/08/2021;B;7:00:00;1276
9/08/2021;A;7:00:00;36525
9/08/2021;B;7:00:00;5777
10/08/2021;A;7:00:00;36427
10/08/2021;B;7:00:00;6112
11/08/2021;A;7:00:00;37169
11/08/2021;B;7:00:00;5979
12/08/2021;A;7:00:00;36472
12/08/2021;B;7:00:00;5862
13/08/2021;A;7:00:00;37057
13/08/2021;B;7:00:00;6019
14/08/2021;A;7:00:00;27229
14/08/2021;B;7:00:00;4394
15/08/2021;A;7:00:00;9903
15/08/2021;B;7:00:00;1714
16/08/2021;A;7:00:00;9342
16/08/2021;B;7:00:00;1581
17/08/2021;A;7:00:00;37805
17/08/2021;B;7:00:00;6049
18/08/2021;A;7:00:00;38534
18/08/2021;B;7:00:00;6336
19/08/2021;A;7:00:00;38213
19/08/2021;B;7:00:00;6098
20/08/2021;A;7:00:00;37160
20/08/2021;B;7:00:00;6131
21/08/2021;A;7:00:00;28200
21/08/2021;B;7:00:00;4481
22/08/2021;A;7:00:00;9515
22/08/2021;B;7:00:00;1588
23/08/2021;A;7:00:00;39013
23/08/2021;B;7:00:00;6438
24/08/2021;A;7:00:00;37510
24/08/2021;B;7:00:00;6079
25/08/2021;A;7:00:00;37971
25/08/2021;B;7:00:00;6124
26/08/2021;A;7:00:00;37988
26/08/2021;B;7:00:00;6191
27/08/2021;A;7:00:00;38066
27/08/2021;B;7:00:00;6050
28/08/2021;A;7:00:00;28328
28/08/2021;B;7:00:00;4694
29/08/2021;A;7:00:00;9395
29/08/2021;B;7:00:00;1695
30/08/2021;A;7:00:00;39351
30/08/2021;B;7:00:00;6229
31/08/2021;A;7:00:00;38604
31/08/2021;B;7:00:00;6132
1/09/2021;A;7:00:00;39344
1/09/2021;B;7:00:00;6242
2/09/2021;A;7:00:00;38720
2/09/2021;B;7:00:00;6131
3/09/2021;A;7:00:00;37841
3/09/2021;B;7:00:00;6071
4/09/2021;A;7:00:00;28156
4/09/2021;B;7:00:00;4722
5/09/2021;A;7:00:00;9603
5/09/2021;B;7:00:00;1633
6/09/2021;A;7:00:00;39839
6/09/2021;B;7:00:00;6219
7/09/2021;A;7:00:00;38774
7/09/2021;B;7:00:00;6260
8/09/2021;A;7:00:00;39335
8/09/2021;B;7:00:00;6423
9/09/2021;A;7:00:00;38867
9/09/2021;B;7:00:00;6462
10/09/2021;A;7:00:00;38540
10/09/2021;B;7:00:00;6188
11/09/2021;A;7:00:00;28768
11/09/2021;B;7:00:00;4591
12/09/2021;A;7:00:00;9015
12/09/2021;B;7:00:00;1553
13/09/2021;A;7:00:00;39079
13/09/2021;B;7:00:00;6110
14/09/2021;A;7:00:00;38732
14/09/2021;B;7:00:00;6373
15/09/2021;A;7:00:00;41768
15/09/2021;B;7:00:00;6916
16/09/2021;A;7:00:00;39523
16/09/2021;B;7:00:00;6393
17/09/2021;A;7:00:00;39062
17/09/2021;B;7:00:00;6337
18/09/2021;A;7:00:00;28788
18/09/2021;B;7:00:00;4687
19/09/2021;A;7:00:00;9367
19/09/2021;B;7:00:00;1628
20/09/2021;A;7:00:00;38989
20/09/2021;B;7:00:00;6388
21/09/2021;A;7:00:00;40499
21/09/2021;B;7:00:00;6523
22/09/2021;A;7:00:00;38959
22/09/2021;B;7:00:00;6511
23/09/2021;A;7:00:00;40540
23/09/2021;B;7:00:00;6489
24/09/2021;A;7:00:00;40124
24/09/2021;B;7:00:00;6357
25/09/2021;A;7:00:00;28884
25/09/2021;B;7:00:00;4755
26/09/2021;A;7:00:00;9642
26/09/2021;B;7:00:00;1650
27/09/2021;A;7:00:00;39286
27/09/2021;B;7:00:00;6262
28/09/2021;A;7:00:00;39326
28/09/2021;B;7:00:00;6166
29/09/2021;A;7:00:00;39556
29/09/2021;B;7:00:00;6517
30/09/2021;A;7:00:00;39901
30/09/2021;B;7:00:00;6464
1/10/2021;A;7:00:00;40414
1/10/2021;B;7:00:00;6400
2/10/2021;A;7:00:00;29118
2/10/2021;B;7:00:00;4755
3/10/2021;A;7:00:00;9719
3/10/2021;B;7:00:00;1696
4/10/2021;A;7:00:00;40655
4/10/2021;B;7:00:00;6546
5/10/2021;A;7:00:00;42307
5/10/2021;B;7:00:00;6775
6/10/2021;A;7:00:00;41732
6/10/2021;B;7:00:00;6888
7/10/2021;A;7:00:00;41477
7/10/2021;B;7:00:00;6888
8/10/2021;A;7:00:00;40948
8/10/2021;B;7:00:00;6696
9/10/2021;A;7:00:00;29841
9/10/2021;B;7:00:00;4711
10/10/2021;A;7:00:00;9873
10/10/2021;B;7:00:00;1752
11/10/2021;A;7:00:00;41238
11/10/2021;B;7:00:00;6724
12/10/2021;A;7:00:00;40036
12/10/2021;B;7:00:00;6882
13/10/2021;A;7:00:00;41420
13/10/2021;B;7:00:00;6773
14/10/2021;A;7:00:00;40424
14/10/2021;B;7:00:00;6814
15/10/2021;A;7:00:00;39998
15/10/2021;B;7:00:00;6502
16/10/2021;A;7:00:00;28646
16/10/2021;B;7:00:00;4703
17/10/2021;A;7:00:00;10333
17/10/2021;B;7:00:00;1914
18/10/2021;A;7:00:00;9487
18/10/2021;B;7:00:00;1680
19/10/2021;A;7:00:00;43260
19/10/2021;B;7:00:00;6867
20/10/2021;A;7:00:00;42531
20/10/2021;B;7:00:00;7185
21/10/2021;A;7:00:00;42453
21/10/2021;B;7:00:00;6923
22/10/2021;A;7:00:00;41174
22/10/2021;B;7:00:00;6793
23/10/2021;A;7:00:00;30611
23/10/2021;B;7:00:00;5115
24/10/2021;A;7:00:00;9783
24/10/2021;B;7:00:00;1706
25/10/2021;A;7:00:00;41405
25/10/2021;B;7:00:00;6733
26/10/2021;A;7:00:00;42448
26/10/2021;B;7:00:00;6941
27/10/2021;A;7:00:00;42551
27/10/2021;B;7:00:00;6895
28/10/2021;A;7:00:00;42839
28/10/2021;B;7:00:00;7045
29/10/2021;A;7:00:00;28418
29/10/2021;B;7:00:00;5498
30/10/2021;A;7:00:00;30580
30/10/2021;B;7:00:00;5086
31/10/2021;A;7:00:00;10187
31/10/2021;B;7:00:00;1738
1/11/2021;A;7:00:00;9504
1/11/2021;B;7:00:00;1703
2/11/2021;A;7:00:00;44106
2/11/2021;B;7:00:00;7012
3/11/2021;A;7:00:00;43725
3/11/2021;B;7:00:00;7027
4/11/2021;A;7:00:00;42667
4/11/2021;B;7:00:00;7165
5/11/2021;A;7:00:00;42778
5/11/2021;B;7:00:00;7038
6/11/2021;A;7:00:00;31208
6/11/2021;B;7:00:00;5289
7/11/2021;A;7:00:00;10308
7/11/2021;B;7:00:00;1861
8/11/2021;A;7:00:00;42725
8/11/2021;B;7:00:00;7032
9/11/2021;A;7:00:00;43853
9/11/2021;B;7:00:00;7297
10/11/2021;A;7:00:00;43764
10/11/2021;B;7:00:00;7168
11/11/2021;A;7:00:00;43137
11/11/2021;B;7:00:00;7349
12/11/2021;A;7:00:00;42664
12/11/2021;B;7:00:00;7018
13/11/2021;A;7:00:00;30762
13/11/2021;B;7:00:00;5345
14/11/2021;A;7:00:00;11486
14/11/2021;B;7:00:00;2096
15/11/2021;A;7:00:00;10776
15/11/2021;B;7:00:00;1992
16/11/2021;A;7:00:00;44730
16/11/2021;B;7:00:00;7549
17/11/2021;A;7:00:00;43906
17/11/2021;B;7:00:00;7486
18/11/2021;A;7:00:00;43666
18/11/2021;B;7:00:00;7423
19/11/2021;A;7:00:00;43912
19/11/2021;B;7:00:00;7408
20/11/2021;A;7:00:00;32191
20/11/2021;B;7:00:00;5347
21/11/2021;A;7:00:00;11150
21/11/2021;B;7:00:00;1906
22/11/2021;A;7:00:00;43417
22/11/2021;B;7:00:00;7286
23/11/2021;A;7:00:00;43715
23/11/2021;B;7:00:00;7108
24/11/2021;A;7:00:00;43900
24/11/2021;B;7:00:00;7349
25/11/2021;A;7:00:00;43947
25/11/2021;B;7:00:00;7526
26/11/2021;A;7:00:00;44526
26/11/2021;B;7:00:00;7207
27/11/2021;A;7:00:00;32887
27/11/2021;B;7:00:00;5671
28/11/2021;A;7:00:00;11693
28/11/2021;B;7:00:00;2041
29/11/2021;A;7:00:00;44717
29/11/2021;B;7:00:00;7459
30/11/2021;A;7:00:00;45197
30/11/2021;B;7:00:00;7551
1/12/2021;A;7:00:00;45294
1/12/2021;B;7:00:00;7345
2/12/2021;A;7:00:00;45185
2/12/2021;B;7:00:00;7416
3/12/2021;A;7:00:00;46321
3/12/2021;B;7:00:00;8435
4/12/2021;A;7:00:00;33246
4/12/2021;B;7:00:00;5470
5/12/2021;A;7:00:00;12481
5/12/2021;B;7:00:00;2095
6/12/2021;A;7:00:00;44244
6/12/2021;B;7:00:00;7292
7/12/2021;A;7:00:00;43827
7/12/2021;B;7:00:00;7284
8/12/2021;A;7:00:00;12939
8/12/2021;B;7:00:00;2286
9/12/2021;A;7:00:00;44816
9/12/2021;B;7:00:00;7468
10/12/2021;A;7:00:00;44630
10/12/2021;B;7:00:00;7440
11/12/2021;A;7:00:00;32774
11/12/2021;B;7:00:00;5413
12/12/2021;A;7:00:00;12038
12/12/2021;B;7:00:00;2107
13/12/2021;A;7:00:00;44630
13/12/2021;B;7:00:00;7438
14/12/2021;A;7:00:00;45405
14/12/2021;B;7:00:00;7408
15/12/2021;A;7:00:00;43837
15/12/2021;B;7:00:00;7437
16/12/2021;A;7:00:00;43728
16/12/2021;B;7:00:00;7123
17/12/2021;A;7:00:00;42938
17/12/2021;B;7:00:00;6946
18/12/2021;A;7:00:00;32143
18/12/2021;B;7:00:00;5511
19/12/2021;A;7:00:00;12836
19/12/2021;B;7:00:00;2288
20/12/2021;A;7:00:00;43119
20/12/2021;B;7:00:00;6925
21/12/2021;A;7:00:00;42126
21/12/2021;B;7:00:00;6979
22/12/2021;A;7:00:00;42050
22/12/2021;B;7:00:00;6883
23/12/2021;A;7:00:00;40100
23/12/2021;B;7:00:00;6738
24/12/2021;A;7:00:00;28270
24/12/2021;B;7:00:00;1850
25/12/2021;A;7:00:00;4889
25/12/2021;B;7:00:00;738
26/12/2021;A;7:00:00;7501
26/12/2021;B;7:00:00;1258
27/12/2021;A;7:00:00;35258
27/12/2021;B;7:00:00;5701
28/12/2021;A;7:00:00;35214
28/12/2021;B;7:00:00;5768
29/12/2021;A;7:00:00;34250
29/12/2021;B;7:00:00;5734
30/12/2021;A;7:00:00;32530
30/12/2021;B;7:00:00;5355
31/12/2021;A;7:00:00;18648
31/12/2021;B;7:00:00;3127
1/01/2022;A;7:00:00;3988
1/01/2022;B;7:00:00;555
2/01/2022;A;7:00:00;6210
2/01/2022;B;7:00:00;979
3/01/2022;A;7:00:00;29144
3/01/2022;B;7:00:00;4522
4/01/2022;A;7:00:00;30879
4/01/2022;B;7:00:00;4968
5/01/2022;A;7:00:00;30948
5/01/2022;B;7:00:00;5030
6/01/2022;A;7:00:00;30064
6/01/2022;B;7:00:00;5045
7/01/2022;A;7:00:00;29845
7/01/2022;B;7:00:00;4887
8/01/2022;A;7:00:00;22416
8/01/2022;B;7:00:00;3886
9/01/2022;A;7:00:00;8970
9/01/2022;B;7:00:00;1578
10/01/2022;A;7:00:00;8938
10/01/2022;B;7:00:00;1584
11/01/2022;A;7:00:00;36438
11/01/2022;B;7:00:00;5840
12/01/2022;A;7:00:00;36727
12/01/2022;B;7:00:00;5876
13/01/2022;A;7:00:00;36587
13/01/2022;B;7:00:00;5969
14/01/2022;A;7:00:00;36971
14/01/2022;B;7:00:00;6066
15/01/2022;A;7:00:00;27405
15/01/2022;B;7:00:00;4538
16/01/2022;A;7:00:00;9512
16/01/2022;B;7:00:00;1619
17/01/2022;A;7:00:00;39826
17/01/2022;B;7:00:00;6597
18/01/2022;A;7:00:00;40481
18/01/2022;B;7:00:00;6636
19/01/2022;A;7:00:00;40741
19/01/2022;B;7:00:00;6676
20/01/2022;A;7:00:00;40267
20/01/2022;B;7:00:00;6739
21/01/2022;A;7:00:00;40099
21/01/2022;B;7:00:00;6567
22/01/2022;A;7:00:00;28583
22/01/2022;B;7:00:00;4699
23/01/2022;A;7:00:00;9341
23/01/2022;B;7:00:00;1628
24/01/2022;A;7:00:00;42398
24/01/2022;B;7:00:00;6950
25/01/2022;A;7:00:00;42900
25/01/2022;B;7:00:00;7041
26/01/2022;A;7:00:00;43000
26/01/2022;B;7:00:00;6921
27/01/2022;A;7:00:00;42492
27/01/2022;B;7:00:00;7118
28/01/2022;A;7:00:00;43316
28/01/2022;B;7:00:00;7301
29/01/2022;A;7:00:00;30044
29/01/2022;B;7:00:00;4946
30/01/2022;A;7:00:00;10475
30/01/2022;B;7:00:00;1701
31/01/2022;A;7:00:00;44666
31/01/2022;B;7:00:00;6991
1/02/2022;A;7:00:00;45478
1/02/2022;B;7:00:00;7575
2/02/2022;A;7:00:00;46092
2/02/2022;B;7:00:00;7668
3/02/2022;A;7:00:00;45910
3/02/2022;B;7:00:00;7599
4/02/2022;A;7:00:00;45681
4/02/2022;B;7:00:00;7384
5/02/2022;A;7:00:00;31041
5/02/2022;B;7:00:00;5239
6/02/2022;A;7:00:00;10182
6/02/2022;B;7:00:00;1748
7/02/2022;A;7:00:00;47953
7/02/2022;B;7:00:00;7787
8/02/2022;A;7:00:00;48428
8/02/2022;B;7:00:00;8070
9/02/2022;A;7:00:00;48041
9/02/2022;B;7:00:00;7948
10/02/2022;A;7:00:00;48897
10/02/2022;B;7:00:00;7723
11/02/2022;A;7:00:00;46799
11/02/2022;B;7:00:00;7754
12/02/2022;A;7:00:00;31871
12/02/2022;B;7:00:00;5380
13/02/2022;A;7:00:00;10111
13/02/2022;B;7:00:00;1754
14/02/2022;A;7:00:00;47046
14/02/2022;B;7:00:00;7780
15/02/2022;A;7:00:00;48518
15/02/2022;B;7:00:00;7859
16/02/2022;A;7:00:00;48207
16/02/2022;B;7:00:00;7855
17/02/2022;A;7:00:00;47348
17/02/2022;B;7:00:00;7929
18/02/2022;A;7:00:00;46767
18/02/2022;B;7:00:00;7832
19/02/2022;A;7:00:00;33612
19/02/2022;B;7:00:00;5617
20/02/2022;A;7:00:00;10871
20/02/2022;B;7:00:00;1856
21/02/2022;A;7:00:00;47191
21/02/2022;B;7:00:00;7662
22/02/2022;A;7:00:00;48708
22/02/2022;B;7:00:00;8134
23/02/2022;A;7:00:00;48523
23/02/2022;B;7:00:00;8087
24/02/2022;A;7:00:00;47187
24/02/2022;B;7:00:00;8044
25/02/2022;A;7:00:00;46294
25/02/2022;B;7:00:00;7790
26/02/2022;A;7:00:00;33109
26/02/2022;B;7:00:00;5666
27/02/2022;A;7:00:00;10704
27/02/2022;B;7:00:00;1795
28/02/2022;A;7:00:00;49260
28/02/2022;B;7:00:00;8376
1/03/2022;A;7:00:00;50726
1/03/2022;B;7:00:00;8533
2/03/2022;A;7:00:00;50904
2/03/2022;B;7:00:00;8682
3/03/2022;A;7:00:00;48971
3/03/2022;B;7:00:00;8118
4/03/2022;A;7:00:00;48456
4/03/2022;B;7:00:00;8206
5/03/2022;A;7:00:00;34068
5/03/2022;B;7:00:00;5618
6/03/2022;A;7:00:00;10669
6/03/2022;B;7:00:00;1827
7/03/2022;A;7:00:00;49729
7/03/2022;B;7:00:00;8175
8/03/2022;A;7:00:00;49976
8/03/2022;B;7:00:00;8736
9/03/2022;A;7:00:00;50245
9/03/2022;B;7:00:00;8705
10/03/2022;A;7:00:00;48957
10/03/2022;B;7:00:00;8510
11/03/2022;A;7:00:00;48633
11/03/2022;B;7:00:00;8363
12/03/2022;A;7:00:00;32694
12/03/2022;B;7:00:00;5747
13/03/2022;A;7:00:00;229
13/03/2022;B;7:00:00;53
14/03/2022;A;7:00:00;48999
14/03/2022;B;7:00:00;7850
15/03/2022;A;7:00:00;50631
15/03/2022;B;7:00:00;8530
16/03/2022;A;7:00:00;49932
16/03/2022;B;7:00:00;8425
17/03/2022;A;7:00:00;50595
17/03/2022;B;7:00:00;8420
18/03/2022;A;7:00:00;47796
18/03/2022;B;7:00:00;8156
19/03/2022;A;7:00:00;32393
19/03/2022;B;7:00:00;5531
20/03/2022;A;7:00:00;11793
20/03/2022;B;7:00:00;2024
21/03/2022;A;7:00:00;9467
21/03/2022;B;7:00:00;1660
22/03/2022;A;7:00:00;51946
22/03/2022;B;7:00:00;8711
23/03/2022;A;7:00:00;51258
23/03/2022;B;7:00:00;8597
24/03/2022;A;7:00:00;49867
24/03/2022;B;7:00:00;8409
25/03/2022;A;7:00:00;49019
25/03/2022;B;7:00:00;7930
26/03/2022;A;7:00:00;33953
26/03/2022;B;7:00:00;5878
27/03/2022;A;7:00:00;10852
27/03/2022;B;7:00:00;1890
28/03/2022;A;7:00:00;49516
28/03/2022;B;7:00:00;8218
29/03/2022;A;7:00:00;51108
29/03/2022;B;7:00:00;8451
30/03/2022;A;7:00:00;51330
30/03/2022;B;7:00:00;8348
31/03/2022;A;7:00:00;49801
31/03/2022;B;7:00:00;8220
1/04/2022;A;7:00:00;51204
1/04/2022;B;7:00:00;8188
2/04/2022;A;7:00:00;34538
2/04/2022;B;7:00:00;5726
3/04/2022;A;7:00:00;11006
3/04/2022;B;7:00:00;1835
4/04/2022;A;7:00:00;51164
4/04/2022;B;7:00:00;8254
5/04/2022;A;7:00:00;51621
5/04/2022;B;7:00:00;8868
6/04/2022;A;7:00:00;52366
6/04/2022;B;7:00:00;8701
7/04/2022;A;7:00:00;50784
7/04/2022;B;7:00:00;8532
8/04/2022;A;7:00:00;49187
8/04/2022;B;7:00:00;8151
9/04/2022;A;7:00:00;34042
9/04/2022;B;7:00:00;5623
10/04/2022;A;7:00:00;11084
10/04/2022;B;7:00:00;1833
11/04/2022;A;7:00:00;40514
11/04/2022;B;7:00:00;6698
12/04/2022;A;7:00:00;39769
12/04/2022;B;7:00:00;6515
13/04/2022;A;7:00:00;36662
13/04/2022;B;7:00:00;6321
14/04/2022;A;7:00:00;11494
14/04/2022;B;7:00:00;1963
15/04/2022;A;7:00:00;7894
15/04/2022;B;7:00:00;1347
16/04/2022;A;7:00:00;15854
16/04/2022;B;7:00:00;2810
17/04/2022;A;7:00:00;8531
17/04/2022;B;7:00:00;1354
18/04/2022;A;7:00:00;48135
18/04/2022;B;7:00:00;7870
19/04/2022;A;7:00:00;50374
19/04/2022;B;7:00:00;8418
20/04/2022;A;7:00:00;51196
20/04/2022;B;7:00:00;8737
21/04/2022;A;7:00:00;51018
21/04/2022;B;7:00:00;8516
22/04/2022;A;7:00:00;50111
22/04/2022;B;7:00:00;8372
23/04/2022;A;7:00:00;34953
23/04/2022;B;7:00:00;5814
24/04/2022;A;7:00:00;11199
24/04/2022;B;7:00:00;1956
25/04/2022;A;7:00:00;51376
25/04/2022;B;7:00:00;8149
26/04/2022;A;7:00:00;51145
26/04/2022;B;7:00:00;8417
27/04/2022;A;7:00:00;51099
27/04/2022;B;7:00:00;8433
28/04/2022;A;7:00:00;46375
28/04/2022;B;7:00:00;7751
29/04/2022;A;7:00:00;49186
29/04/2022;B;7:00:00;8116
30/04/2022;A;7:00:00;34731
30/04/2022;B;7:00:00;5908
1/05/2022;A;7:00:00;10670
1/05/2022;B;7:00:00;1732
2/05/2022;A;7:00:00;51340
2/05/2022;B;7:00:00;8211
3/05/2022;A;7:00:00;51221
3/05/2022;B;7:00:00;8348
4/05/2022;A;7:00:00;51815
4/05/2022;B;7:00:00;8559
5/05/2022;A;7:00:00;50456
5/05/2022;B;7:00:00;8619
6/05/2022;A;7:00:00;49092
6/05/2022;B;7:00:00;8157
7/05/2022;A;7:00:00;32698
7/05/2022;B;7:00:00;5716
8/05/2022;A;7:00:00;8856
8/05/2022;B;7:00:00;1551
9/05/2022;A;7:00:00;47080
9/05/2022;B;7:00:00;7907
10/05/2022;A;7:00:00;51508
10/05/2022;B;7:00:00;8587
11/05/2022;A;7:00:00;50414
11/05/2022;B;7:00:00;8493
12/05/2022;A;7:00:00;50259
12/05/2022;B;7:00:00;8543
13/05/2022;A;7:00:00;48046
13/05/2022;B;7:00:00;7934
14/05/2022;A;7:00:00;34222
14/05/2022;B;7:00:00;5720
15/05/2022;A;7:00:00;10731
15/05/2022;B;7:00:00;1795
16/05/2022;A;7:00:00;48883
16/05/2022;B;7:00:00;8233
17/05/2022;A;7:00:00;51191
17/05/2022;B;7:00:00;8792
18/05/2022;A;7:00:00;51676
18/05/2022;B;7:00:00;8572
19/05/2022;A;7:00:00;49765
19/05/2022;B;7:00:00;8432
20/05/2022;A;7:00:00;48232
20/05/2022;B;7:00:00;8229
21/05/2022;A;7:00:00;34123
21/05/2022;B;7:00:00;5935
22/05/2022;A;7:00:00;11377
22/05/2022;B;7:00:00;1814
23/05/2022;A;7:00:00;45596
23/05/2022;B;7:00:00;8142
24/05/2022;A;7:00:00;50037
24/05/2022;B;7:00:00;8407
25/05/2022;A;7:00:00;49455
25/05/2022;B;7:00:00;8462
26/05/2022;A;7:00:00;49897
26/05/2022;B;7:00:00;8428
27/05/2022;A;7:00:00;48022
27/05/2022;B;7:00:00;8047
28/05/2022;A;7:00:00;32051
28/05/2022;B;7:00:00;5427
29/05/2022;A;7:00:00;148
29/05/2022;B;7:00:00;81
30/05/2022;A;7:00:00;10361
30/05/2022;B;7:00:00;1858
31/05/2022;A;7:00:00;50801
31/05/2022;B;7:00:00;8394
1/06/2022;A;7:00:00;49408
1/06/2022;B;7:00:00;8345
2/06/2022;A;7:00:00;49752
2/06/2022;B;7:00:00;8083
3/06/2022;A;7:00:00;48611
3/06/2022;B;7:00:00;7998
4/06/2022;A;7:00:00;33896
4/06/2022;B;7:00:00;5650
5/06/2022;A;7:00:00;10481
5/06/2022;B;7:00:00;1806
6/06/2022;A;7:00:00;47897
6/06/2022;B;7:00:00;7876
7/06/2022;A;7:00:00;49691
7/06/2022;B;7:00:00;8330
8/06/2022;A;7:00:00;48579
8/06/2022;B;7:00:00;8097
9/06/2022;A;7:00:00;47727
9/06/2022;B;7:00:00;8116
10/06/2022;A;7:00:00;47300
10/06/2022;B;7:00:00;7865
11/06/2022;A;7:00:00;31572
11/06/2022;B;7:00:00;5498
12/06/2022;A;7:00:00;10520
12/06/2022;B;7:00:00;1803
13/06/2022;A;7:00:00;46892
13/06/2022;B;7:00:00;7802
14/06/2022;A;7:00:00;48895
14/06/2022;B;7:00:00;8187
15/06/2022;A;7:00:00;48202
15/06/2022;B;7:00:00;8110
16/06/2022;A;7:00:00;36513
16/06/2022;B;7:00:00;8306
17/06/2022;A;7:00:00;36399
17/06/2022;B;7:00:00;7648
18/06/2022;A;7:00:00;25043
18/06/2022;B;7:00:00;5230
19/06/2022;A;7:00:00;159
19/06/2022;B;7:00:00;12
20/06/2022;A;7:00:00;7737
20/06/2022;B;7:00:00;1787
21/06/2022;A;7:00:00;37746
21/06/2022;B;7:00:00;7814
22/06/2022;A;7:00:00;45741
22/06/2022;B;7:00:00;8091
23/06/2022;A;7:00:00;46082
23/06/2022;B;7:00:00;7856
24/06/2022;A;7:00:00;45673
24/06/2022;B;7:00:00;7750
25/06/2022;A;7:00:00;32063
25/06/2022;B;7:00:00;5419
26/06/2022;A;7:00:00;10313
26/06/2022;B;7:00:00;1765
27/06/2022;A;7:00:00;9692
27/06/2022;B;7:00:00;1733
28/06/2022;A;7:00:00;47313
28/06/2022;B;7:00:00;7794
29/06/2022;A;7:00:00;50064
29/06/2022;B;7:00:00;7991
30/06/2022;A;7:00:00;48464
30/06/2022;B;7:00:00;7589
1/07/2022;A;7:00:00;47202
1/07/2022;B;7:00:00;7576
2/07/2022;A;7:00:00;32377
2/07/2022;B;7:00:00;5214
3/07/2022;A;7:00:00;11943
3/07/2022;B;7:00:00;2091
4/07/2022;A;7:00:00;10229
4/07/2022;B;7:00:00;1827
5/07/2022;A;7:00:00;48687
5/07/2022;B;7:00:00;7925
6/07/2022;A;7:00:00;48801
6/07/2022;B;7:00:00;8064
7/07/2022;A;7:00:00;49007
7/07/2022;B;7:00:00;7821
8/07/2022;A;7:00:00;48527
8/07/2022;B;7:00:00;7714
9/07/2022;A;7:00:00;34620
9/07/2022;B;7:00:00;5612
10/07/2022;A;7:00:00;11215
10/07/2022;B;7:00:00;1945
11/07/2022;A;7:00:00;47753
11/07/2022;B;7:00:00;7848
12/07/2022;A;7:00:00;47238
12/07/2022;B;7:00:00;7978
13/07/2022;A;7:00:00;49119
13/07/2022;B;7:00:00;8250
14/07/2022;A;7:00:00;48122
14/07/2022;B;7:00:00;7900
15/07/2022;A;7:00:00;47488
15/07/2022;B;7:00:00;7924
16/07/2022;A;7:00:00;33562
16/07/2022;B;7:00:00;5608
17/07/2022;A;7:00:00;11174
17/07/2022;B;7:00:00;1908
18/07/2022;A;7:00:00;49510
18/07/2022;B;7:00:00;7912
19/07/2022;A;7:00:00;49209
19/07/2022;B;7:00:00;8250
20/07/2022;A;7:00:00;14337
20/07/2022;B;7:00:00;2456
21/07/2022;A;7:00:00;49279
21/07/2022;B;7:00:00;8130
22/07/2022;A;7:00:00;47840
22/07/2022;B;7:00:00;7913
23/07/2022;A;7:00:00;30536
23/07/2022;B;7:00:00;5092
24/07/2022;A;7:00:00;9761
24/07/2022;B;7:00:00;1619
25/07/2022;A;7:00:00;49169
25/07/2022;B;7:00:00;7960
26/07/2022;A;7:00:00;50822
26/07/2022;B;7:00:00;8647
27/07/2022;A;7:00:00;49022
27/07/2022;B;7:00:00;8380
28/07/2022;A;7:00:00;52070
28/07/2022;B;7:00:00;8283
29/07/2022;A;7:00:00;49070
29/07/2022;B;7:00:00;8113
30/07/2022;A;7:00:00;33802
30/07/2022;B;7:00:00;5627
31/07/2022;A;7:00:00;10934
31/07/2022;B;7:00:00;1796
1/08/2022;A;7:00:00;51539
1/08/2022;B;7:00:00;8281
2/08/2022;A;7:00:00;53531
2/08/2022;B;7:00:00;8550
3/08/2022;A;7:00:00;50740
3/08/2022;B;7:00:00;8398
4/08/2022;A;7:00:00;50100
4/08/2022;B;7:00:00;8214
5/08/2022;A;7:00:00;50120
5/08/2022;B;7:00:00;8236
6/08/2022;A;7:00:00;34392
6/08/2022;B;7:00:00;5685
7/08/2022;A;7:00:00;10702
7/08/2022;B;7:00:00;1731
8/08/2022;A;7:00:00;49412
8/08/2022;B;7:00:00;8020
9/08/2022;A;7:00:00;51945
9/08/2022;B;7:00:00;8560
10/08/2022;A;7:00:00;51137
10/08/2022;B;7:00:00;8348
11/08/2022;A;7:00:00;50978
11/08/2022;B;7:00:00;8205
12/08/2022;A;7:00:00;48994
12/08/2022;B;7:00:00;8133
13/08/2022;A;7:00:00;34158
13/08/2022;B;7:00:00;5879
14/08/2022;A;7:00:00;12982
14/08/2022;B;7:00:00;2218
15/08/2022;A;7:00:00;10907
15/08/2022;B;7:00:00;1900
16/08/2022;A;7:00:00;58410
16/08/2022;B;7:00:00;9620
17/08/2022;A;7:00:00;52853
17/08/2022;B;7:00:00;8649
18/08/2022;A;7:00:00;52284
18/08/2022;B;7:00:00;8665
19/08/2022;A;7:00:00;49513
19/08/2022;B;7:00:00;8357
20/08/2022;A;7:00:00;36526
20/08/2022;B;7:00:00;5943
21/08/2022;A;7:00:00;11347
21/08/2022;B;7:00:00;1892
22/08/2022;A;7:00:00;53104
22/08/2022;B;7:00:00;8417
23/08/2022;A;7:00:00;53045
23/08/2022;B;7:00:00;8644
24/08/2022;A;7:00:00;53253
24/08/2022;B;7:00:00;8341
25/08/2022;A;7:00:00;52370
25/08/2022;B;7:00:00;8553
26/08/2022;A;7:00:00;51169
26/08/2022;B;7:00:00;8200
27/08/2022;A;7:00:00;35993
27/08/2022;B;7:00:00;5852
28/08/2022;A;7:00:00;10845
28/08/2022;B;7:00:00;1864
29/08/2022;A;7:00:00;53981
29/08/2022;B;7:00:00;8631
30/08/2022;A;7:00:00;52218
30/08/2022;B;7:00:00;8574
31/08/2022;A;7:00:00;54062
31/08/2022;B;7:00:00;8626
1/09/2022;A;7:00:00;52511
1/09/2022;B;7:00:00;8335
2/09/2022;A;7:00:00;51556
2/09/2022;B;7:00:00;8166
3/09/2022;A;7:00:00;36061
3/09/2022;B;7:00:00;5734
4/09/2022;A;7:00:00;13219
4/09/2022;B;7:00:00;2266
5/09/2022;A;7:00:00;50688
5/09/2022;B;7:00:00;8102
6/09/2022;A;7:00:00;55520
6/09/2022;B;7:00:00;8644
7/09/2022;A;7:00:00;54013
7/09/2022;B;7:00:00;8735
8/09/2022;A;7:00:00;54601
8/09/2022;B;7:00:00;8662
9/09/2022;A;7:00:00;51642
9/09/2022;B;7:00:00;8249
10/09/2022;A;7:00:00;35681
10/09/2022;B;7:00:00;5779
11/09/2022;A;7:00:00;11392
11/09/2022;B;7:00:00;1848
12/09/2022;A;7:00:00;51835
12/09/2022;B;7:00:00;8253
13/09/2022;A;7:00:00;52956
13/09/2022;B;7:00:00;8599
14/09/2022;A;7:00:00;53467
14/09/2022;B;7:00:00;8706
15/09/2022;A;7:00:00;54493
15/09/2022;B;7:00:00;8532
16/09/2022;A;7:00:00;53601
16/09/2022;B;7:00:00;8450
17/09/2022;A;7:00:00;35402
17/09/2022;B;7:00:00;5725
18/09/2022;A;7:00:00;10739
18/09/2022;B;7:00:00;1760
19/09/2022;A;7:00:00;49063
19/09/2022;B;7:00:00;8023
20/09/2022;A;7:00:00;50920
20/09/2022;B;7:00:00;8300
21/09/2022;A;7:00:00;51824
21/09/2022;B;7:00:00;8450
22/09/2022;A;7:00:00;52526
22/09/2022;B;7:00:00;8419
23/09/2022;A;7:00:00;50892
23/09/2022;B;7:00:00;8039
24/09/2022;A;7:00:00;36124
24/09/2022;B;7:00:00;5741
25/09/2022;A;7:00:00;11520
25/09/2022;B;7:00:00;2049
26/09/2022;A;7:00:00;50244
26/09/2022;B;7:00:00;8008
27/09/2022;A;7:00:00;52819
27/09/2022;B;7:00:00;8647
28/09/2022;A;7:00:00;53328
28/09/2022;B;7:00:00;8686
29/09/2022;A;7:00:00;50973
29/09/2022;B;7:00:00;8291
30/09/2022;A;7:00:00;52525
30/09/2022;B;7:00:00;8799
1/10/2022;A;7:00:00;35094
1/10/2022;B;7:00:00;5842
2/10/2022;A;7:00:00;12787
2/10/2022;B;7:00:00;2134
3/10/2022;A;7:00:00;40951
3/10/2022;B;7:00:00;6158
4/10/2022;A;7:00:00;50523
4/10/2022;B;7:00:00;8490
5/10/2022;A;7:00:00;52324
5/10/2022;B;7:00:00;8048
6/10/2022;A;7:00:00;52236
6/10/2022;B;7:00:00;8115
7/10/2022;A;7:00:00;50160
7/10/2022;B;7:00:00;8176
8/10/2022;A;7:00:00;35586
8/10/2022;B;7:00:00;5686
9/10/2022;A;7:00:00;11246
9/10/2022;B;7:00:00;1920
10/10/2022;A;7:00:00;49225
10/10/2022;B;7:00:00;7880
11/10/2022;A;7:00:00;50210
11/10/2022;B;7:00:00;8492
12/10/2022;A;7:00:00;52138
12/10/2022;B;7:00:00;8405
13/10/2022;A;7:00:00;50988
13/10/2022;B;7:00:00;8331
14/10/2022;A;7:00:00;48814
14/10/2022;B;7:00:00;7806
15/10/2022;A;7:00:00;33215
15/10/2022;B;7:00:00;6390
16/10/2022;A;7:00:00;11868
16/10/2022;B;7:00:00;2065
17/10/2022;A;7:00:00;10624
17/10/2022;B;7:00:00;1940
18/10/2022;A;7:00:00;51033
18/10/2022;B;7:00:00;9613
19/10/2022;A;7:00:00;52642
19/10/2022;B;7:00:00;9584
20/10/2022;A;7:00:00;52471
20/10/2022;B;7:00:00;9356
21/10/2022;A;7:00:00;48232
21/10/2022;B;7:00:00;9381
22/10/2022;A;7:00:00;36007
22/10/2022;B;7:00:00;6934
23/10/2022;A;7:00:00;11244
23/10/2022;B;7:00:00;1932
24/10/2022;A;7:00:00;51405
24/10/2022;B;7:00:00;8467
25/10/2022;A;7:00:00;53850
25/10/2022;B;7:00:00;8761
26/10/2022;A;7:00:00;52130
26/10/2022;B;7:00:00;8737
27/10/2022;A;7:00:00;52035
27/10/2022;B;7:00:00;8699
28/10/2022;A;7:00:00;50229
28/10/2022;B;7:00:00;8186
29/10/2022;A;7:00:00;35974
29/10/2022;B;7:00:00;5852
30/10/2022;A;7:00:00;11255
30/10/2022;B;7:00:00;1799
31/10/2022;A;7:00:00;50218
31/10/2022;B;7:00:00;7733
1/11/2022;A;7:00:00;52628
1/11/2022;B;7:00:00;8512
2/11/2022;A;7:00:00;52138
2/11/2022;B;7:00:00;8424
3/11/2022;A;7:00:00;52592
3/11/2022;B;7:00:00;8305
4/11/2022;A;7:00:00;50976
4/11/2022;B;7:00:00;8128
5/11/2022;A;7:00:00;35396
5/11/2022;B;7:00:00;5775
6/11/2022;A;7:00:00;11560
6/11/2022;B;7:00:00;2149
7/11/2022;A;7:00:00;10886
7/11/2022;B;7:00:00;1838
8/11/2022;A;7:00:00;55365
8/11/2022;B;7:00:00;8955
9/11/2022;A;7:00:00;51765
9/11/2022;B;7:00:00;8569
10/11/2022;A;7:00:00;35126
10/11/2022;B;7:00:00;8445
11/11/2022;A;7:00:00;49724
11/11/2022;B;7:00:00;8251
12/11/2022;A;7:00:00;34888
12/11/2022;B;7:00:00;5655
13/11/2022;A;7:00:00;11711
13/11/2022;B;7:00:00;1965
14/11/2022;A;7:00:00;10879
14/11/2022;B;7:00:00;1990
15/11/2022;A;7:00:00;52684
15/11/2022;B;7:00:00;8461
16/11/2022;A;7:00:00;52226
16/11/2022;B;7:00:00;8525
17/11/2022;A;7:00:00;51482
17/11/2022;B;7:00:00;8262
18/11/2022;A;7:00:00;50217
18/11/2022;B;7:00:00;8164
19/11/2022;A;7:00:00;36588
19/11/2022;B;7:00:00;5825
20/11/2022;A;7:00:00;11330
20/11/2022;B;7:00:00;1844
21/11/2022;A;7:00:00;51728
21/11/2022;B;7:00:00;7942
22/11/2022;A;7:00:00;50279
22/11/2022;B;7:00:00;8470
23/11/2022;A;7:00:00;51413
23/11/2022;B;7:00:00;8586
24/11/2022;A;7:00:00;49570
24/11/2022;B;7:00:00;8079
25/11/2022;A;7:00:00;49461
25/11/2022;B;7:00:00;8129
26/11/2022;A;7:00:00;35371
26/11/2022;B;7:00:00;5589
27/11/2022;A;7:00:00;11798
27/11/2022;B;7:00:00;2133
28/11/2022;A;7:00:00;49760
28/11/2022;B;7:00:00;7973
29/11/2022;A;7:00:00;50605
29/11/2022;B;7:00:00;8170
30/11/2022;A;7:00:00;50446
30/11/2022;B;7:00:00;8273
1/12/2022;A;7:00:00;49615
1/12/2022;B;7:00:00;8215
2/12/2022;A;7:00:00;49220
2/12/2022;B;7:00:00;8141
3/12/2022;A;7:00:00;35167
3/12/2022;B;7:00:00;5744
4/12/2022;A;7:00:00;12770
4/12/2022;B;7:00:00;2131
5/12/2022;A;7:00:00;49762
5/12/2022;B;7:00:00;7890
6/12/2022;A;7:00:00;51274
6/12/2022;B;7:00:00;8387
7/12/2022;A;7:00:00;50259
7/12/2022;B;7:00:00;8029
8/12/2022;A;7:00:00;13360
8/12/2022;B;7:00:00;2314
9/12/2022;A;7:00:00;45700
9/12/2022;B;7:00:00;7374
10/12/2022;A;7:00:00;33927
10/12/2022;B;7:00:00;5624
11/12/2022;A;7:00:00;12109
11/12/2022;B;7:00:00;2020
12/12/2022;A;7:00:00;51607
12/12/2022;B;7:00:00;7632
13/12/2022;A;7:00:00;49882
13/12/2022;B;7:00:00;8048
14/12/2022;A;7:00:00;49642
14/12/2022;B;7:00:00;8075
15/12/2022;A;7:00:00;49691
15/12/2022;B;7:00:00;7989
16/12/2022;A;7:00:00;49030
16/12/2022;B;7:00:00;7935
17/12/2022;A;7:00:00;34538
17/12/2022;B;7:00:00;5443
18/12/2022;A;7:00:00;12664
18/12/2022;B;7:00:00;2252
19/12/2022;A;7:00:00;46944
19/12/2022;B;7:00:00;7500
20/12/2022;A;7:00:00;47508
20/12/2022;B;7:00:00;7656
21/12/2022;A;7:00:00;46584
21/12/2022;B;7:00:00;7514
22/12/2022;A;7:00:00;46087
22/12/2022;B;7:00:00;7352
23/12/2022;A;7:00:00;40936
23/12/2022;B;7:00:00;6684
24/12/2022;A;7:00:00;22509
24/12/2022;B;7:00:00;3896
25/12/2022;A;7:00:00;4955
25/12/2022;B;7:00:00;771
26/12/2022;A;7:00:00;34764
26/12/2022;B;7:00:00;5577
27/12/2022;A;7:00:00;37705
27/12/2022;B;7:00:00;5746
28/12/2022;A;7:00:00;37722
28/12/2022;B;7:00:00;5955
29/12/2022;A;7:00:00;36292
29/12/2022;B;7:00:00;5715
30/12/2022;A;7:00:00;31458
30/12/2022;B;7:00:00;5039
31/12/2022;A;7:00:00;15170
31/12/2022;B;7:00:00;2457
1/01/2023;A;7:00:00;4309
1/01/2024;B;7:00:00;655
1/02/2023;A;7:00:00;25764
1/02/2023;B;7:00:00;4170
1/03/2023;A;7:00:00;32714
1/03/2023;B;7:00:00;5172
1/04/2023;A;7:00:00;34331
1/04/2023;B;7:00:00;5530
1/05/2023;A;7:00:00;34767
1/05/2023;B;7:00:00;5523
1/06/2023;A;7:00:00;34025
1/06/2023;B;7:00:00;5452
1/07/2023;A;7:00:00;24054
1/07/2023;B;7:00:00;3958
1/08/2023;A;7:00:00;10169
1/08/2023;B;7:00:00;1698
1/09/2023;A;7:00:00;9646
1/09/2023;B;7:00:00;1611
1/10/2023;A;7:00:00;41535
1/10/2023;B;7:00:00;6533
1/11/2023;A;7:00:00;41839
1/11/2023;B;7:00:00;6679
1/12/2023;A;7:00:00;42098
1/12/2023;B;7:00:00;6838
13/01/2023;A;7:00:00;42350
13/01/2023;B;7:00:00;6686
14/01/2023;A;7:00:00;29498
14/01/2023;B;7:00:00;4778
15/01/2023;A;7:00:00;9944
15/01/2023;B;7:00:00;1619
16/01/2023;A;7:00:00;45186
16/01/2023;B;7:00:00;7082
17/01/2023;A;7:00:00;48058
17/01/2023;B;7:00:00;7726
18/01/2023;A;7:00:00;48061
18/01/2023;B;7:00:00;7730
19/01/2023;A;7:00:00;47573
19/01/2023;B;7:00:00;7685
20/01/2023;A;7:00:00;47512
20/01/2023;B;7:00:00;7320
21/01/2023;A;7:00:00;31598
21/01/2023;B;7:00:00;5178
22/01/2023;A;7:00:00;10508
22/01/2023;B;7:00:00;1746
23/01/2023;A;7:00:00;48923
23/01/2023;B;7:00:00;7884
24/01/2023;A;7:00:00;49819
24/01/2023;B;7:00:00;7823
25/01/2023;A;7:00:00;48792
25/01/2023;B;7:00:00;7882
26/01/2023;A;7:00:00;48177
26/01/2023;B;7:00:00;7793
27/01/2023;A;7:00:00;47206
27/01/2023;B;7:00:00;7737
28/01/2023;A;7:00:00;32222
28/01/2023;B;7:00:00;5293
29/01/2023;A;7:00:00;10591
29/01/2023;B;7:00:00;1791
30/01/2023;A;7:00:00;49095
30/01/2023;B;7:00:00;7793
31/01/2023;A;7:00:00;49310
31/01/2023;B;7:00:00;7941
2/01/2023;A;7:00:00;52244
2/01/2023;B;7:00:00;8268
2/02/2023;A;7:00:00;50754
2/02/2023;B;7:00:00;8222
2/03/2023;A;7:00:00;49106
2/03/2023;B;7:00:00;7903
2/04/2023;A;7:00:00;33521
2/04/2023;B;7:00:00;5451
2/05/2023;A;7:00:00;10984
2/05/2023;B;7:00:00;1850
2/06/2023;A;7:00:00;51488
2/06/2023;B;7:00:00;8334
2/07/2023;A;7:00:00;53346
2/07/2023;B;7:00:00;9000
2/08/2023;A;7:00:00;53388
2/08/2023;B;7:00:00;8694
2/09/2023;A;7:00:00;52756
2/09/2023;B;7:00:00;8663
2/10/2023;A;7:00:00;52063
2/10/2023;B;7:00:00;8270
2/11/2023;A;7:00:00;35455
2/11/2023;B;7:00:00;5641
2/12/2023;A;7:00:00;10288
2/12/2023;B;7:00:00;1726
13/02/2023;A;7:00:00;51922
13/02/2023;B;7:00:00;8310
14/02/2023;A;7:00:00;51356
14/02/2023;B;7:00:00;8487
15/02/2023;A;7:00:00;50999
15/02/2023;B;7:00:00;8435
16/02/2023;A;7:00:00;53168
16/02/2023;B;7:00:00;8649
17/02/2023;A;7:00:00;51842
17/02/2023;B;7:00:00;8422
18/02/2023;A;7:00:00;35098
18/02/2023;B;7:00:00;5463
19/02/2023;A;7:00:00;10807
19/02/2023;B;7:00:00;1845
20/02/2023;A;7:00:00;53633
20/02/2023;B;7:00:00;8237
21/02/2023;A;7:00:00;54520
21/02/2023;B;7:00:00;8798
22/02/2023;A;7:00:00;48065
22/02/2023;B;7:00:00;7910
23/02/2023;A;7:00:00;54825
23/02/2023;B;7:00:00;8815
24/02/2023;A;7:00:00;53378
24/02/2023;B;7:00:00;8610
25/02/2023;A;7:00:00;36402
25/02/2023;B;7:00:00;5979
26/02/2023;A;7:00:00;10820
26/02/2023;B;7:00:00;1990
27/02/2023;A;7:00:00;51380
27/02/2023;B;7:00:00;8484
28/02/2023;A;7:00:00;53148
28/02/2023;B;7:00:00;8749
3/01/2023;A;7:00:00;55521
3/01/2023;B;7:00:00;8832
3/02/2023;A;7:00:00;53917
3/02/2023;B;7:00:00;8825
3/03/2023;A;7:00:00;53242
3/03/2023;B;7:00:00;8624
3/04/2023;A;7:00:00;36154
3/04/2023;B;7:00:00;5928
3/05/2023;A;7:00:00;11240
3/05/2023;B;7:00:00;1975
3/06/2023;A;7:00:00;54670
3/06/2023;B;7:00:00;8444
3/07/2023;A;7:00:00;54700
3/07/2023;B;7:00:00;8918
3/08/2023;A;7:00:00;57012
3/08/2023;B;7:00:00;8948
3/09/2023;A;7:00:00;54761
3/09/2023;B;7:00:00;8819
3/10/2023;A;7:00:00;52835
3/10/2023;B;7:00:00;8302
3/11/2023;A;7:00:00;36401
3/11/2023;B;7:00:00;6028
3/12/2023;A;7:00:00;10592
3/12/2023;B;7:00:00;1847
13/03/2023;A;7:00:00;51579
13/03/2023;B;7:00:00;8094
14/03/2023;A;7:00:00;55101
14/03/2023;B;7:00:00;8841
15/03/2023;A;7:00:00;54988
15/03/2023;B;7:00:00;8877
16/03/2023;A;7:00:00;54016
16/03/2023;B;7:00:00;8586
17/03/2023;A;7:00:00;53566
17/03/2023;B;7:00:00;8378
18/03/2023;A;7:00:00;35628
18/03/2023;B;7:00:00;5758
19/03/2023;A;7:00:00;11402
19/03/2023;B;7:00:00;2002
20/03/2023;A;7:00:00;9926
20/03/2023;B;7:00:00;1716
21/03/2023;A;7:00:00;55683
21/03/2023;B;7:00:00;8846
22/03/2023;A;7:00:00;55166
22/03/2023;B;7:00:00;8795
23/03/2023;A;7:00:00;53969
23/03/2023;B;7:00:00;8626
24/03/2023;A;7:00:00;52244
24/03/2023;B;7:00:00;8228
25/03/2023;A;7:00:00;37097
25/03/2023;B;7:00:00;6012
26/03/2023;A;7:00:00;11199
26/03/2023;B;7:00:00;1880
27/03/2023;A;7:00:00;53296
27/03/2023;B;7:00:00;8489
28/03/2023;A;7:00:00;55149
28/03/2023;B;7:00:00;8778
29/03/2023;A;7:00:00;54806
29/03/2023;B;7:00:00;8851
30/03/2023;A;7:00:00;53599
30/03/2023;B;7:00:00;8560
31/03/2023;A;7:00:00;51862
31/03/2023;B;7:00:00;8476
4/01/2023;A;7:00:00;36120
4/01/2023;B;7:00:00;5801
4/02/2023;A;7:00:00;11458
4/02/2023;B;7:00:00;1911
4/03/2023;A;7:00:00;43350
4/03/2023;B;7:00:00;6735
4/04/2023;A;7:00:00;42263
4/04/2023;B;7:00:00;6627
4/05/2023;A;7:00:00;38575
4/05/2023;B;7:00:00;6296
4/06/2023;A;7:00:00;11646
4/06/2023;B;7:00:00;1907
4/07/2023;A;7:00:00;7861
4/07/2023;B;7:00:00;1369
4/08/2023;A;7:00:00;15870
4/08/2023;B;7:00:00;2515
4/09/2023;A;7:00:00;8920
4/09/2023;B;7:00:00;1386
4/10/2023;A;7:00:00;51011
4/10/2023;B;7:00:00;8001
4/11/2023;A;7:00:00;54304
4/11/2023;B;7:00:00;8835
4/12/2023;A;7:00:00;55021
4/12/2023;B;7:00:00;8740
13/04/2023;A;7:00:00;54758
13/04/2023;B;7:00:00;8399
14/04/2023;A;7:00:00;52460
14/04/2023;B;7:00:00;8170
15/04/2023;A;7:00:00;36119
15/04/2023;B;7:00:00;5891
16/04/2023;A;7:00:00;11649
16/04/2023;B;7:00:00;1849
17/04/2023;A;7:00:00;53620
17/04/2023;B;7:00:00;8207
18/04/2023;A;7:00:00;54936
18/04/2023;B;7:00:00;8830
19/04/2023;A;7:00:00;55145
19/04/2023;B;7:00:00;8707
20/04/2023;A;7:00:00;54675
20/04/2023;B;7:00:00;8433
21/04/2023;A;7:00:00;53008
21/04/2023;B;7:00:00;8371
22/04/2023;A;7:00:00;36033
22/04/2023;B;7:00:00;5865
23/04/2023;A;7:00:00;12528
23/04/2023;B;7:00:00;2096
24/04/2023;A;7:00:00;53427
24/04/2023;B;7:00:00;8164
25/04/2023;A;7:00:00;55285
25/04/2023;B;7:00:00;8706
26/04/2023;A;7:00:00;55211
26/04/2023;B;7:00:00;8527
27/04/2023;A;7:00:00;55229
27/04/2023;B;7:00:00;5398
28/04/2023;A;7:00:00;51746
28/04/2023;B;7:00:00;7975
29/04/2023;A;7:00:00;35973
29/04/2023;B;7:00:00;5632
30/04/2023;A;7:00:00;12422
30/04/2023;B;7:00:00;2110
5/01/2023;A;7:00:00;10292
5/01/2023;B;7:00:00;1705
5/02/2023;A;7:00:00;56343
5/02/2023;B;7:00:00;8699
5/03/2023;A;7:00:00;55325
5/03/2023;B;7:00:00;8481
5/04/2023;A;7:00:00;53544
5/04/2023;B;7:00:00;8352
5/05/2023;A;7:00:00;53367
5/05/2023;B;7:00:00;8422
5/06/2023;A;7:00:00;36421
5/06/2023;B;7:00:00;5889
5/07/2023;A;7:00:00;11781
5/07/2023;B;7:00:00;2101
5/08/2023;A;7:00:00;52515
5/08/2023;B;7:00:00;8249
5/09/2023;A;7:00:00;54295
5/09/2023;B;7:00:00;8645
5/10/2023;A;7:00:00;54836
5/10/2023;B;7:00:00;8594
5/11/2023;A;7:00:00;53667
5/11/2023;B;7:00:00;8212
5/12/2023;A;7:00:00;52736
5/12/2023;B;7:00:00;8205
13/05/2023;A;7:00:00;36003
13/05/2023;B;7:00:00;5707
14/05/2023;A;7:00:00;10123
14/05/2023;B;7:00:00;1612
15/05/2023;A;7:00:00;50925
15/05/2023;B;7:00:00;7736
16/05/2023;A;7:00:00;54467
16/05/2023;B;7:00:00;8542
17/05/2023;A;7:00:00;55214
17/05/2023;B;7:00:00;8643
18/05/2023;A;7:00:00;53435
18/05/2023;B;7:00:00;8256
19/05/2023;A;7:00:00;51539
19/05/2023;B;7:00:00;7978
20/05/2023;A;7:00:00;35339
20/05/2023;B;7:00:00;5632
21/05/2023;A;7:00:00;12117
21/05/2023;B;7:00:00;2007
22/05/2023;A;7:00:00;9969
22/05/2023;B;7:00:00;1646
23/05/2023;A;7:00:00;57907
23/05/2023;B;7:00:00;8679
24/05/2023;A;7:00:00;53665
24/05/2023;B;7:00:00;8617
25/05/2023;A;7:00:00;53239
25/05/2023;B;7:00:00;8339
26/05/2023;A;7:00:00;52560
26/05/2023;B;7:00:00;8162
27/05/2023;A;7:00:00;35557
27/05/2023;B;7:00:00;5727
28/05/2023;A;7:00:00;11297
28/05/2023;B;7:00:00;1862
29/05/2023;A;7:00:00;50652
29/05/2023;B;7:00:00;7840
30/05/2023;A;7:00:00;53157
30/05/2023;B;7:00:00;8381
31/05/2023;A;7:00:00;51903
31/05/2023;B;7:00:00;8065
6/01/2023;A;7:00:00;54360
6/01/2023;B;7:00:00;8240
6/02/2023;A;7:00:00;50807
6/02/2023;B;7:00:00;7766
6/03/2023;A;7:00:00;35127
6/03/2023;B;7:00:00;5796
6/04/2023;A;7:00:00;11214
6/04/2023;B;7:00:00;1862
6/05/2023;A;7:00:00;50584
6/05/2023;B;7:00:00;7745
6/06/2023;A;7:00:00;52904
6/06/2023;B;7:00:00;8336
6/07/2023;A;7:00:00;52017
6/07/2023;B;7:00:00;8109
6/08/2023;A;7:00:00;52393
6/08/2023;B;7:00:00;7982
6/09/2023;A;7:00:00;49529
6/09/2023;B;7:00:00;7864
6/10/2023;A;7:00:00;33749
6/10/2023;B;7:00:00;5459
6/11/2023;A;7:00:00;11556
6/11/2023;B;7:00:00;1966
6/12/2023;A;7:00:00;10011
6/12/2023;B;7:00:00;1743
13/06/2023;A;7:00:00;51144
13/06/2023;B;7:00:00;8039
14/06/2023;A;7:00:00;51685
14/06/2023;B;7:00:00;7944
15/06/2023;A;7:00:00;50212
15/06/2023;B;7:00:00;7962
16/06/2023;A;7:00:00;49614
16/06/2023;B;7:00:00;7501
17/06/2023;A;7:00:00;33271
17/06/2023;B;7:00:00;5382
18/06/2023;A;7:00:00;11616
18/06/2023;B;7:00:00;1984
19/06/2023;A;7:00:00;10063
19/06/2023;B;7:00:00;1644
20/06/2023;A;7:00:00;50322
20/06/2023;B;7:00:00;7800
21/06/2023;A;7:00:00;51117
21/06/2023;B;7:00:00;7818
22/06/2023;A;7:00:00;50297
22/06/2023;B;7:00:00;7605
23/06/2023;A;7:00:00;49624
23/06/2023;B;7:00:00;7582
24/06/2023;A;7:00:00;33707
24/06/2023;B;7:00:00;5454
25/06/2023;A;7:00:00;11287
25/06/2023;B;7:00:00;1825
26/06/2023;A;7:00:00;48686
26/06/2023;B;7:00:00;7474
27/06/2023;A;7:00:00;49380
27/06/2023;B;7:00:00;7506
28/06/2023;A;7:00:00;50059
28/06/2023;B;7:00:00;7748
29/06/2023;A;7:00:00;48811
29/06/2023;B;7:00:00;7474
30/06/2023;A;7:00:00;48382
30/06/2023;B;7:00:00;7398
7/01/2023;A;7:00:00;32335
7/01/2023;B;7:00:00;5156
7/02/2023;A;7:00:00;12544
7/02/2023;B;7:00:00;2216
7/03/2023;A;7:00:00;10722
7/03/2023;B;7:00:00;1799
7/04/2023;A;7:00:00;51559
7/04/2023;B;7:00:00;7664
7/05/2023;A;7:00:00;49602
7/05/2023;B;7:00:00;7450
7/06/2023;A;7:00:00;49965
7/06/2023;B;7:00:00;7726
7/07/2023;A;7:00:00;49859
7/07/2023;B;7:00:00;7435
7/08/2023;A;7:00:00;33615
7/08/2023;B;7:00:00;5353
7/09/2023;A;7:00:00;11403
7/09/2023;B;7:00:00;1861
7/10/2023;A;7:00:00;49862
7/10/2023;B;7:00:00;7581
7/11/2023;A;7:00:00;51282
7/11/2023;B;7:00:00;7880
7/12/2023;A;7:00:00;51288
7/12/2023;B;7:00:00;7951
13/07/2023;A;7:00:00;50764
13/07/2023;B;7:00:00;7754
14/07/2023;A;7:00:00;50771
14/07/2023;B;7:00:00;7821
15/07/2023;A;7:00:00;34198
15/07/2023;B;7:00:00;5381
16/07/2023;A;7:00:00;11720
16/07/2023;B;7:00:00;2046
17/07/2023;A;7:00:00;51113
17/07/2023;B;7:00:00;7636
18/07/2023;A;7:00:00;51685
18/07/2023;B;7:00:00;8098
19/07/2023;A;7:00:00;51419
19/07/2023;B;7:00:00;7796
20/07/2023;A;7:00:00;14662
20/07/2023;B;7:00:00;2466
21/07/2023;A;7:00:00;44510
21/07/2023;B;7:00:00;6879
22/07/2023;A;7:00:00;32961
22/07/2023;B;7:00:00;5138
23/07/2023;A;7:00:00;11335
23/07/2023;B;7:00:00;1838
24/07/2023;A;7:00:00;52025
24/07/2023;B;7:00:00;7861
25/07/2023;A;7:00:00;52964
25/07/2023;B;7:00:00;8211
26/07/2023;A;7:00:00;52635
26/07/2023;B;7:00:00;8028
27/07/2023;A;7:00:00;52431
27/07/2023;B;7:00:00;8200
28/07/2023;A;7:00:00;51614
28/07/2023;B;7:00:00;8086
29/07/2023;A;7:00:00;35144
29/07/2023;B;7:00:00;5580
30/07/2023;A;7:00:00;12062
30/07/2023;B;7:00:00;2070
31/07/2023;A;7:00:00;51957
31/07/2023;B;7:00:00;7936
8/01/2023;A;7:00:00;53545
8/01/2023;B;7:00:00;8492
8/02/2023;A;7:00:00;54343
8/02/2023;B;7:00:00;8555
8/03/2023;A;7:00:00;53542
8/03/2023;B;7:00:00;8513
8/04/2023;A;7:00:00;52730
8/04/2023;B;7:00:00;8024
8/05/2023;A;7:00:00;35706
8/05/2023;B;7:00:00;5618
8/06/2023;A;7:00:00;12664
8/06/2023;B;7:00:00;2221
8/07/2023;A;7:00:00;11092
8/07/2023;B;7:00:00;1881
8/08/2023;A;7:00:00;59209
8/08/2023;B;7:00:00;9059
8/09/2023;A;7:00:00;55300
8/09/2023;B;7:00:00;9047
8/10/2023;A;7:00:00;55114
8/10/2023;B;7:00:00;8535
8/11/2023;A;7:00:00;53598
8/11/2023;B;7:00:00;8300
8/12/2023;A;7:00:00;36198
8/12/2023;B;7:00:00;5767
13/08/2023;A;7:00:00;11389
13/08/2023;B;7:00:00;1996
14/08/2023;A;7:00:00;53508
14/08/2023;B;7:00:00;8183
15/08/2023;A;7:00:00;57160
15/08/2023;B;7:00:00;8736
16/08/2023;A;7:00:00;56028
16/08/2023;B;7:00:00;8422
17/08/2023;A;7:00:00;55292
17/08/2023;B;7:00:00;8493
18/08/2023;A;7:00:00;53707
18/08/2023;B;7:00:00;8313
19/08/2023;A;7:00:00;36314
19/08/2023;B;7:00:00;5596
20/08/2023;A;7:00:00;12672
20/08/2023;B;7:00:00;2115
21/08/2023;A;7:00:00;10362
21/08/2023;B;7:00:00;1758
22/08/2023;A;7:00:00;48540
22/08/2023;B;7:00:00;8337
23/08/2023;A;7:00:00;57204
23/08/2023;B;7:00:00;8827
24/08/2023;A;7:00:00;54321
24/08/2023;B;7:00:00;8413
25/08/2023;A;7:00:00;52399
25/08/2023;B;7:00:00;8002
26/08/2023;A;7:00:00;36225
26/08/2023;B;7:00:00;5771
27/08/2023;A;7:00:00;12221
27/08/2023;B;7:00:00;2132
28/08/2023;A;7:00:00;51718
28/08/2023;B;7:00:00;7870
29/08/2023;A;7:00:00;53059
29/08/2023;B;7:00:00;8245
30/08/2023;A;7:00:00;53799
30/08/2023;B;7:00:00;7923
31/08/2023;A;7:00:00;53812
31/08/2023;B;7:00:00;8094
9/01/2023;A;7:00:00;53140
9/01/2023;B;7:00:00;8129
9/02/2023;A;7:00:00;35689
9/02/2023;B;7:00:00;5626
9/03/2023;A;7:00:00;13759
9/03/2023;B;7:00:00;2280
9/04/2023;A;7:00:00;51922
9/04/2023;B;7:00:00;7910
9/05/2023;A;7:00:00;55322
9/05/2023;B;7:00:00;8365
9/06/2023;A;7:00:00;55760
9/06/2023;B;7:00:00;8503
9/07/2023;A;7:00:00;55702
9/07/2023;B;7:00:00;8762
9/08/2023;A;7:00:00;53684
9/08/2023;B;7:00:00;8123
9/09/2023;A;7:00:00;36246
9/09/2023;B;7:00:00;5532
9/10/2023;A;7:00:00;11161
9/10/2023;B;7:00:00;1811
9/11/2023;A;7:00:00;56584
9/11/2023;B;7:00:00;8356
9/12/2023;A;7:00:00;55253
9/12/2023;B;7:00:00;8437
13/09/2023;A;7:00:00;57154
13/09/2023;B;7:00:00;8566
14/09/2023;A;7:00:00;54058
14/09/2023;B;7:00:00;8222
15/09/2023;A;7:00:00;53719
15/09/2023;B;7:00:00;7908
16/09/2023;A;7:00:00;35930
16/09/2023;B;7:00:00;5629
17/09/2023;A;7:00:00;11047
17/09/2023;B;7:00:00;1889
18/09/2023;A;7:00:00;52359
18/09/2023;B;7:00:00;8104
19/09/2023;A;7:00:00;54658
19/09/2023;B;7:00:00;8293
20/09/2023;A;7:00:00;55280
20/09/2023;B;7:00:00;8266
21/09/2023;A;7:00:00;53955
21/09/2023;B;7:00:00;8013
22/09/2023;A;7:00:00;51851
22/09/2023;B;7:00:00;8007
23/09/2023;A;7:00:00;27667
23/09/2023;B;7:00:00;3175
24/09/2023;A;7:00:00;11224
24/09/2023;B;7:00:00;1900
25/09/2023;A;7:00:00;52469
25/09/2023;B;7:00:00;7973
26/09/2023;A;7:00:00;56197
26/09/2023;B;7:00:00;5013
27/09/2023;A;7:00:00;57582
27/09/2023;B;7:00:00;9275
28/09/2023;A;7:00:00;57888
28/09/2023;B;7:00:00;9202
29/09/2023;A;7:00:00;53584
29/09/2023;B;7:00:00;7866
30/09/2023;A;7:00:00;35931
30/09/2023;B;7:00:00;5308
10/01/2023;A;7:00:00;13184
10/01/2023;B;7:00:00;2041
10/02/2023;A;7:00:00;52791
10/02/2023;B;7:00:00;7758
10/03/2023;A;7:00:00;54166
10/03/2023;B;7:00:00;8226
10/04/2023;A;7:00:00;53848
10/04/2023;B;7:00:00;7991
10/05/2023;A;7:00:00;53871
10/05/2023;B;7:00:00;8217
10/06/2023;A;7:00:00;52961
10/06/2023;B;7:00:00;7886
10/07/2023;A;7:00:00;36151
10/07/2023;B;7:00:00;5494
10/08/2023;A;7:00:00;11324
10/08/2023;B;7:00:00;1876
10/09/2023;A;7:00:00;51017
10/09/2023;B;7:00:00;7652
10/10/2023;A;7:00:00;53209
10/10/2023;B;7:00:00;7995
10/11/2023;A;7:00:00;53239
10/11/2023;B;7:00:00;8055
10/12/2023;A;7:00:00;52636
10/12/2023;B;7:00:00;8006
13/10/2023;A;7:00:00;50192
13/10/2023;B;7:00:00;7460
14/10/2023;A;7:00:00;32916
14/10/2023;B;7:00:00;5052
15/10/2023;A;7:00:00;12116
15/10/2023;B;7:00:00;2050
16/10/2023;A;7:00:00;10288
16/10/2023;B;7:00:00;1679
17/10/2023;A;7:00:00;61324
17/10/2023;B;7:00:00;8309
18/10/2023;A;7:00:00;54892
18/10/2023;B;7:00:00;8259
19/10/2023;A;7:00:00;54003
19/10/2023;B;7:00:00;8170
20/10/2023;A;7:00:00;54889
20/10/2023;B;7:00:00;8341
21/10/2023;A;7:00:00;35976
21/10/2023;B;7:00:00;5795
22/10/2023;A;7:00:00;11490
22/10/2023;B;7:00:00;1934
23/10/2023;A;7:00:00;52861
23/10/2023;B;7:00:00;7935
24/10/2023;A;7:00:00;53572
24/10/2023;B;7:00:00;8198
25/10/2023;A;7:00:00;55595
25/10/2023;B;7:00:00;8497
26/10/2023;A;7:00:00;53841
26/10/2023;B;7:00:00;8279
27/10/2023;A;7:00:00;53704
27/10/2023;B;7:00:00;8067
28/10/2023;A;7:00:00;34938
28/10/2023;B;7:00:00;5328
29/10/2023;A;7:00:00;19
29/10/2023;B;7:00:00;2
30/10/2023;A;7:00:00;52013
30/10/2023;B;7:00:00;8562
31/10/2023;A;7:00:00;54033
31/10/2023;B;7:00:00;9106
11/01/2023;A;7:00:00;54356
11/01/2023;B;7:00:00;9214
11/02/2023;A;7:00:00;55573
11/02/2023;B;7:00:00;9098
11/03/2023;A;7:00:00;54642
11/03/2023;B;7:00:00;8991
11/04/2023;A;7:00:00;36632
11/04/2023;B;7:00:00;6396
11/05/2023;A;7:00:00;12448
11/05/2023;B;7:00:00;2063
11/06/2023;A;7:00:00;11542
11/06/2023;B;7:00:00;1888
11/07/2023;A;7:00:00;59781
11/07/2023;B;7:00:00;8798
11/08/2023;A;7:00:00;56670
11/08/2023;B;7:00:00;8442
11/09/2023;A;7:00:00;55347
11/09/2023;B;7:00:00;8147
11/10/2023;A;7:00:00;53742
11/10/2023;B;7:00:00;8233
11/11/2023;A;7:00:00;36635
11/11/2023;B;7:00:00;5554
11/12/2023;A;7:00:00;12140
11/12/2023;B;7:00:00;2062
13/11/2023;A;7:00:00;11250
13/11/2023;B;7:00:00;1963
14/11/2023;A;7:00:00;56458
14/11/2023;B;7:00:00;8314
15/11/2023;A;7:00:00;51927
15/11/2023;B;7:00:00;8560
16/11/2023;A;7:00:00;57366
16/11/2023;B;7:00:00;8320
17/11/2023;A;7:00:00;51295
17/11/2023;B;7:00:00;7953
18/11/2023;A;7:00:00;36568
18/11/2023;B;7:00:00;5566
19/11/2023;A;7:00:00;11998
19/11/2023;B;7:00:00;2014
20/11/2023;A;7:00:00;51624
20/11/2023;B;7:00:00;8397
21/11/2023;A;7:00:00;53020
21/11/2023;B;7:00:00;8159
22/11/2023;A;7:00:00;53200
22/11/2023;B;7:00:00;7977
23/11/2023;A;7:00:00;51609
23/11/2023;B;7:00:00;7777
24/11/2023;A;7:00:00;51909
24/11/2023;B;7:00:00;8161
25/11/2023;A;7:00:00;36030
25/11/2023;B;7:00:00;5648
26/11/2023;A;7:00:00;12076
26/11/2023;B;7:00:00;1997
27/11/2023;A;7:00:00;51028
27/11/2023;B;7:00:00;7915
28/11/2023;A;7:00:00;52448
28/11/2023;B;7:00:00;8038
29/11/2023;A;7:00:00;52887
29/11/2023;B;7:00:00;8060
30/11/2023;A;7:00:00;52481
30/11/2023;B;7:00:00;8199
12/01/2023;A;7:00:00;50445
12/01/2023;B;7:00:00;7727
12/02/2023;A;7:00:00;35640
12/02/2023;B;7:00:00;5364
12/03/2023;A;7:00:00;12899
12/03/2023;B;7:00:00;2091
12/04/2023;A;7:00:00;52281
12/04/2023;B;7:00:00;7876
12/05/2023;A;7:00:00;53174
12/05/2023;B;7:00:00;7987
12/06/2023;A;7:00:00;53366
12/06/2023;B;7:00:00;8028
12/07/2023;A;7:00:00;49946
12/07/2023;B;7:00:00;7486
12/08/2023;A;7:00:00;14829
12/08/2023;B;7:00:00;2453
12/09/2023;A;7:00:00;28092
12/09/2023;B;7:00:00;4524
12/10/2023;A;7:00:00;11697
12/10/2023;B;7:00:00;2005
12/11/2023;A;7:00:00;50976
12/11/2023;B;7:00:00;7664
12/12/2023;A;7:00:00;52877
12/12/2023;B;7:00:00;7684
13/12/2023;A;7:00:00;51895
13/12/2023;B;7:00:00;7782
14/12/2023;A;7:00:00;102084
14/12/2023;B;7:00:00;15490
15/12/2023;A;7:00:00;50064
15/12/2023;B;7:00:00;7558
16/12/2023;A;7:00:00;34938
16/12/2023;B;7:00:00;5391
17/12/2023;A;7:00:00;13312
17/12/2023;B;7:00:00;2204
18/12/2023;A;7:00:00;50153
18/12/2023;B;7:00:00;7430
19/12/2023;A;7:00:00;49828
19/12/2023;B;7:00:00;7385
20/12/2023;A;7:00:00;49159
20/12/2023;B;7:00:00;7033
21/12/2023;A;7:00:00;48197
21/12/2023;B;7:00:00;7154
22/12/2023;A;7:00:00;46389
22/12/2023;B;7:00:00;6886
23/12/2023;A;7:00:00;26790
23/12/2023;B;7:00:00;4617
24/12/2023;A;7:00:00;12157
24/12/2023;B;7:00:00;1962
25/12/2023;A;7:00:00;5220
25/12/2023;B;7:00:00;794
26/12/2023;A;7:00:00;40487
26/12/2023;B;7:00:00;5953
27/12/2023;A;7:00:00;41538
27/12/2023;B;7:00:00;6179
28/12/2023;A;7:00:00;39666
28/12/2023;B;7:00:00;5872
29/12/2023;A;7:00:00;36179
29/12/2023;B;7:00:00;5427
30/12/2023;A;7:00:00;21325
30/12/2023;B;7:00:00;3383
31/12/2023;A;7:00:00;9120
31/12/2023;B;7:00:00;1543
1/01/2024;A;7:00:00;4752
1/01/2024;B;7:00:00;672
2/01/2024;A;7:00:00;28688
2/01/2024;B;7:00:00;4197
3/01/2024;A;7:00:00;34047
3/01/2024;B;7:00:00;4924
4/01/2024;A;7:00:00;34377
4/01/2024;B;7:00:00;5206
5/01/2024;A;7:00:00;34292
5/01/2024;B;7:00:00;5000
6/01/2024;A;7:00:00;24362
6/01/2024;B;7:00:00;3887
7/01/2024;A;7:00:00;10802
7/01/2024;B;7:00:00;1725
8/01/2024;A;7:00:00;9849
8/01/2024;B;7:00:00;1555
9/01/2024;A;7:00:00;40562
9/01/2024;B;7:00:00;6026
10/01/2024;A;7:00:00;40840
10/01/2024;B;7:00:00;6061
11/01/2024;A;7:00:00;40501
11/01/2024;B;7:00:00;6012
12/01/2024;A;7:00:00;40283
12/01/2024;B;7:00:00;6071
13/01/2024;A;7:00:00;28683
13/01/2024;B;7:00:00;4344
14/01/2024;A;7:00:00;10035
14/01/2024;B;7:00:00;1616
15/01/2024;A;7:00:00;46793
15/01/2024;B;7:00:00;6930
16/01/2024;A;7:00:00;47645
16/01/2024;B;7:00:00;7029
17/01/2024;A;7:00:00;47763
17/01/2024;B;7:00:00;7030
18/01/2024;A;7:00:00;47246
18/01/2024;B;7:00:00;7154
19/01/2024;A;7:00:00;46944
19/01/2024;B;7:00:00;6895
20/01/2024;A;7:00:00;30433
20/01/2024;B;7:00:00;4849
21/01/2024;A;7:00:00;10616
21/01/2024;B;7:00:00;1721
22/01/2024;A;7:00:00;48180
22/01/2024;B;7:00:00;7285
23/01/2024;A;7:00:00;49166
23/01/2024;B;7:00:00;7352
24/01/2024;A;7:00:00;49039
24/01/2024;B;7:00:00;7421
25/01/2024;A;7:00:00;48558
25/01/2024;B;7:00:00;7324
26/01/2024;A;7:00:00;46904
26/01/2024;B;7:00:00;7216
27/01/2024;A;7:00:00;33464
27/01/2024;B;7:00:00;4916
28/01/2024;A;7:00:00;10427
28/01/2024;B;7:00:00;1749
29/01/2024;A;7:00:00;51519
29/01/2024;B;7:00:00;7351
30/01/2024;A;7:00:00;52431
30/01/2024;B;7:00:00;7634
31/01/2024;A;7:00:00;51843
31/01/2024;B;7:00:00;7654
1/02/2024;A;7:00:00;49315
1/02/2024;B;7:00:00;7473
2/02/2024;A;7:00:00;48681
2/02/2024;B;7:00:00;7469
3/02/2024;A;7:00:00;32644
3/02/2024;B;7:00:00;5011
4/02/2024;A;7:00:00;10445
4/02/2024;B;7:00:00;1678
5/02/2024;A;7:00:00;52222
5/02/2024;B;7:00:00;8031
6/02/2024;A;7:00:00;53887
6/02/2024;B;7:00:00;8318
7/02/2024;A;7:00:00;53893
7/02/2024;B;7:00:00;8169
8/02/2024;A;7:00:00;54262
8/02/2024;B;7:00:00;8416
9/02/2024;A;7:00:00;51639
9/02/2024;B;7:00:00;8024
10/02/2024;A;7:00:00;34639
10/02/2024;B;7:00:00;5429
11/02/2024;A;7:00:00;10641
11/02/2024;B;7:00:00;1831
12/02/2024;A;7:00:00;52491
12/02/2024;B;7:00:00;7925
13/02/2024;A;7:00:00;54202
13/02/2024;B;7:00:00;8420
14/02/2024;A;7:00:00;54170
14/02/2024;B;7:00:00;8347
15/02/2024;A;7:00:00;53678
15/02/2024;B;7:00:00;8114
16/02/2024;A;7:00:00;52451
16/02/2024;B;7:00:00;8191
17/02/2024;A;7:00:00;35491
17/02/2024;B;7:00:00;5375
18/02/2024;A;7:00:00;11343
18/02/2024;B;7:00:00;1902
19/02/2024;A;7:00:00;53772
19/02/2024;B;7:00:00;7916
20/02/2024;A;7:00:00;54870
20/02/2024;B;7:00:00;8497
21/02/2024;A;7:00:00;50559
21/02/2024;B;7:00:00;8333
22/02/2024;A;7:00:00;53182
22/02/2024;B;7:00:00;8319
23/02/2024;A;7:00:00;51861
23/02/2024;B;7:00:00;8040
24/02/2024;A;7:00:00;35976
24/02/2024;B;7:00:00;5566
25/02/2024;A;7:00:00;11348
25/02/2024;B;7:00:00;1809
26/02/2024;A;7:00:00;53136
26/02/2024;B;7:00:00;7926
27/02/2024;A;7:00:00;54648
27/02/2024;B;7:00:00;8583
28/02/2024;A;7:00:00;54243
28/02/2024;B;7:00:00;8404
29/02/2024;A;7:00:00;52735
29/02/2024;B;7:00:00;8091
1/03/2024;A;7:00:00;51586
1/03/2024;B;7:00:00;7868
2/03/2024;A;7:00:00;35881
2/03/2024;B;7:00:00;5413
3/03/2024;A;7:00:00;11554
3/03/2024;B;7:00:00;1903
4/03/2024;A;7:00:00;52973
4/03/2024;B;7:00:00;7901
5/03/2024;A;7:00:00;54891
5/03/2024;B;7:00:00;8303
6/03/2024;A;7:00:00;53468
6/03/2024;B;7:00:00;8154
7/03/2024;A;7:00:00;54162
7/03/2024;B;7:00:00;8172
8/03/2024;A;7:00:00;51622
8/03/2024;B;7:00:00;8050
9/03/2024;A;7:00:00;35157
9/03/2024;B;7:00:00;5317
10/03/2024;A;7:00:00;11154
10/03/2024;B;7:00:00;1796
11/03/2024;A;7:00:00;53809
11/03/2024;B;7:00:00;8127
12/03/2024;A;7:00:00;54091
12/03/2024;B;7:00:00;8253
13/03/2024;A;7:00:00;54147
13/03/2024;B;7:00:00;8155
14/03/2024;A;7:00:00;53339
14/03/2024;B;7:00:00;8115
15/03/2024;A;7:00:00;52192
15/03/2024;B;7:00:00;7599
16/03/2024;A;7:00:00;35999
16/03/2024;B;7:00:00;5647
17/03/2024;A;7:00:00;11393
17/03/2024;B;7:00:00;1854
18/03/2024;A;7:00:00;51880
18/03/2024;B;7:00:00;7957
19/03/2024;A;7:00:00;53875
19/03/2024;B;7:00:00;8294
20/03/2024;A;7:00:00;52737
20/03/2024;B;7:00:00;8283
21/03/2024;A;7:00:00;52547
21/03/2024;B;7:00:00;8020
22/03/2024;A;7:00:00;51661
22/03/2024;B;7:00:00;7777
23/03/2024;A;7:00:00;34815
23/03/2024;B;7:00:00;5327
24/03/2024;A;7:00:00;11721
24/03/2024;B;7:00:00;1906
25/03/2024;A;7:00:00;12055
25/03/2024;B;7:00:00;1920
26/03/2024;A;7:00:00;35881
26/03/2024;B;7:00:00;5537
27/03/2024;A;7:00:00;33569
27/03/2024;B;7:00:00;5247
28/03/2024;A;7:00:00;11130
28/03/2024;B;7:00:00;1698
29/03/2024;A;7:00:00;7636
29/03/2024;B;7:00:00;1319
30/03/2024;A;7:00:00;17035
30/03/2024;B;7:00:00;2714
31/03/2024;A;7:00:00;8514
31/03/2024;B;7:00:00;1291
1/04/2024;A;7:00:00;49815
1/04/2024;B;7:00:00;7557
2/04/2024;A;7:00:00;52796
2/04/2024;B;7:00:00;7992
3/04/2024;A;7:00:00;53001
3/04/2024;B;7:00:00;8381
4/04/2024;A;7:00:00;52467
4/04/2024;B;7:00:00;7869
5/04/2024;A;7:00:00;52086
5/04/2024;B;7:00:00;7871
6/04/2024;A;7:00:00;35318
6/04/2024;B;7:00:00;5271
7/04/2024;A;7:00:00;10986
7/04/2024;B;7:00:00;1767
8/04/2024;A;7:00:00;50622
8/04/2024;B;7:00:00;7232
9/04/2024;A;7:00:00;52835
9/04/2024;B;7:00:00;8280
10/04/2024;A;7:00:00;53081
10/04/2024;B;7:00:00;8012
11/04/2024;A;7:00:00;51842
11/04/2024;B;7:00:00;8081
12/04/2024;A;7:00:00;50848
12/04/2024;B;7:00:00;8436
13/04/2024;A;7:00:00;34856
13/04/2024;B;7:00:00;5304
14/04/2024;A;7:00:00;11014
14/04/2024;B;7:00:00;1735
15/04/2024;A;7:00:00;50735
15/04/2024;B;7:00:00;7774
16/04/2024;A;7:00:00;54027
16/04/2024;B;7:00:00;8292
17/04/2024;A;7:00:00;53613
17/04/2024;B;7:00:00;8245
18/04/2024;A;7:00:00;53248
18/04/2024;B;7:00:00;8139
19/04/2024;A;7:00:00;50012
19/04/2024;B;7:00:00;7875
20/04/2024;A;7:00:00;34598
20/04/2024;B;7:00:00;5437
21/04/2024;A;7:00:00;11511
21/04/2024;B;7:00:00;1875
22/04/2024;A;7:00:00;52854
22/04/2024;B;7:00:00;7939
23/04/2024;A;7:00:00;54755
23/04/2024;B;7:00:00;8086
24/04/2024;A;7:00:00;54534
24/04/2024;B;7:00:00;8326
25/04/2024;A;7:00:00;52182
25/04/2024;B;7:00:00;8041
26/04/2024;A;7:00:00;52765
26/04/2024;B;7:00:00;7788
27/04/2024;A;7:00:00;34484
27/04/2024;B;7:00:00;5183
28/04/2024;A;7:00:00;10746
28/04/2024;B;7:00:00;1710
29/04/2024;A;7:00:00;51525
29/04/2024;B;7:00:00;7481
30/04/2024;A;7:00:00;53209
30/04/2024;B;7:00:00;8131
1/05/2024;A;7:00:00;13107
1/05/2024;B;7:00:00;2122
2/05/2024;A;7:00:00;54649
2/05/2024;B;7:00:00;8214
3/05/2024;A;7:00:00;51354
3/05/2024;B;7:00:00;7819
4/05/2024;A;7:00:00;34322
4/05/2024;B;7:00:00;5175
5/05/2024;A;7:00:00;10852
5/05/2024;B;7:00:00;1747
6/05/2024;A;7:00:00;51138
6/05/2024;B;7:00:00;8047
7/05/2024;A;7:00:00;54313
7/05/2024;B;7:00:00;8390
8/05/2024;A;7:00:00;54029
8/05/2024;B;7:00:00;8242
9/05/2024;A;7:00:00;56073
9/05/2024;B;7:00:00;8204
10/05/2024;A;7:00:00;52124
10/05/2024;B;7:00:00;8125
11/05/2024;A;7:00:00;34492
11/05/2024;B;7:00:00;5285
12/05/2024;A;7:00:00;9416
12/05/2024;B;7:00:00;1525
13/05/2024;A;7:00:00;9643
13/05/2024;B;7:00:00;1530
14/05/2024;A;7:00:00;56168
14/05/2024;B;7:00:00;8567
15/05/2024;A;7:00:00;56091
15/05/2024;B;7:00:00;8418
16/05/2024;A;7:00:00;53953
16/05/2024;B;7:00:00;8096
17/05/2024;A;7:00:00;51297
17/05/2024;B;7:00:00;7985
18/05/2024;A;7:00:00;35031
18/05/2024;B;7:00:00;4859
19/05/2024;A;7:00:00;10878
19/05/2024;B;7:00:00;1806
20/05/2024;A;7:00:00;51337
20/05/2024;B;7:00:00;7881
21/05/2024;A;7:00:00;52746
21/05/2024;B;7:00:00;8742
22/05/2024;A;7:00:00;54660
22/05/2024;B;7:00:00;8623
23/05/2024;A;7:00:00;51278
23/05/2024;B;7:00:00;7925
24/05/2024;A;7:00:00;51265
24/05/2024;B;7:00:00;7795
25/05/2024;A;7:00:00;33864
25/05/2024;B;7:00:00;5239
26/05/2024;A;7:00:00;10702
26/05/2024;B;7:00:00;1652
27/05/2024;A;7:00:00;50517
27/05/2024;B;7:00:00;7720
28/05/2024;A;7:00:00;53046
28/05/2024;B;7:00:00;7964
29/05/2024;A;7:00:00;52122
29/05/2024;B;7:00:00;7859
30/05/2024;A;7:00:00;51346
30/05/2024;B;7:00:00;7867
31/05/2024;A;7:00:00;51469
31/05/2024;B;7:00:00;7899
1/06/2024;A;7:00:00;33505
1/06/2024;B;7:00:00;5085
2/06/2024;A;7:00:00;11164
2/06/2024;B;7:00:00;1852
3/06/2024;A;7:00:00;9998
3/06/2024;B;7:00:00;1607
4/06/2024;A;7:00:00;53819
4/06/2024;B;7:00:00;5918
5/06/2024;A;7:00:00;51399
5/06/2024;B;7:00:00;7957
6/06/2024;A;7:00:00;51360
6/06/2024;B;7:00:00;7892
7/06/2024;A;7:00:00;49710
7/06/2024;B;7:00:00;7505
8/06/2024;A;7:00:00;34682
8/06/2024;B;7:00:00;5079
9/06/2024;A;7:00:00;11057
9/06/2024;B;7:00:00;1853
10/06/2024;A;7:00:00;10005
10/06/2024;B;7:00:00;1652
11/06/2024;A;7:00:00;53195
11/06/2024;B;7:00:00;7727
12/06/2024;A;7:00:00;51439
12/06/2024;B;7:00:00;7640
13/06/2024;A;7:00:00;51411
13/06/2024;B;7:00:00;7669
14/06/2024;A;7:00:00;47981
14/06/2024;B;7:00:00;7353
15/06/2024;A;7:00:00;33653
15/06/2024;B;7:00:00;5083
16/06/2024;A;7:00:00;10175
16/06/2024;B;7:00:00;1643
17/06/2024;A;7:00:00;48516
17/06/2024;B;7:00:00;7355
18/06/2024;A;7:00:00;50325
18/06/2024;B;7:00:00;7730
19/06/2024;A;7:00:00;49449
19/06/2024;B;7:00:00;7673
20/06/2024;A;7:00:00;49952
20/06/2024;B;7:00:00;7694
21/06/2024;A;7:00:00;49242
21/06/2024;B;7:00:00;7384
22/06/2024;A;7:00:00;32098
22/06/2024;B;7:00:00;4863
23/06/2024;A;7:00:00;10569
23/06/2024;B;7:00:00;1739
24/06/2024;A;7:00:00;47853
24/06/2024;B;7:00:00;7083
25/06/2024;A;7:00:00;49649
25/06/2024;B;7:00:00;7580
26/06/2024;A;7:00:00;52262
26/06/2024;B;7:00:00;7555
27/06/2024;A;7:00:00;50224
27/06/2024;B;7:00:00;7357
28/06/2024;A;7:00:00;49654
28/06/2024;B;7:00:00;7404
29/06/2024;A;7:00:00;32900
29/06/2024;B;7:00:00;4919
30/06/2024;A;7:00:00;11964
30/06/2024;B;7:00:00;1899
1/07/2024;A;7:00:00;10453
1/07/2024;B;7:00:00;1758
2/07/2024;A;7:00:00;52297
2/07/2024;B;7:00:00;7512
3/07/2024;A;7:00:00;51249
3/07/2024;B;7:00:00;7466
4/07/2024;A;7:00:00;50677
4/07/2024;B;7:00:00;7428
5/07/2024;A;7:00:00;52361
5/07/2024;B;7:00:00;7728
6/07/2024;A;7:00:00;34160
6/07/2024;B;7:00:00;4991
7/07/2024;A;7:00:00;10950
7/07/2024;B;7:00:00;1760
8/07/2024;A;7:00:00;50469
8/07/2024;B;7:00:00;7362
9/07/2024;A;7:00:00;53550
9/07/2024;B;7:00:00;7723
10/07/2024;A;7:00:00;53167
10/07/2024;B;7:00:00;7748
11/07/2024;A;7:00:00;51912
11/07/2024;B;7:00:00;7561
12/07/2024;A;7:00:00;51551
12/07/2024;B;7:00:00;7497
13/07/2024;A;7:00:00;35048
13/07/2024;B;7:00:00;5045
14/07/2024;A;7:00:00;11552
14/07/2024;B;7:00:00;2085
15/07/2024;A;7:00:00;47947
15/07/2024;B;7:00:00;6994
16/07/2024;A;7:00:00;53810
16/07/2024;B;7:00:00;7761
17/07/2024;A;7:00:00;52989
17/07/2024;B;7:00:00;7883
18/07/2024;A;7:00:00;52386
18/07/2024;B;7:00:00;7545
19/07/2024;A;7:00:00;49602
19/07/2024;B;7:00:00;7338
20/07/2024;A;7:00:00;17541
20/07/2024;B;7:00:00;2770
21/07/2024;A;7:00:00;9938
21/07/2024;B;7:00:00;1647
22/07/2024;A;7:00:00;50459
22/07/2024;B;7:00:00;7706
23/07/2024;A;7:00:00;52840
23/07/2024;B;7:00:00;8113
24/07/2024;A;7:00:00;52730
24/07/2024;B;7:00:00;8003
25/07/2024;A;7:00:00;52655
25/07/2024;B;7:00:00;7873
26/07/2024;A;7:00:00;50766
26/07/2024;B;7:00:00;7751
27/07/2024;A;7:00:00;34133
27/07/2024;B;7:00:00;5191
28/07/2024;A;7:00:00;11004
28/07/2024;B;7:00:00;1777
29/07/2024;A;7:00:00;51568
29/07/2024;B;7:00:00;7972
30/07/2024;A;7:00:00;53222
30/07/2024;B;7:00:00;8156
31/07/2024;A;7:00:00;53272
31/07/2024;B;7:00:00;7962
1/08/2024;A;7:00:00;53358
1/08/2024;B;7:00:00;8057
2/08/2024;A;7:00:00;51963
2/08/2024;B;7:00:00;7770
3/08/2024;A;7:00:00;34663
3/08/2024;B;7:00:00;5206
4/08/2024;A;7:00:00;11796
4/08/2024;B;7:00:00;1840
5/08/2024;A;7:00:00;54875
5/08/2024;B;7:00:00;8640
6/08/2024;A;7:00:00;60624
6/08/2024;B;7:00:00;9052
7/08/2024;A;7:00:00;14275
7/08/2024;B;7:00:00;2267
8/08/2024;A;7:00:00;55786
8/08/2024;B;7:00:00;8522
9/08/2024;A;7:00:00;51348
9/08/2024;B;7:00:00;7833
10/08/2024;A;7:00:00;36734
10/08/2024;B;7:00:00;5516
11/08/2024;A;7:00:00;11790
11/08/2024;B;7:00:00;1824
12/08/2024;A;7:00:00;54205
12/08/2024;B;7:00:00;8218
13/08/2024;A;7:00:00;56630
13/08/2024;B;7:00:00;8688
14/08/2024;A;7:00:00;56745
14/08/2024;B;7:00:00;8531
15/08/2024;A;7:00:00;55131
15/08/2024;B;7:00:00;8242
16/08/2024;A;7:00:00;55309
16/08/2024;B;7:00:00;8493
17/08/2024;A;7:00:00;34830
17/08/2024;B;7:00:00;5356
18/08/2024;A;7:00:00;12764
18/08/2024;B;7:00:00;2137
19/08/2024;A;7:00:00;10925
19/08/2024;B;7:00:00;1801
20/08/2024;A;7:00:00;57283
20/08/2024;B;7:00:00;8632
21/08/2024;A;7:00:00;56432
21/08/2024;B;7:00:00;8659
22/08/2024;A;7:00:00;55817
22/08/2024;B;7:00:00;8478
23/08/2024;A;7:00:00;54424
23/08/2024;B;7:00:00;8226
24/08/2024;A;7:00:00;36081
24/08/2024;B;7:00:00;5489
25/08/2024;A;7:00:00;12077
25/08/2024;B;7:00:00;2027
26/08/2024;A;7:00:00;54202
26/08/2024;B;7:00:00;9165
27/08/2024;A;7:00:00;56936
27/08/2024;B;7:00:00;9615
28/08/2024;A;7:00:00;57237
28/08/2024;B;7:00:00;9536
29/08/2024;A;7:00:00;56202
29/08/2024;B;7:00:00;9452
30/08/2024;A;7:00:00;54418
30/08/2024;B;7:00:00;9271
31/08/2024;A;7:00:00;36084
31/08/2024;B;7:00:00;6368
1/09/2024;A;7:00:00;13284
1/09/2024;B;7:00:00;2094
2/09/2024;A;7:00:00;54892
2/09/2024;B;7:00:00;8060
3/09/2024;A;7:00:00;58727
3/09/2024;B;7:00:00;8793
4/09/2024;A;7:00:00;54185
4/09/2024;B;7:00:00;8563
5/09/2024;A;7:00:00;53341
5/09/2024;B;7:00:00;8192
6/09/2024;A;7:00:00;48650
6/09/2024;B;7:00:00;7753
7/09/2024;A;7:00:00;35285
7/09/2024;B;7:00:00;5496
8/09/2024;A;7:00:00;10997
8/09/2024;B;7:00:00;1778
9/09/2024;A;7:00:00;54219
9/09/2024;B;7:00:00;8037
10/09/2024;A;7:00:00;56482
10/09/2024;B;7:00:00;8603
11/09/2024;A;7:00:00;56535
11/09/2024;B;7:00:00;8535
12/09/2024;A;7:00:00;55800
12/09/2024;B;7:00:00;8408
13/09/2024;A;7:00:00;54868
13/09/2024;B;7:00:00;8033
14/09/2024;A;7:00:00;35346
14/09/2024;B;7:00:00;5389
15/09/2024;A;7:00:00;11445
15/09/2024;B;7:00:00;1949
16/09/2024;A;7:00:00;53553
16/09/2024;B;7:00:00;8121
17/09/2024;A;7:00:00;56558
17/09/2024;B;7:00:00;8535
18/09/2024;A;7:00:00;55320
18/09/2024;B;7:00:00;8624
19/09/2024;A;7:00:00;54741
19/09/2024;B;7:00:00;8100
20/09/2024;A;7:00:00;53179
20/09/2024;B;7:00:00;8140
21/09/2024;A;7:00:00;35268
21/09/2024;B;7:00:00;5368
22/09/2024;A;7:00:00;10930
22/09/2024;B;7:00:00;1787
23/09/2024;A;7:00:00;53660
23/09/2024;B;7:00:00;8155
24/09/2024;A;7:00:00;55673
24/09/2024;B;7:00:00;8449
25/09/2024;A;7:00:00;56865
25/09/2024;B;7:00:00;8564
26/09/2024;A;7:00:00;55330
26/09/2024;B;7:00:00;8290
27/09/2024;A;7:00:00;53598
27/09/2024;B;7:00:00;8141
28/09/2024;A;7:00:00;34865
28/09/2024;B;7:00:00;5428
29/09/2024;A;7:00:00;14418
29/09/2024;B;7:00:00;2390
30/09/2024;A;7:00:00;54553
30/09/2024;B;7:00:00;7925
1/10/2024;A;7:00:00;56509
1/10/2024;B;7:00:00;8368
2/10/2024;A;7:00:00;55553
2/10/2024;B;7:00:00;8421
3/10/2024;A;7:00:00;55447
3/10/2024;B;7:00:00;8275
4/10/2024;A;7:00:00;53658
4/10/2024;B;7:00:00;7982
5/10/2024;A;7:00:00;35382
5/10/2024;B;7:00:00;5314
6/10/2024;A;7:00:00;11165
6/10/2024;B;7:00:00;1790
7/10/2024;A;7:00:00;52206
7/10/2024;B;7:00:00;7899
8/10/2024;A;7:00:00;54693
8/10/2024;B;7:00:00;8581
9/10/2024;A;7:00:00;54733
9/10/2024;B;7:00:00;8348
10/10/2024;A;7:00:00;56880
10/10/2024;B;7:00:00;8434
11/10/2024;A;7:00:00;50516
11/10/2024;B;7:00:00;7639
12/10/2024;A;7:00:00;31921
12/10/2024;B;7:00:00;4958
13/10/2024;A;7:00:00;11422
13/10/2024;B;7:00:00;1909
14/10/2024;A;7:00:00;10405
14/10/2024;B;7:00:00;1665
15/10/2024;A;7:00:00;56918
15/10/2024;B;7:00:00;8591
16/10/2024;A;7:00:00;57395
16/10/2024;B;7:00:00;8675
17/10/2024;A;7:00:00;55783
17/10/2024;B;7:00:00;8219
18/10/2024;A;7:00:00;54131
18/10/2024;B;7:00:00;8020
19/10/2024;A;7:00:00;35624
19/10/2024;B;7:00:00;5516
20/10/2024;A;7:00:00;11473
20/10/2024;B;7:00:00;1839
21/10/2024;A;7:00:00;54406
21/10/2024;B;7:00:00;7971
22/10/2024;A;7:00:00;54664
22/10/2024;B;7:00:00;8928
23/10/2024;A;7:00:00;56187
23/10/2024;B;7:00:00;8508
24/10/2024;A;7:00:00;55750
24/10/2024;B;7:00:00;8436
25/10/2024;A;7:00:00;53481
25/10/2024;B;7:00:00;8092
26/10/2024;A;7:00:00;34989
26/10/2024;B;7:00:00;5445
27/10/2024;A;7:00:00;11482
27/10/2024;B;7:00:00;1828
28/10/2024;A;7:00:00;55324
28/10/2024;B;7:00:00;8151
29/10/2024;A;7:00:00;57919
29/10/2024;B;7:00:00;8705
30/10/2024;A;7:00:00;56548
30/10/2024;B;7:00:00;8381
31/10/2024;A;7:00:00;53959
31/10/2024;B;7:00:00;8013
1/01/2019;A;8:00:00;4399
2/01/2019;A;8:00:00;20755
3/01/2019;A;8:00:00;24175
4/01/2019;A;8:00:00;24759
5/01/2019;A;8:00:00;20921
6/01/2019;A;8:00:00;12629
7/01/2019;A;8:00:00;8990
8/01/2019;A;8:00:00;27557
9/01/2019;A;8:00:00;27136
10/01/2019;A;8:00:00;27103
11/01/2019;A;8:00:00;27524
12/01/2019;A;8:00:00;22804
13/01/2019;A;8:00:00;10526
14/01/2019;A;8:00:00;28925
15/01/2019;A;8:00:00;28644
16/01/2019;A;8:00:00;29888
17/01/2019;A;8:00:00;29310
18/01/2019;A;8:00:00;29998
19/01/2019;A;8:00:00;25259
20/01/2019;A;8:00:00;12803
21/01/2019;A;8:00:00;30967
22/01/2019;A;8:00:00;31828
23/01/2019;A;8:00:00;31074
24/01/2019;A;8:00:00;30804
25/01/2019;A;8:00:00;30329
26/01/2019;A;8:00:00;25795
27/01/2019;A;8:00:00;11559
28/01/2019;A;8:00:00;31302
29/01/2019;A;8:00:00;31236
30/01/2019;A;8:00:00;31680
31/01/2019;A;8:00:00;31159
1/02/2019;A;8:00:00;31689
2/02/2019;A;8:00:00;26519
3/02/2019;A;8:00:00;11952
4/02/2019;A;8:00:00;31932
5/02/2019;A;8:00:00;32346
6/02/2019;A;8:00:00;31804
7/02/2019;A;8:00:00;31594
8/02/2019;A;8:00:00;31840
9/02/2019;A;8:00:00;26170
10/02/2019;A;8:00:00;10990
11/02/2019;A;8:00:00;32060
12/02/2019;A;8:00:00;35906
13/02/2019;A;8:00:00;32765
14/02/2019;A;8:00:00;32661
15/02/2019;A;8:00:00;35037
16/02/2019;A;8:00:00;793
17/02/2019;A;8:00:00;13530
18/02/2019;A;8:00:00;33052
19/02/2019;A;8:00:00;33412
20/02/2019;A;8:00:00;32989
21/02/2019;A;8:00:00;32593
22/02/2019;A;8:00:00;32517
23/02/2019;A;8:00:00;26562
24/02/2019;A;8:00:00;11575
25/02/2019;A;8:00:00;31446
26/02/2019;A;8:00:00;32086
27/02/2019;A;8:00:00;33283
28/02/2019;A;8:00:00;33171
1/03/2019;A;8:00:00;34563
2/03/2019;A;8:00:00;27718
3/03/2019;A;8:00:00;12374
4/03/2019;A;8:00:00;32939
5/03/2019;A;8:00:00;33785
6/03/2019;A;8:00:00;36475
7/03/2019;A;8:00:00;35606
8/03/2019;A;8:00:00;27531
9/03/2019;A;8:00:00;27635
10/03/2019;A;8:00:00;11597
11/03/2019;A;8:00:00;32445
12/03/2019;A;8:00:00;32912
13/03/2019;A;8:00:00;26
14/03/2019;A;8:00:00;31826
15/03/2019;A;8:00:00;32693
16/03/2019;A;8:00:00;27743
17/03/2019;A;8:00:00;12319
18/03/2019;A;8:00:00;35556
19/03/2019;A;8:00:00;38964
20/03/2019;A;8:00:00;35177
21/03/2019;A;8:00:00;31924
22/03/2019;A;8:00:00;32441
23/03/2019;A;8:00:00;27045
24/03/2019;A;8:00:00;12267
25/03/2019;A;8:00:00;9398
26/03/2019;A;8:00:00;34471
27/03/2019;A;8:00:00;32374
28/03/2019;A;8:00:00;32242
29/03/2019;A;8:00:00;36322
30/03/2019;A;8:00:00;29802
31/03/2019;A;8:00:00;12355
1/04/2019;A;8:00:00;32813
2/04/2019;A;8:00:00;30988
3/04/2019;A;8:00:00;33129
4/04/2019;A;8:00:00;32771
5/04/2019;A;8:00:00;33519
6/04/2019;A;8:00:00;28412
7/04/2019;A;8:00:00;12184
8/04/2019;A;8:00:00;32651
9/04/2019;A;8:00:00;33316
10/04/2019;A;8:00:00;32941
11/04/2019;A;8:00:00;32465
12/04/2019;A;8:00:00;32861
13/04/2019;A;8:00:00;28122
14/04/2019;A;8:00:00;11780
15/04/2019;A;8:00:00;29422
16/04/2019;A;8:00:00;28834
17/04/2019;A;8:00:00;27180
18/04/2019;A;8:00:00;11793
19/04/2019;A;8:00:00;8774
20/04/2019;A;8:00:00;16396
21/04/2019;A;8:00:00;9485
22/04/2019;A;8:00:00;30995
23/04/2019;A;8:00:00;37424
24/04/2019;A;8:00:00;32185
25/04/2019;A;8:00:00;3805
26/04/2019;A;8:00:00;
27/04/2019;A;8:00:00;43334
28/04/2019;A;8:00:00;12403
29/04/2019;A;8:00:00;32563
30/04/2019;A;8:00:00;30190
1/05/2019;A;8:00:00;13440
2/05/2019;A;8:00:00;34420
3/05/2019;A;8:00:00;34075
4/05/2019;A;8:00:00;28622
5/05/2019;A;8:00:00;13267
6/05/2019;A;8:00:00;33005
7/05/2019;A;8:00:00;33428
8/05/2019;A;8:00:00;33777
9/05/2019;A;8:00:00;32872
10/05/2019;A;8:00:00;34250
11/05/2019;A;8:00:00;23360
12/05/2019;A;8:00:00;11168
13/05/2019;A;8:00:00;32339
14/05/2019;A;8:00:00;33071
15/05/2019;A;8:00:00;32552
16/05/2019;A;8:00:00;32470
17/05/2019;A;8:00:00;29978
18/05/2019;A;8:00:00;27909
19/05/2019;A;8:00:00;12607
20/05/2019;A;8:00:00;32231
21/05/2019;A;8:00:00;33321
22/05/2019;A;8:00:00;32806
23/05/2019;A;8:00:00;32470
24/05/2019;A;8:00:00;32645
25/05/2019;A;8:00:00;27909
26/05/2019;A;8:00:00;11549
27/05/2019;A;8:00:00;33510
28/05/2019;A;8:00:00;32781
29/05/2019;A;8:00:00;34349
30/05/2019;A;8:00:00;32310
31/05/2019;A;8:00:00;32344
1/06/2019;A;8:00:00;27392
2/06/2019;A;8:00:00;12234
3/06/2019;A;8:00:00;10237
4/06/2019;A;8:00:00;36219
5/06/2019;A;8:00:00;35650
6/06/2019;A;8:00:00;32639
7/06/2019;A;8:00:00;32458
8/06/2019;A;8:00:00;27355
9/06/2019;A;8:00:00;12246
10/06/2019;A;8:00:00;32184
11/06/2019;A;8:00:00;32340
12/06/2019;A;8:00:00;33268
13/06/2019;A;8:00:00;32992
14/06/2019;A;8:00:00;33053
15/06/2019;A;8:00:00;29442
16/06/2019;A;8:00:00;12451
17/06/2019;A;8:00:00;32625
18/06/2019;A;8:00:00;33982
19/06/2019;A;8:00:00;32684
20/06/2019;A;8:00:00;32448
21/06/2019;A;8:00:00;32568
22/06/2019;A;8:00:00;27576
23/06/2019;A;8:00:00;14521
24/06/2019;A;8:00:00;10585
25/06/2019;A;8:00:00;32087
26/06/2019;A;8:00:00;31500
27/06/2019;A;8:00:00;31366
28/06/2019;A;8:00:00;31149
29/06/2019;A;8:00:00;26265
30/06/2019;A;8:00:00;15969
1/07/2019;A;8:00:00;11212
2/07/2019;A;8:00:00;32831
3/07/2019;A;8:00:00;32085
4/07/2019;A;8:00:00;38666
5/07/2019;A;8:00:00;32155
6/07/2019;A;8:00:00;27500
7/07/2019;A;8:00:00;13032
8/07/2019;A;8:00:00;31293
9/07/2019;A;8:00:00;32148
10/07/2019;A;8:00:00;34393
11/07/2019;A;8:00:00;31990
12/07/2019;A;8:00:00;32798
13/07/2019;A;8:00:00;27430
14/07/2019;A;8:00:00;12345
15/07/2019;A;8:00:00;32707
16/07/2019;A;8:00:00;33574
17/07/2019;A;8:00:00;22435
18/07/2019;A;8:00:00;33926
19/07/2019;A;8:00:00;33607
20/07/2019;A;8:00:00;19108
21/07/2019;A;8:00:00;12253
22/07/2019;A;8:00:00;33190
23/07/2019;A;8:00:00;33940
24/07/2019;A;8:00:00;25652
25/07/2019;A;8:00:00;33458
26/07/2019;A;8:00:00;35438
27/07/2019;A;8:00:00;29009
28/07/2019;A;8:00:00;12240
29/07/2019;A;8:00:00;33820
30/07/2019;A;8:00:00;34560
31/07/2019;A;8:00:00;33610
1/08/2019;A;8:00:00;33991
2/08/2019;A;8:00:00;34287
3/08/2019;A;8:00:00;29276
4/08/2019;A;8:00:00;13391
5/08/2019;A;8:00:00;35345
6/08/2019;A;8:00:00;35756
7/08/2019;A;8:00:00;13954
8/08/2019;A;8:00:00;35407
9/08/2019;A;8:00:00;35113
10/08/2019;A;8:00:00;31171
11/08/2019;A;8:00:00;13832
12/08/2019;A;8:00:00;35876
13/08/2019;A;8:00:00;34659
14/08/2019;A;8:00:00;34286
15/08/2019;A;8:00:00;34617
16/08/2019;A;8:00:00;35837
17/08/2019;A;8:00:00;28201
18/08/2019;A;8:00:00;13466
19/08/2019;A;8:00:00;10276
20/08/2019;A;8:00:00;36774
21/08/2019;A;8:00:00;34858
22/08/2019;A;8:00:00;33716
23/08/2019;A;8:00:00;34525
24/08/2019;A;8:00:00;28796
25/08/2019;A;8:00:00;12845
26/08/2019;A;8:00:00;32783
27/08/2019;A;8:00:00;34266
28/08/2019;A;8:00:00;34291
29/08/2019;A;8:00:00;33805
30/08/2019;A;8:00:00;34233
31/08/2019;A;8:00:00;29399
1/09/2019;A;8:00:00;13246
2/09/2019;A;8:00:00;34594
3/09/2019;A;8:00:00;36227
4/09/2019;A;8:00:00;34313
5/09/2019;A;8:00:00;127042
6/09/2019;A;8:00:00;36401
7/09/2019;A;8:00:00;29564
8/09/2019;A;8:00:00;13899
9/09/2019;A;8:00:00;34369
10/09/2019;A;8:00:00;35147
11/09/2019;A;8:00:00;34387
12/09/2019;A;8:00:00;34574
13/09/2019;A;8:00:00;35373
14/09/2019;A;8:00:00;28850
15/09/2019;A;8:00:00;12847
16/09/2019;A;8:00:00;34615
17/09/2019;A;8:00:00;34898
18/09/2019;A;8:00:00;33039
19/09/2019;A;8:00:00;34683
20/09/2019;A;8:00:00;34804
21/09/2019;A;8:00:00;29187
22/09/2019;A;8:00:00;12139
23/09/2019;A;8:00:00;35452
24/09/2019;A;8:00:00;35315
25/09/2019;A;8:00:00;36060
26/09/2019;A;8:00:00;34280
27/09/2019;A;8:00:00;34342
28/09/2019;A;8:00:00;29673
29/09/2019;A;8:00:00;12680
30/09/2019;A;8:00:00;36411
1/10/2019;A;8:00:00;35450
2/10/2019;A;8:00:00;34524
3/10/2019;A;8:00:00;34560
4/10/2019;A;8:00:00;34689
5/10/2019;A;8:00:00;30115
6/10/2019;A;8:00:00;13315
7/10/2019;A;8:00:00;35214
8/10/2019;A;8:00:00;35530
9/10/2019;A;8:00:00;35276
10/10/2019;A;8:00:00;34339
11/10/2019;A;8:00:00;34806
12/10/2019;A;8:00:00;28274
13/10/2019;A;8:00:00;12683
14/10/2019;A;8:00:00;9550
15/10/2019;A;8:00:00;35900
16/10/2019;A;8:00:00;34078
17/10/2019;A;8:00:00;35803
18/10/2019;A;8:00:00;33790
19/10/2019;A;8:00:00;126897
20/10/2019;A;8:00:00;12970
21/10/2019;A;8:00:00;33034
22/10/2019;A;8:00:00;35198
23/10/2019;A;8:00:00;23397
24/10/2019;A;8:00:00;34770
25/10/2019;A;8:00:00;33854
26/10/2019;A;8:00:00;29923
27/10/2019;A;8:00:00;238
28/10/2019;A;8:00:00;33278
29/10/2019;A;8:00:00;35220
30/10/2019;A;8:00:00;34479
31/10/2019;A;8:00:00;35403
1/11/2019;A;8:00:00;34838
2/11/2019;A;8:00:00;29304
3/11/2019;A;8:00:00;13503
4/11/2019;A;8:00:00;9991
5/11/2019;A;8:00:00;36512
6/11/2019;A;8:00:00;36291
7/11/2019;A;8:00:00;35247
8/11/2019;A;8:00:00;35369
9/11/2019;A;8:00:00;30499
10/11/2019;A;8:00:00;13165
11/11/2019;A;8:00:00;10578
12/11/2019;A;8:00:00;37807
13/11/2019;A;8:00:00;35565
14/11/2019;A;8:00:00;35590
15/11/2019;A;8:00:00;36719
16/11/2019;A;8:00:00;31517
17/11/2019;A;8:00:00;14122
18/11/2019;A;8:00:00;37749
19/11/2019;A;8:00:00;37127
20/11/2019;A;8:00:00;33866
21/11/2019;A;8:00:00;16633
22/11/2019;A;8:00:00;36058
23/11/2019;A;8:00:00;31251
24/11/2019;A;8:00:00;15474
25/11/2019;A;8:00:00;36603
26/11/2019;A;8:00:00;37288
27/11/2019;A;8:00:00;56510
28/11/2019;A;8:00:00;37094
29/11/2019;A;8:00:00;32495
30/11/2019;A;8:00:00;31938
1/12/2019;A;8:00:00;15094
2/12/2019;A;8:00:00;36449
3/12/2019;A;8:00:00;37726
4/12/2019;A;8:00:00;36245
5/12/2019;A;8:00:00;38112
6/12/2019;A;8:00:00;38116
7/12/2019;A;8:00:00;31453
8/12/2019;A;8:00:00;14235
9/12/2019;A;8:00:00;35857
10/12/2019;A;8:00:00;36601
11/12/2019;A;8:00:00;36435
12/12/2019;A;8:00:00;36370
13/12/2019;A;8:00:00;36963
14/12/2019;A;8:00:00;32519
15/12/2019;A;8:00:00;17404
16/12/2019;A;8:00:00;36855
17/12/2019;A;8:00:00;39067
18/12/2019;A;8:00:00;35963
19/12/2019;A;8:00:00;35895
20/12/2019;A;8:00:00;37347
21/12/2019;A;8:00:00;32702
22/12/2019;A;8:00:00;18209
23/12/2019;A;8:00:00;34832
24/12/2019;A;8:00:00;26728
25/12/2019;A;8:00:00;5535
26/12/2019;A;8:00:00;27937
27/12/2019;A;8:00:00;29751
28/12/2019;A;8:00:00;24994
29/12/2019;A;8:00:00;13853
30/12/2019;A;8:00:00;27023
31/12/2019;A;8:00:00;18700
1/01/2019;B;8:00:00;676
2/01/2019;B;8:00:00;3558
3/01/2019;B;8:00:00;4057
4/01/2019;B;8:00:00;4347
5/01/2019;B;8:00:00;3648
6/01/2019;B;8:00:00;2449
7/01/2019;B;8:00:00;1824
8/01/2019;B;8:00:00;4459
9/01/2019;B;8:00:00;4534
10/01/2019;B;8:00:00;4714
11/01/2019;B;8:00:00;4761
12/01/2019;B;8:00:00;3930
13/01/2019;B;8:00:00;1929
14/01/2019;B;8:00:00;4809
15/01/2019;B;8:00:00;4878
16/01/2019;B;8:00:00;4925
17/01/2019;B;8:00:00;4862
18/01/2019;B;8:00:00;4897
19/01/2019;B;8:00:00;4491
20/01/2019;B;8:00:00;2446
21/01/2019;B;8:00:00;5279
22/01/2019;B;8:00:00;5408
23/01/2019;B;8:00:00;5117
24/01/2019;B;8:00:00;5269
25/01/2019;B;8:00:00;5317
26/01/2019;B;8:00:00;4542
27/01/2019;B;8:00:00;2138
28/01/2019;B;8:00:00;5482
29/01/2019;B;8:00:00;5341
30/01/2019;B;8:00:00;5465
31/01/2019;B;8:00:00;5396
1/02/2019;B;8:00:00;5552
2/02/2019;B;8:00:00;4722
3/02/2019;B;8:00:00;2231
4/02/2019;B;8:00:00;5500
5/02/2019;B;8:00:00;5622
6/02/2019;B;8:00:00;5484
7/02/2019;B;8:00:00;5478
8/02/2019;B;8:00:00;5506
9/02/2019;B;8:00:00;4485
10/02/2019;B;8:00:00;2000
11/02/2019;B;8:00:00;5600
12/02/2019;B;8:00:00;6094
13/02/2019;B;8:00:00;5531
14/02/2019;B;8:00:00;5697
15/02/2019;B;8:00:00;6513
16/02/2019;B;8:00:00;7
17/02/2019;B;8:00:00;2248
18/02/2019;B;8:00:00;5684
19/02/2019;B;8:00:00;5790
20/02/2019;B;8:00:00;5981
21/02/2019;B;8:00:00;5550
22/02/2019;B;8:00:00;5774
23/02/2019;B;8:00:00;4701
24/02/2019;B;8:00:00;2321
25/02/2019;B;8:00:00;5744
26/02/2019;B;8:00:00;5767
27/02/2019;B;8:00:00;5790
28/02/2019;B;8:00:00;5523
1/03/2019;B;8:00:00;5761
2/03/2019;B;8:00:00;4965
3/03/2019;B;8:00:00;2298
4/03/2019;B;8:00:00;5694
5/03/2019;B;8:00:00;5657
6/03/2019;B;8:00:00;6167
7/03/2019;B;8:00:00;6142
8/03/2019;B;8:00:00;4914
9/03/2019;B;8:00:00;4716
10/03/2019;B;8:00:00;2025
11/03/2019;B;8:00:00;5556
12/03/2019;B;8:00:00;5659
13/03/2019;B;8:00:00;455
14/03/2019;B;8:00:00;5397
15/03/2019;B;8:00:00;5718
16/03/2019;B;8:00:00;4796
17/03/2019;B;8:00:00;2203
18/03/2019;B;8:00:00;5997
19/03/2019;B;8:00:00;6264
20/03/2019;B;8:00:00;6134
21/03/2019;B;8:00:00;5743
22/03/2019;B;8:00:00;5761
23/03/2019;B;8:00:00;4624
24/03/2019;B;8:00:00;2170
25/03/2019;B;8:00:00;1822
26/03/2019;B;8:00:00;5896
27/03/2019;B;8:00:00;5617
28/03/2019;B;8:00:00;5460
29/03/2019;B;8:00:00;6342
30/03/2019;B;8:00:00;5185
31/03/2019;B;8:00:00;2282
1/04/2019;B;8:00:00;5464
2/04/2019;B;8:00:00;5392
3/04/2019;B;8:00:00;5504
4/04/2019;B;8:00:00;5596
5/04/2019;B;8:00:00;5644
6/04/2019;B;8:00:00;4744
7/04/2019;B;8:00:00;2375
8/04/2019;B;8:00:00;5627
9/04/2019;B;8:00:00;5639
10/04/2019;B;8:00:00;5526
11/04/2019;B;8:00:00;5559
12/04/2019;B;8:00:00;5655
13/04/2019;B;8:00:00;4804
14/04/2019;B;8:00:00;2199
15/04/2019;B;8:00:00;5156
16/04/2019;B;8:00:00;5469
17/04/2019;B;8:00:00;4925
18/04/2019;B;8:00:00;2390
19/04/2019;B;8:00:00;1904
20/04/2019;B;8:00:00;3264
21/04/2019;B;8:00:00;1749
22/04/2019;B;8:00:00;4910
23/04/2019;B;8:00:00;6685
24/04/2019;B;8:00:00;5616
25/04/2019;B;8:00:00;828
26/04/2019;B;8:00:00;
27/04/2019;B;8:00:00;7187
28/04/2019;B;8:00:00;3057
29/04/2019;B;8:00:00;5422
30/04/2019;B;8:00:00;5121
1/05/2019;B;8:00:00;2268
2/05/2019;B;8:00:00;5779
3/05/2019;B;8:00:00;5723
4/05/2019;B;8:00:00;4977
5/05/2019;B;8:00:00;2423
6/05/2019;B;8:00:00;5662
7/05/2019;B;8:00:00;5786
8/05/2019;B;8:00:00;5898
9/05/2019;B;8:00:00;5637
10/05/2019;B;8:00:00;5880
11/05/2019;B;8:00:00;4904
12/05/2019;B;8:00:00;2100
13/05/2019;B;8:00:00;5234
14/05/2019;B;8:00:00;5462
15/05/2019;B;8:00:00;5626
16/05/2019;B;8:00:00;5598
17/05/2019;B;8:00:00;5708
18/05/2019;B;8:00:00;4813
19/05/2019;B;8:00:00;2282
20/05/2019;B;8:00:00;5493
21/05/2019;B;8:00:00;5656
22/05/2019;B;8:00:00;5550
23/05/2019;B;8:00:00;5452
24/05/2019;B;8:00:00;5601
25/05/2019;B;8:00:00;4792
26/05/2019;B;8:00:00;2130
27/05/2019;B;8:00:00;5433
28/05/2019;B;8:00:00;5100
29/05/2019;B;8:00:00;5432
30/05/2019;B;8:00:00;5302
31/05/2019;B;8:00:00;5396
1/06/2019;B;8:00:00;4595
2/06/2019;B;8:00:00;2296
3/06/2019;B;8:00:00;1780
4/06/2019;B;8:00:00;5829
5/06/2019;B;8:00:00;5522
6/06/2019;B;8:00:00;5399
7/06/2019;B;8:00:00;5577
8/06/2019;B;8:00:00;4703
9/06/2019;B;8:00:00;2242
10/06/2019;B;8:00:00;5330
11/06/2019;B;8:00:00;5409
12/06/2019;B;8:00:00;5490
13/06/2019;B;8:00:00;5312
14/06/2019;B;8:00:00;5427
15/06/2019;B;8:00:00;4483
16/06/2019;B;8:00:00;2218
17/06/2019;B;8:00:00;4906
18/06/2019;B;8:00:00;5411
19/06/2019;B;8:00:00;5323
20/06/2019;B;8:00:00;5282
21/06/2019;B;8:00:00;5391
22/06/2019;B;8:00:00;4698
23/06/2019;B;8:00:00;2829
24/06/2019;B;8:00:00;2062
25/06/2019;B;8:00:00;5464
26/06/2019;B;8:00:00;5440
27/06/2019;B;8:00:00;5420
28/06/2019;B;8:00:00;5370
29/06/2019;B;8:00:00;4414
30/06/2019;B;8:00:00;3023
1/07/2019;B;8:00:00;2009
2/07/2019;B;8:00:00;5297
3/07/2019;B;8:00:00;5275
4/07/2019;B;8:00:00;6490
5/07/2019;B;8:00:00;5496
6/07/2019;B;8:00:00;4799
7/07/2019;B;8:00:00;2462
8/07/2019;B;8:00:00;5142
9/07/2019;B;8:00:00;5434
10/07/2019;B;8:00:00;5999
11/07/2019;B;8:00:00;5267
12/07/2019;B;8:00:00;5324
13/07/2019;B;8:00:00;4758
14/07/2019;B;8:00:00;2128
15/07/2019;B;8:00:00;5299
16/07/2019;B;8:00:00;5510
17/07/2019;B;8:00:00;3680
18/07/2019;B;8:00:00;5494
19/07/2019;B;8:00:00;5635
20/07/2019;B;8:00:00;3351
21/07/2019;B;8:00:00;2285
22/07/2019;B;8:00:00;5330
23/07/2019;B;8:00:00;5684
24/07/2019;B;8:00:00;4169
25/07/2019;B;8:00:00;5606
26/07/2019;B;8:00:00;5529
27/07/2019;B;8:00:00;4833
28/07/2019;B;8:00:00;2111
29/07/2019;B;8:00:00;5436
30/07/2019;B;8:00:00;5734
31/07/2019;B;8:00:00;5468
1/08/2019;B;8:00:00;5664
2/08/2019;B;8:00:00;5855
3/08/2019;B;8:00:00;4956
4/08/2019;B;8:00:00;2543
5/08/2019;B;8:00:00;5731
6/08/2019;B;8:00:00;6212
7/08/2019;B;8:00:00;2655
8/08/2019;B;8:00:00;6076
9/08/2019;B;8:00:00;5858
10/08/2019;B;8:00:00;5398
11/08/2019;B;8:00:00;2766
12/08/2019;B;8:00:00;5639
13/08/2019;B;8:00:00;5948
14/08/2019;B;8:00:00;5618
15/08/2019;B;8:00:00;5632
16/08/2019;B;8:00:00;5626
17/08/2019;B;8:00:00;4874
18/08/2019;B;8:00:00;2615
19/08/2019;B;8:00:00;1923
20/08/2019;B;8:00:00;5624
21/08/2019;B;8:00:00;5634
22/08/2019;B;8:00:00;5678
23/08/2019;B;8:00:00;5746
24/08/2019;B;8:00:00;4760
25/08/2019;B;8:00:00;2331
26/08/2019;B;8:00:00;5527
27/08/2019;B;8:00:00;5714
28/08/2019;B;8:00:00;5702
29/08/2019;B;8:00:00;5462
30/08/2019;B;8:00:00;5705
31/08/2019;B;8:00:00;5135
1/09/2019;B;8:00:00;2468
2/09/2019;B;8:00:00;5638
3/09/2019;B;8:00:00;5831
4/09/2019;B;8:00:00;5626
5/09/2019;B;8:00:00;21844
6/09/2019;B;8:00:00;6050
7/09/2019;B;8:00:00;5000
8/09/2019;B;8:00:00;2443
9/09/2019;B;8:00:00;5532
10/09/2019;B;8:00:00;5830
11/09/2019;B;8:00:00;5727
12/09/2019;B;8:00:00;5685
13/09/2019;B;8:00:00;5943
14/09/2019;B;8:00:00;5040
15/09/2019;B;8:00:00;2453
16/09/2019;B;8:00:00;5789
17/09/2019;B;8:00:00;5610
18/09/2019;B;8:00:00;5692
19/09/2019;B;8:00:00;5966
20/09/2019;B;8:00:00;5748
21/09/2019;B;8:00:00;4912
22/09/2019;B;8:00:00;2234
23/09/2019;B;8:00:00;5724
24/09/2019;B;8:00:00;5971
25/09/2019;B;8:00:00;5859
26/09/2019;B;8:00:00;5911
27/09/2019;B;8:00:00;5819
28/09/2019;B;8:00:00;4897
29/09/2019;B;8:00:00;2288
30/09/2019;B;8:00:00;5618
1/10/2019;B;8:00:00;5774
2/10/2019;B;8:00:00;5684
3/10/2019;B;8:00:00;5677
4/10/2019;B;8:00:00;5953
5/10/2019;B;8:00:00;5062
6/10/2019;B;8:00:00;2360
7/10/2019;B;8:00:00;5519
8/10/2019;B;8:00:00;5817
9/10/2019;B;8:00:00;5956
10/10/2019;B;8:00:00;5877
11/10/2019;B;8:00:00;5917
12/10/2019;B;8:00:00;5349
13/10/2019;B;8:00:00;2766
14/10/2019;B;8:00:00;1848
15/10/2019;B;8:00:00;5736
16/10/2019;B;8:00:00;5652
17/10/2019;B;8:00:00;6142
18/10/2019;B;8:00:00;5806
19/10/2019;B;8:00:00;21131
20/10/2019;B;8:00:00;2264
21/10/2019;B;8:00:00;5505
22/10/2019;B;8:00:00;5926
23/10/2019;B;8:00:00;3880
24/10/2019;B;8:00:00;5689
25/10/2019;B;8:00:00;5710
26/10/2019;B;8:00:00;4938
27/10/2019;B;8:00:00;8
28/10/2019;B;8:00:00;5320
29/10/2019;B;8:00:00;5694
30/10/2019;B;8:00:00;5859
31/10/2019;B;8:00:00;5674
1/11/2019;B;8:00:00;5665
2/11/2019;B;8:00:00;4961
3/11/2019;B;8:00:00;2434
4/11/2019;B;8:00:00;1857
5/11/2019;B;8:00:00;6161
6/11/2019;B;8:00:00;5712
7/11/2019;B;8:00:00;5723
8/11/2019;B;8:00:00;6063
9/11/2019;B;8:00:00;5100
10/11/2019;B;8:00:00;2525
11/11/2019;B;8:00:00;1891
12/11/2019;B;8:00:00;5894
13/11/2019;B;8:00:00;5620
14/11/2019;B;8:00:00;5879
15/11/2019;B;8:00:00;6200
16/11/2019;B;8:00:00;5277
17/11/2019;B;8:00:00;2582
18/11/2019;B;8:00:00;5778
19/11/2019;B;8:00:00;5957
20/11/2019;B;8:00:00;5712
21/11/2019;B;8:00:00;3048
22/11/2019;B;8:00:00;6025
23/11/2019;B;8:00:00;5280
24/11/2019;B;8:00:00;2623
25/11/2019;B;8:00:00;5647
26/11/2019;B;8:00:00;5903
27/11/2019;B;8:00:00;9369
28/11/2019;B;8:00:00;6023
29/11/2019;B;8:00:00;6240
30/11/2019;B;8:00:00;5399
1/12/2019;B;8:00:00;2925
2/12/2019;B;8:00:00;5647
3/12/2019;B;8:00:00;6029
4/12/2019;B;8:00:00;6071
5/12/2019;B;8:00:00;6084
6/12/2019;B;8:00:00;6191
7/12/2019;B;8:00:00;5509
8/12/2019;B;8:00:00;2732
9/12/2019;B;8:00:00;5718
10/12/2019;B;8:00:00;6119
11/12/2019;B;8:00:00;5760
12/12/2019;B;8:00:00;5842
13/12/2019;B;8:00:00;6085
14/12/2019;B;8:00:00;5634
15/12/2019;B;8:00:00;3656
16/12/2019;B;8:00:00;5978
17/12/2019;B;8:00:00;5876
18/12/2019;B;8:00:00;5744
19/12/2019;B;8:00:00;5879
20/12/2019;B;8:00:00;6133
21/12/2019;B;8:00:00;5199
22/12/2019;B;8:00:00;3537
23/12/2019;B;8:00:00;5657
24/12/2019;B;8:00:00;4698
25/12/2019;B;8:00:00;978
26/12/2019;B;8:00:00;4720
27/12/2019;B;8:00:00;4864
28/12/2019;B;8:00:00;4456
29/12/2019;B;8:00:00;2660
30/12/2019;B;8:00:00;4383
31/12/2019;B;8:00:00;3182
1/01/2020;A;8:00:00;4158
1/01/2020;B;8:00:00;693
2/01/2020;A;8:00:00;21651
2/01/2020;B;8:00:00;3407
3/01/2020;A;8:00:00;25072
3/01/2020;B;8:00:00;4192
4/01/2020;A;8:00:00;21694
4/01/2020;B;8:00:00;3424
5/01/2020;A;8:00:00;12776
5/01/2020;B;8:00:00;2486
6/01/2020;A;8:00:00;9616
6/01/2020;B;8:00:00;1844
7/01/2020;A;8:00:00;28809
7/01/2020;B;8:00:00;4608
8/01/2020;A;8:00:00;28397
8/01/2020;B;8:00:00;4581
9/01/2020;A;8:00:00;28913
9/01/2020;B;8:00:00;4454
10/01/2020;A;8:00:00;29150
10/01/2020;B;8:00:00;4688
11/01/2020;A;8:00:00;24103
11/01/2020;B;8:00:00;4129
12/01/2020;A;8:00:00;11222
12/01/2020;B;8:00:00;1989
13/01/2020;A;8:00:00;30455
13/01/2020;B;8:00:00;4938
14/01/2020;A;8:00:00;30965
14/01/2020;B;8:00:00;4862
15/01/2020;A;8:00:00;30407
15/01/2020;B;8:00:00;4893
16/01/2020;A;8:00:00;31430
16/01/2020;B;8:00:00;4874
17/01/2020;A;8:00:00;31240
17/01/2020;B;8:00:00;5143
18/01/2020;A;8:00:00;26473
18/01/2020;B;8:00:00;4428
19/01/2020;A;8:00:00;12474
19/01/2020;B;8:00:00;2067
20/01/2020;A;8:00:00;32491
20/01/2020;B;8:00:00;5330
21/01/2020;A;8:00:00;32933
21/01/2020;B;8:00:00;5322
22/01/2020;A;8:00:00;33360
22/01/2020;B;8:00:00;5305
23/01/2020;A;8:00:00;31710
23/01/2020;B;8:00:00;5195
24/01/2020;A;8:00:00;31838
24/01/2020;B;8:00:00;5379
25/01/2020;A;8:00:00;26794
25/01/2020;B;8:00:00;4432
26/01/2020;A;8:00:00;11507
26/01/2020;B;8:00:00;2017
27/01/2020;A;8:00:00;33025
27/01/2020;B;8:00:00;5358
28/01/2020;A;8:00:00;32187
28/01/2020;B;8:00:00;5453
29/01/2020;A;8:00:00;32778
29/01/2020;B;8:00:00;5352
30/01/2020;A;8:00:00;32619
30/01/2020;B;8:00:00;5430
31/01/2020;A;8:00:00;33126
31/01/2020;B;8:00:00;5365
1/02/2020;A;8:00:00;27160
1/02/2020;B;8:00:00;4720
2/02/2020;A;8:00:00;11816
2/02/2020;B;8:00:00;2142
3/02/2020;A;8:00:00;34238
3/02/2020;B;8:00:00;5618
4/02/2020;A;8:00:00;34148
4/02/2020;B;8:00:00;5725
5/02/2020;A;8:00:00;33342
5/02/2020;B;8:00:00;5398
6/02/2020;A;8:00:00;33582
6/02/2020;B;8:00:00;5353
7/02/2020;A;8:00:00;33880
7/02/2020;B;8:00:00;5608
8/02/2020;A;8:00:00;27289
8/02/2020;B;8:00:00;4528
9/02/2020;A;8:00:00;11807
9/02/2020;B;8:00:00;2033
10/02/2020;A;8:00:00;33963
10/02/2020;B;8:00:00;5509
11/02/2020;A;8:00:00;34129
11/02/2020;B;8:00:00;5533
12/02/2020;A;8:00:00;35105
12/02/2020;B;8:00:00;5693
13/02/2020;A;8:00:00;34137
13/02/2020;B;8:00:00;5477
14/02/2020;A;8:00:00;33216
14/02/2020;B;8:00:00;5565
15/02/2020;A;8:00:00;26955
15/02/2020;B;8:00:00;4556
16/02/2020;A;8:00:00;11603
16/02/2020;B;8:00:00;1959
17/02/2020;A;8:00:00;68148
17/02/2020;B;8:00:00;11386
18/02/2020;A;8:00:00;68542
18/02/2020;B;8:00:00;11312
19/02/2020;A;8:00:00;33788
19/02/2020;B;8:00:00;5631
20/02/2020;A;8:00:00;34374
20/02/2020;B;8:00:00;5555
21/02/2020;A;8:00:00;34153
21/02/2020;B;8:00:00;5785
22/02/2020;A;8:00:00;28107
22/02/2020;B;8:00:00;4716
23/02/2020;A;8:00:00;11915
23/02/2020;B;8:00:00;2246
24/02/2020;A;8:00:00;33886
24/02/2020;B;8:00:00;5630
25/02/2020;A;8:00:00;34424
25/02/2020;B;8:00:00;5752
26/02/2020;A;8:00:00;33081
26/02/2020;B;8:00:00;5637
27/02/2020;A;8:00:00;33485
27/02/2020;B;8:00:00;5741
28/02/2020;A;8:00:00;37433
28/02/2020;B;8:00:00;6087
29/02/2020;A;8:00:00;30953
29/02/2020;B;8:00:00;5161
1/03/2020;A;8:00:00;13909
1/03/2020;B;8:00:00;2412
2/03/2020;A;8:00:00;34973
2/03/2020;B;8:00:00;6123
3/03/2020;A;8:00:00;37692
3/03/2020;B;8:00:00;6177
4/03/2020;A;8:00:00;36334
4/03/2020;B;8:00:00;6057
5/03/2020;A;8:00:00;36969
5/03/2020;B;8:00:00;6313
6/03/2020;A;8:00:00;37592
6/03/2020;B;8:00:00;6289
7/03/2020;A;8:00:00;30386
7/03/2020;B;8:00:00;5032
8/03/2020;A;8:00:00;12291
8/03/2020;B;8:00:00;2301
9/03/2020;A;8:00:00;35923
9/03/2020;B;8:00:00;5898
10/03/2020;A;8:00:00;36525
10/03/2020;B;8:00:00;5951
11/03/2020;A;8:00:00;35276
11/03/2020;B;8:00:00;5914
12/03/2020;A;8:00:00;34271
12/03/2020;B;8:00:00;5689
13/03/2020;A;8:00:00;34330
13/03/2020;B;8:00:00;5622
14/03/2020;A;8:00:00;24806
14/03/2020;B;8:00:00;4153
15/03/2020;A;8:00:00;9394
15/03/2020;B;8:00:00;1598
16/03/2020;A;8:00:00;26687
16/03/2020;B;8:00:00;4248
17/03/2020;A;8:00:00;23300
17/03/2020;B;8:00:00;3761
18/03/2020;A;8:00:00;20782
18/03/2020;B;8:00:00;3278
19/03/2020;A;8:00:00;19193
19/03/2020;B;8:00:00;3110
20/03/2020;A;8:00:00;17346
20/03/2020;B;8:00:00;2700
21/03/2020;A;8:00:00;2860
21/03/2020;B;8:00:00;426
22/03/2020;A;8:00:00;1775
22/03/2020;B;8:00:00;247
23/03/2020;A;8:00:00;2078
23/03/2020;B;8:00:00;315
24/03/2020;A;8:00:00;9805
24/03/2020;B;8:00:00;1475
25/03/2020;A;8:00:00;3955
25/03/2020;B;8:00:00;551
26/03/2020;A;8:00:00;3760
26/03/2020;B;8:00:00;581
27/03/2020;A;8:00:00;3872
27/03/2020;B;8:00:00;581
28/03/2020;A;8:00:00;2799
28/03/2020;B;8:00:00;395
29/03/2020;A;8:00:00;1290
29/03/2020;B;8:00:00;197
30/03/2020;A;8:00:00;3884
30/03/2020;B;8:00:00;574
31/03/2020;A;8:00:00;3957
31/03/2020;B;8:00:00;513
1/04/2020;A;8:00:00;3988
1/04/2020;B;8:00:00;601
2/04/2020;A;8:00:00;3691
2/04/2020;B;8:00:00;574
3/04/2020;A;8:00:00;3808
3/04/2020;B;8:00:00;635
4/04/2020;A;8:00:00;2823
4/04/2020;B;8:00:00;426
5/04/2020;A;8:00:00;1285
5/04/2020;B;8:00:00;157
6/04/2020;A;8:00:00;3900
6/04/2020;B;8:00:00;606
7/04/2020;A;8:00:00;3891
7/04/2020;B;8:00:00;669
8/04/2020;A;8:00:00;4048
8/04/2020;B;8:00:00;690
9/04/2020;A;8:00:00;1635
9/04/2020;B;8:00:00;288
10/04/2020;A;8:00:00;1309
10/04/2020;B;8:00:00;229
11/04/2020;A;8:00:00;2296
11/04/2020;B;8:00:00;384
12/04/2020;A;8:00:00;1158
12/04/2020;B;8:00:00;203
13/04/2020;A;8:00:00;3974
13/04/2020;B;8:00:00;630
14/04/2020;A;8:00:00;4325
14/04/2020;B;8:00:00;687
15/04/2020;A;8:00:00;4275
15/04/2020;B;8:00:00;675
16/04/2020;A;8:00:00;4242
16/04/2020;B;8:00:00;722
17/04/2020;A;8:00:00;4318
17/04/2020;B;8:00:00;702
18/04/2020;A;8:00:00;3238
18/04/2020;B;8:00:00;516
19/04/2020;A;8:00:00;1387
19/04/2020;B;8:00:00;228
20/04/2020;A;8:00:00;4305
20/04/2020;B;8:00:00;698
21/04/2020;A;8:00:00;4177
21/04/2020;B;8:00:00;692
22/04/2020;A;8:00:00;4559
22/04/2020;B;8:00:00;710
23/04/2020;A;8:00:00;4517
23/04/2020;B;8:00:00;713
24/04/2020;A;8:00:00;4904
24/04/2020;B;8:00:00;769
25/04/2020;A;8:00:00;3544
25/04/2020;B;8:00:00;591
26/04/2020;A;8:00:00;1476
26/04/2020;B;8:00:00;234
27/04/2020;A;8:00:00;4518
27/04/2020;B;8:00:00;740
28/04/2020;A;8:00:00;4690
28/04/2020;B;8:00:00;717
29/04/2020;A;8:00:00;4943
29/04/2020;B;8:00:00;800
30/04/2020;A;8:00:00;5058
30/04/2020;B;8:00:00;887
1/05/2020;A;8:00:00;2255
1/05/2020;B;8:00:00;370
2/05/2020;A;8:00:00;3851
2/05/2020;B;8:00:00;613
3/05/2020;A;8:00:00;1613
3/05/2020;B;8:00:00;268
4/05/2020;A;8:00:00;5661
4/05/2020;B;8:00:00;902
5/05/2020;A;8:00:00;5810
5/05/2020;B;8:00:00;970
6/05/2020;A;8:00:00;5983
6/05/2020;B;8:00:00;974
7/05/2020;A;8:00:00;6005
7/05/2020;B;8:00:00;986
8/05/2020;A;8:00:00;6203
8/05/2020;B;8:00:00;1018
9/05/2020;A;8:00:00;5100
9/05/2020;B;8:00:00;866
10/05/2020;A;8:00:00;2025
10/05/2020;B;8:00:00;329
11/05/2020;A;8:00:00;6381
11/05/2020;B;8:00:00;937
12/05/2020;A;8:00:00;6523
12/05/2020;B;8:00:00;1049
13/05/2020;A;8:00:00;6956
13/05/2020;B;8:00:00;1109
14/05/2020;A;8:00:00;7182
14/05/2020;B;8:00:00;1135
15/05/2020;A;8:00:00;7263
15/05/2020;B;8:00:00;1131
16/05/2020;A;8:00:00;5623
16/05/2020;B;8:00:00;889
17/05/2020;A;8:00:00;2118
17/05/2020;B;8:00:00;319
18/05/2020;A;8:00:00;7622
18/05/2020;B;8:00:00;1243
19/05/2020;A;8:00:00;7550
19/05/2020;B;8:00:00;1246
20/05/2020;A;8:00:00;7880
20/05/2020;B;8:00:00;1192
21/05/2020;A;8:00:00;8093
21/05/2020;B;8:00:00;1263
22/05/2020;A;8:00:00;8120
22/05/2020;B;8:00:00;1277
23/05/2020;A;8:00:00;6226
23/05/2020;B;8:00:00;977
24/05/2020;A;8:00:00;2208
24/05/2020;B;8:00:00;356
25/05/2020;A;8:00:00;2252
25/05/2020;B;8:00:00;327
26/05/2020;A;8:00:00;8388
26/05/2020;B;8:00:00;1253
27/05/2020;A;8:00:00;8320
27/05/2020;B;8:00:00;1273
28/05/2020;A;8:00:00;8572
28/05/2020;B;8:00:00;1342
29/05/2020;A;8:00:00;8715
29/05/2020;B;8:00:00;1423
30/05/2020;A;8:00:00;6818
30/05/2020;B;8:00:00;1108
31/05/2020;A;8:00:00;2379
31/05/2020;B;8:00:00;345
1/06/2020;A;8:00:00;10066
1/06/2020;B;8:00:00;1545
2/06/2020;A;8:00:00;10437
2/06/2020;B;8:00:00;1653
3/06/2020;A;8:00:00;10380
3/06/2020;B;8:00:00;1621
4/06/2020;A;8:00:00;10357
4/06/2020;B;8:00:00;1676
5/06/2020;A;8:00:00;11313
5/06/2020;B;8:00:00;1770
6/06/2020;A;8:00:00;8492
6/06/2020;B;8:00:00;1334
7/06/2020;A;8:00:00;2709
7/06/2020;B;8:00:00;414
8/06/2020;A;8:00:00;11367
8/06/2020;B;8:00:00;1757
9/06/2020;A;8:00:00;11117
9/06/2020;B;8:00:00;1811
10/06/2020;A;8:00:00;10868
10/06/2020;B;8:00:00;1792
11/06/2020;A;8:00:00;10952
11/06/2020;B;8:00:00;1788
12/06/2020;A;8:00:00;11419
12/06/2020;B;8:00:00;1855
14/06/2020;A;8:00:00;3116
14/06/2020;B;8:00:00;540
15/06/2020;A;8:00:00;3096
15/06/2020;B;8:00:00;492
16/06/2020;A;8:00:00;12390
16/06/2020;B;8:00:00;1950
17/06/2020;A;8:00:00;12458
17/06/2020;B;8:00:00;1928
18/06/2020;A;8:00:00;11973
18/06/2020;B;8:00:00;1881
19/06/2020;A;8:00:00;13444
19/06/2020;B;8:00:00;2088
20/06/2020;A;8:00:00;9835
20/06/2020;B;8:00:00;1522
21/06/2020;A;8:00:00;3310
21/06/2020;B;8:00:00;494
22/06/2020;A;8:00:00;3010
22/06/2020;B;8:00:00;474
23/06/2020;A;8:00:00;12153
23/06/2020;B;8:00:00;1947
24/06/2020;A;8:00:00;12099
24/06/2020;B;8:00:00;2027
25/06/2020;A;8:00:00;12401
25/06/2020;B;8:00:00;1941
26/06/2020;A;8:00:00;12290
26/06/2020;B;8:00:00;1964
27/06/2020;A;8:00:00;9723
27/06/2020;B;8:00:00;1576
28/06/2020;A;8:00:00;3283
28/06/2020;B;8:00:00;545
29/06/2020;A;8:00:00;3221
29/06/2020;B;8:00:00;537
30/06/2020;A;8:00:00;12176
30/06/2020;B;8:00:00;2005
1/07/2020;A;8:00:00;12559
1/07/2020;B;8:00:00;2095
2/07/2020;A;8:00:00;12426
2/07/2020;B;8:00:00;1939
3/07/2020;A;8:00:00;12542
3/07/2020;B;8:00:00;1976
4/07/2020;A;8:00:00;9924
4/07/2020;B;8:00:00;1676
5/07/2020;A;8:00:00;3265
5/07/2020;B;8:00:00;518
6/07/2020;A;8:00:00;12261
6/07/2020;B;8:00:00;1817
7/07/2020;A;8:00:00;12423
7/07/2020;B;8:00:00;2010
8/07/2020;A;8:00:00;12250
8/07/2020;B;8:00:00;1836
9/07/2020;A;8:00:00;12140
9/07/2020;B;8:00:00;1923
10/07/2020;A;8:00:00;12049
10/07/2020;B;8:00:00;1893
11/07/2020;A;8:00:00;9736
11/07/2020;B;8:00:00;1561
12/07/2020;A;8:00:00;3258
12/07/2020;B;8:00:00;503
13/07/2020;A;8:00:00;9924
13/07/2020;B;8:00:00;1459
14/07/2020;A;8:00:00;9911
14/07/2020;B;8:00:00;1521
15/07/2020;A;8:00:00;9670
15/07/2020;B;8:00:00;1524
16/07/2020;A;8:00:00;10117
16/07/2020;B;8:00:00;1628
17/07/2020;A;8:00:00;3738
17/07/2020;B;8:00:00;505
18/07/2020;A;8:00:00;2885
18/07/2020;B;8:00:00;432
19/07/2020;A;8:00:00;1261
19/07/2020;B;8:00:00;186
20/07/2020;A;8:00:00;1327
20/07/2020;B;8:00:00;204
21/07/2020;A;8:00:00;10724
21/07/2020;B;8:00:00;1716
22/07/2020;A;8:00:00;10145
22/07/2020;B;8:00:00;1634
23/07/2020;A;8:00:00;10097
23/07/2020;B;8:00:00;1676
24/07/2020;A;8:00:00;4326
24/07/2020;B;8:00:00;666
25/07/2020;A;8:00:00;3213
25/07/2020;B;8:00:00;477
26/07/2020;A;8:00:00;1383
26/07/2020;B;8:00:00;205
27/07/2020;A;8:00:00;11092
27/07/2020;B;8:00:00;1735
28/07/2020;A;8:00:00;11081
28/07/2020;B;8:00:00;1774
29/07/2020;A;8:00:00;11068
29/07/2020;B;8:00:00;1765
30/07/2020;A;8:00:00;10880
30/07/2020;B;8:00:00;1686
31/07/2020;A;8:00:00;4536
31/07/2020;B;8:00:00;641
1/08/2020;A;8:00:00;3448
1/08/2020;B;8:00:00;501
2/08/2020;A;8:00:00;1409
2/08/2020;B;8:00:00;235
3/08/2020;A;8:00:00;10993
3/08/2020;B;8:00:00;1799
4/08/2020;A;8:00:00;10624
4/08/2020;B;8:00:00;1783
5/08/2020;A;8:00:00;10960
5/08/2020;B;8:00:00;1819
6/08/2020;A;8:00:00;11305
6/08/2020;B;8:00:00;1840
7/08/2020;A;8:00:00;2261
7/08/2020;B;8:00:00;344
9/08/2020;A;8:00:00;1458
9/08/2020;B;8:00:00;221
10/08/2020;A;8:00:00;11183
10/08/2020;B;8:00:00;1804
11/08/2020;A;8:00:00;10998
11/08/2020;B;8:00:00;1789
12/08/2020;A;8:00:00;10739
12/08/2020;B;8:00:00;1807
13/08/2020;A;8:00:00;10970
13/08/2020;B;8:00:00;1780
14/08/2020;A;8:00:00;10528
14/08/2020;B;8:00:00;1720
15/08/2020;A;8:00:00;4102
15/08/2020;B;8:00:00;635
16/08/2020;A;8:00:00;1667
16/08/2020;B;8:00:00;251
17/08/2020;A;8:00:00;1908
17/08/2020;B;8:00:00;291
18/08/2020;A;8:00:00;11967
18/08/2020;B;8:00:00;1874
19/08/2020;A;8:00:00;11541
19/08/2020;B;8:00:00;1874
20/08/2020;A;8:00:00;23314
20/08/2020;B;8:00:00;3672
21/08/2020;A;8:00:00;11161
21/08/2020;B;8:00:00;1763
22/08/2020;A;8:00:00;9620
22/08/2020;B;8:00:00;1531
23/08/2020;A;8:00:00;3110
23/08/2020;B;8:00:00;487
24/08/2020;A;8:00:00;11560
24/08/2020;B;8:00:00;1823
25/08/2020;A;8:00:00;11640
25/08/2020;B;8:00:00;1829
26/08/2020;A;8:00:00;11627
26/08/2020;B;8:00:00;1832
27/08/2020;A;8:00:00;11698
27/08/2020;B;8:00:00;1840
28/08/2020;A;8:00:00;12081
28/08/2020;B;8:00:00;1828
29/08/2020;A;8:00:00;9579
29/08/2020;B;8:00:00;1507
30/08/2020;A;8:00:00;3445
30/08/2020;B;8:00:00;512
31/08/2020;A;8:00:00;12724
31/08/2020;B;8:00:00;2038
1/09/2020;A;8:00:00;14252
1/09/2020;B;8:00:00;2208
2/09/2020;A;8:00:00;13872
2/09/2020;B;8:00:00;2208
3/09/2020;A;8:00:00;13883
3/09/2020;B;8:00:00;2211
4/09/2020;A;8:00:00;14790
4/09/2020;B;8:00:00;2281
5/09/2020;A;8:00:00;12053
5/09/2020;B;8:00:00;1949
6/09/2020;A;8:00:00;4678
6/09/2020;B;8:00:00;714
7/09/2020;A;8:00:00;14905
7/09/2020;B;8:00:00;2350
8/09/2020;A;8:00:00;15119
8/09/2020;B;8:00:00;2425
9/09/2020;A;8:00:00;14896
9/09/2020;B;8:00:00;2412
10/09/2020;A;8:00:00;14786
10/09/2020;B;8:00:00;2405
11/09/2020;A;8:00:00;14977
11/09/2020;B;8:00:00;2356
12/09/2020;A;8:00:00;12723
12/09/2020;B;8:00:00;1982
13/09/2020;A;8:00:00;5010
13/09/2020;B;8:00:00;817
14/09/2020;A;8:00:00;15720
14/09/2020;B;8:00:00;2423
15/09/2020;A;8:00:00;15088
15/09/2020;B;8:00:00;2463
16/09/2020;A;8:00:00;15889
16/09/2020;B;8:00:00;2508
17/09/2020;A;8:00:00;15513
17/09/2020;B;8:00:00;2585
18/09/2020;A;8:00:00;15862
18/09/2020;B;8:00:00;2459
19/09/2020;A;8:00:00;13466
19/09/2020;B;8:00:00;2178
20/09/2020;A;8:00:00;5097
20/09/2020;B;8:00:00;838
21/09/2020;A;8:00:00;16435
21/09/2020;B;8:00:00;2672
22/09/2020;A;8:00:00;16467
22/09/2020;B;8:00:00;2653
23/09/2020;A;8:00:00;16287
23/09/2020;B;8:00:00;2589
24/09/2020;A;8:00:00;16134
24/09/2020;B;8:00:00;2579
25/09/2020;A;8:00:00;16077
25/09/2020;B;8:00:00;2622
26/09/2020;A;8:00:00;13975
26/09/2020;B;8:00:00;2253
27/09/2020;A;8:00:00;5537
27/09/2020;B;8:00:00;886
28/09/2020;A;8:00:00;16604
28/09/2020;B;8:00:00;2638
29/09/2020;A;8:00:00;17036
29/09/2020;B;8:00:00;2632
30/09/2020;A;8:00:00;16874
30/09/2020;B;8:00:00;2616
1/10/2020;A;8:00:00;17072
1/10/2020;B;8:00:00;2790
2/10/2020;A;8:00:00;17286
2/10/2020;B;8:00:00;2806
3/10/2020;A;8:00:00;14837
3/10/2020;B;8:00:00;2446
4/10/2020;A;8:00:00;6098
4/10/2020;B;8:00:00;926
5/10/2020;A;8:00:00;17641
5/10/2020;B;8:00:00;2822
6/10/2020;A;8:00:00;17343
6/10/2020;B;8:00:00;2851
7/10/2020;A;8:00:00;17306
7/10/2020;B;8:00:00;2785
8/10/2020;A;8:00:00;17582
8/10/2020;B;8:00:00;2863
9/10/2020;A;8:00:00;17691
9/10/2020;B;8:00:00;2799
10/10/2020;A;8:00:00;14787
10/10/2020;B;8:00:00;2407
11/10/2020;A;8:00:00;6548
11/10/2020;B;8:00:00;954
12/10/2020;A;8:00:00;5318
12/10/2020;B;8:00:00;865
13/10/2020;A;8:00:00;18708
13/10/2020;B;8:00:00;2817
14/10/2020;A;8:00:00;17692
14/10/2020;B;8:00:00;2840
15/10/2020;A;8:00:00;17663
15/10/2020;B;8:00:00;2845
16/10/2020;A;8:00:00;18313
16/10/2020;B;8:00:00;2941
17/10/2020;A;8:00:00;15276
17/10/2020;B;8:00:00;2508
18/10/2020;A;8:00:00;6591
18/10/2020;B;8:00:00;1072
19/10/2020;A;8:00:00;18426
19/10/2020;B;8:00:00;2913
20/10/2020;A;8:00:00;17946
20/10/2020;B;8:00:00;2949
21/10/2020;A;8:00:00;17825
21/10/2020;B;8:00:00;2875
22/10/2020;A;8:00:00;18032
22/10/2020;B;8:00:00;2858
23/10/2020;A;8:00:00;17904
23/10/2020;B;8:00:00;2823
24/10/2020;A;8:00:00;15448
24/10/2020;B;8:00:00;2638
25/10/2020;A;8:00:00;6295
25/10/2020;B;8:00:00;1013
26/10/2020;A;8:00:00;17910
26/10/2020;B;8:00:00;2894
27/10/2020;A;8:00:00;18152
27/10/2020;B;8:00:00;2828
28/10/2020;A;8:00:00;17972
28/10/2020;B;8:00:00;2888
29/10/2020;A;8:00:00;18176
29/10/2020;B;8:00:00;2828
30/10/2020;A;8:00:00;18303
30/10/2020;B;8:00:00;2923
31/10/2020;A;8:00:00;15131
31/10/2020;B;8:00:00;2849
1/11/2020;A;8:00:00;5812
1/11/2020;B;8:00:00;962
2/11/2020;A;8:00:00;5050
2/11/2020;B;8:00:00;859
3/11/2020;A;8:00:00;19566
3/11/2020;B;8:00:00;3531
4/11/2020;A;8:00:00;19384
4/11/2020;B;8:00:00;3308
5/11/2020;A;8:00:00;18397
5/11/2020;B;8:00:00;3254
6/11/2020;A;8:00:00;18566
6/11/2020;B;8:00:00;3371
7/11/2020;A;8:00:00;16419
7/11/2020;B;8:00:00;3028
8/11/2020;A;8:00:00;6754
8/11/2020;B;8:00:00;1151
9/11/2020;A;8:00:00;19359
9/11/2020;B;8:00:00;3047
10/11/2020;A;8:00:00;19738
10/11/2020;B;8:00:00;3034
11/11/2020;A;8:00:00;19767
11/11/2020;B;8:00:00;3022
13/11/2020;A;8:00:00;20198
13/11/2020;B;8:00:00;3069
14/11/2020;A;8:00:00;17445
14/11/2020;B;8:00:00;2643
15/11/2020;A;8:00:00;7481
15/11/2020;B;8:00:00;1211
16/11/2020;A;8:00:00;5933
16/11/2020;B;8:00:00;956
17/11/2020;A;8:00:00;21079
17/11/2020;B;8:00:00;3196
18/11/2020;A;8:00:00;20614
18/11/2020;B;8:00:00;3157
19/11/2020;A;8:00:00;20461
19/11/2020;B;8:00:00;3243
20/11/2020;A;8:00:00;20587
20/11/2020;B;8:00:00;3203
21/11/2020;A;8:00:00;19060
21/11/2020;B;8:00:00;2958
22/11/2020;A;8:00:00;8391
22/11/2020;B;8:00:00;1555
23/11/2020;A;8:00:00;20539
23/11/2020;B;8:00:00;3157
24/11/2020;A;8:00:00;20470
24/11/2020;B;8:00:00;3253
25/11/2020;A;8:00:00;21339
25/11/2020;B;8:00:00;3420
26/11/2020;A;8:00:00;20883
26/11/2020;B;8:00:00;3260
27/11/2020;A;8:00:00;21225
27/11/2020;B;8:00:00;3395
28/11/2020;A;8:00:00;19141
28/11/2020;B;8:00:00;3049
29/11/2020;A;8:00:00;8667
29/11/2020;B;8:00:00;1394
30/11/2020;A;8:00:00;21683
30/11/2020;B;8:00:00;3368
1/12/2020;A;8:00:00;21658
1/12/2020;B;8:00:00;3522
2/12/2020;A;8:00:00;22057
2/12/2020;B;8:00:00;3360
3/12/2020;A;8:00:00;21894
3/12/2020;B;8:00:00;3518
4/12/2020;A;8:00:00;22322
4/12/2020;B;8:00:00;3589
5/12/2020;A;8:00:00;19742
5/12/2020;B;8:00:00;3096
6/12/2020;A;8:00:00;10142
6/12/2020;B;8:00:00;1837
7/12/2020;A;8:00:00;21475
7/12/2020;B;8:00:00;3520
8/12/2020;A;8:00:00;9151
8/12/2020;B;8:00:00;1627
9/12/2020;A;8:00:00;23288
9/12/2020;B;8:00:00;3568
10/12/2020;A;8:00:00;22899
10/12/2020;B;8:00:00;3638
11/12/2020;A;8:00:00;22970
11/12/2020;B;8:00:00;3648
12/12/2020;A;8:00:00;20072
12/12/2020;B;8:00:00;3330
13/12/2020;A;8:00:00;10121
13/12/2020;B;8:00:00;1857
14/12/2020;A;8:00:00;23167
14/12/2020;B;8:00:00;3680
15/12/2020;A;8:00:00;22828
15/12/2020;B;8:00:00;3686
16/12/2020;A;8:00:00;23128
16/12/2020;B;8:00:00;3709
17/12/2020;A;8:00:00;23187
17/12/2020;B;8:00:00;3674
18/12/2020;A;8:00:00;22939
18/12/2020;B;8:00:00;3593
19/12/2020;A;8:00:00;21045
19/12/2020;B;8:00:00;3342
20/12/2020;A;8:00:00;11649
20/12/2020;B;8:00:00;2083
21/12/2020;A;8:00:00;23870
21/12/2020;B;8:00:00;3891
22/12/2020;A;8:00:00;21539
22/12/2020;B;8:00:00;3366
23/12/2020;A;8:00:00;22392
23/12/2020;B;8:00:00;3580
24/12/2020;A;8:00:00;17203
24/12/2020;B;8:00:00;2909
25/12/2020;A;8:00:00;3198
25/12/2020;B;8:00:00;534
26/12/2020;A;8:00:00;14181
26/12/2020;B;8:00:00;2364
27/12/2020;A;8:00:00;14578
27/12/2020;B;8:00:00;2576
28/12/2020;A;8:00:00;19629
28/12/2020;B;8:00:00;3146
29/12/2020;A;8:00:00;19789
29/12/2020;B;8:00:00;3163
30/12/2020;A;8:00:00;18797
30/12/2020;B;8:00:00;3092
31/12/2020;A;8:00:00;14395
31/12/2020;B;8:00:00;2377
1/01/2021;A;8:00:00;1148
1/01/2021;B;8:00:00;164
2/01/2021;A;8:00:00;3262
2/01/2021;B;8:00:00;515
3/01/2021;A;8:00:00;6377
3/01/2021;B;8:00:00;984
4/01/2021;A;8:00:00;17159
4/01/2021;B;8:00:00;2668
5/01/2021;A;8:00:00;17895
5/01/2021;B;8:00:00;2770
6/01/2021;A;8:00:00;17349
6/01/2021;B;8:00:00;2704
7/01/2021;A;8:00:00;17533
7/01/2021;B;8:00:00;2769
8/01/2021;A;8:00:00;18381
8/01/2021;B;8:00:00;2845
9/01/2021;A;8:00:00;4545
9/01/2021;B;8:00:00;666
10/01/2021;A;8:00:00;1886
10/01/2021;B;8:00:00;272
11/01/2021;A;8:00:00;2113
11/01/2021;B;8:00:00;308
12/01/2021;A;8:00:00;20417
12/01/2021;B;8:00:00;3151
13/01/2021;A;8:00:00;19641
13/01/2021;B;8:00:00;3021
14/01/2021;A;8:00:00;19016
14/01/2021;B;8:00:00;3056
15/01/2021;A;8:00:00;19256
15/01/2021;B;8:00:00;3100
16/01/2021;A;8:00:00;8620
16/01/2021;B;8:00:00;1177
17/01/2021;A;8:00:00;2386
17/01/2021;B;8:00:00;364
18/01/2021;A;8:00:00;21003
18/01/2021;B;8:00:00;3233
19/01/2021;A;8:00:00;20147
19/01/2021;B;8:00:00;3239
20/01/2021;A;8:00:00;20133
20/01/2021;B;8:00:00;3276
21/01/2021;A;8:00:00;19684
21/01/2021;B;8:00:00;3066
22/01/2021;A;8:00:00;20000
22/01/2021;B;8:00:00;3329
23/01/2021;A;8:00:00;16029
23/01/2021;B;8:00:00;2643
24/01/2021;A;8:00:00;6710
24/01/2021;B;8:00:00;1033
25/01/2021;A;8:00:00;20265
25/01/2021;B;8:00:00;3189
26/01/2021;A;8:00:00;19900
26/01/2021;B;8:00:00;3203
27/01/2021;A;8:00:00;19707
27/01/2021;B;8:00:00;3121
28/01/2021;A;8:00:00;19712
28/01/2021;B;8:00:00;3273
29/01/2021;A;8:00:00;19971
29/01/2021;B;8:00:00;3213
30/01/2021;A;8:00:00;17336
30/01/2021;B;8:00:00;2786
31/01/2021;A;8:00:00;7432
31/01/2021;B;8:00:00;1200
1/02/2021;A;8:00:00;20705
1/02/2021;B;8:00:00;3396
2/02/2021;A;8:00:00;20833
2/02/2021;B;8:00:00;3435
3/02/2021;A;8:00:00;20891
3/02/2021;B;8:00:00;3299
4/02/2021;A;8:00:00;19904
4/02/2021;B;8:00:00;3177
5/02/2021;A;8:00:00;20339
5/02/2021;B;8:00:00;3237
6/02/2021;A;8:00:00;17262
6/02/2021;B;8:00:00;2869
7/02/2021;A;8:00:00;7184
7/02/2021;B;8:00:00;1185
8/02/2021;A;8:00:00;21096
8/02/2021;B;8:00:00;3282
9/02/2021;A;8:00:00;21538
9/02/2021;B;8:00:00;3404
10/02/2021;A;8:00:00;20461
10/02/2021;B;8:00:00;3256
11/02/2021;A;8:00:00;20276
11/02/2021;B;8:00:00;3334
12/02/2021;A;8:00:00;20613
12/02/2021;B;8:00:00;3365
13/02/2021;A;8:00:00;17833
13/02/2021;B;8:00:00;2852
14/02/2021;A;8:00:00;7206
14/02/2021;B;8:00:00;1184
15/02/2021;A;8:00:00;20721
15/02/2021;B;8:00:00;3411
16/02/2021;A;8:00:00;20843
16/02/2021;B;8:00:00;3315
17/02/2021;A;8:00:00;20728
17/02/2021;B;8:00:00;3522
18/02/2021;A;8:00:00;20754
18/02/2021;B;8:00:00;3419
19/02/2021;A;8:00:00;21311
19/02/2021;B;8:00:00;3442
20/02/2021;A;8:00:00;17770
20/02/2021;B;8:00:00;2820
21/02/2021;A;8:00:00;7210
21/02/2021;B;8:00:00;1233
22/02/2021;A;8:00:00;21112
22/02/2021;B;8:00:00;3362
23/02/2021;A;8:00:00;21290
23/02/2021;B;8:00:00;3483
24/02/2021;A;8:00:00;20914
24/02/2021;B;8:00:00;3475
25/02/2021;A;8:00:00;20820
25/02/2021;B;8:00:00;3450
26/02/2021;A;8:00:00;21139
26/02/2021;B;8:00:00;3504
27/02/2021;A;8:00:00;18288
27/02/2021;B;8:00:00;2971
28/02/2021;A;8:00:00;7998
28/02/2021;B;8:00:00;1437
1/03/2021;A;8:00:00;21771
1/03/2021;B;8:00:00;3588
2/03/2021;A;8:00:00;21819
2/03/2021;B;8:00:00;3481
3/03/2021;A;8:00:00;21819
3/03/2021;B;8:00:00;3464
4/03/2021;A;8:00:00;21332
4/03/2021;B;8:00:00;3530
5/03/2021;A;8:00:00;21731
5/03/2021;B;8:00:00;3490
6/03/2021;A;8:00:00;19054
6/03/2021;B;8:00:00;3113
7/03/2021;A;8:00:00;7797
7/03/2021;B;8:00:00;1309
8/03/2021;A;8:00:00;22679
8/03/2021;B;8:00:00;3691
9/03/2021;A;8:00:00;21313
9/03/2021;B;8:00:00;3581
10/03/2021;A;8:00:00;21456
10/03/2021;B;8:00:00;3648
11/03/2021;A;8:00:00;21484
11/03/2021;B;8:00:00;3511
12/03/2021;A;8:00:00;21700
12/03/2021;B;8:00:00;3566
13/03/2021;A;8:00:00;18259
13/03/2021;B;8:00:00;3038
14/03/2021;A;8:00:00;7475
14/03/2021;B;8:00:00;1212
15/03/2021;A;8:00:00;21379
15/03/2021;B;8:00:00;3574
16/03/2021;A;8:00:00;21911
16/03/2021;B;8:00:00;3713
17/03/2021;A;8:00:00;22117
17/03/2021;B;8:00:00;3537
18/03/2021;A;8:00:00;21983
18/03/2021;B;8:00:00;3461
19/03/2021;A;8:00:00;22542
19/03/2021;B;8:00:00;3694
20/03/2021;A;8:00:00;19000
20/03/2021;B;8:00:00;3059
21/03/2021;A;8:00:00;8070
21/03/2021;B;8:00:00;1247
22/03/2021;A;8:00:00;5956
22/03/2021;B;8:00:00;998
23/03/2021;A;8:00:00;18840
23/03/2021;B;8:00:00;3768
24/03/2021;A;8:00:00;17922
24/03/2021;B;8:00:00;3551
25/03/2021;A;8:00:00;17994
25/03/2021;B;8:00:00;3495
26/03/2021;A;8:00:00;18994
26/03/2021;B;8:00:00;3446
27/03/2021;A;8:00:00;15861
27/03/2021;B;8:00:00;2867
28/03/2021;A;8:00:00;6707
28/03/2021;B;8:00:00;1120
29/03/2021;A;8:00:00;17554
29/03/2021;B;8:00:00;3150
30/03/2021;A;8:00:00;17823
30/03/2021;B;8:00:00;3196
31/03/2021;A;8:00:00;16509
31/03/2021;B;8:00:00;3054
1/04/2021;A;8:00:00;6693
1/04/2021;B;8:00:00;1168
2/04/2021;A;8:00:00;4465
2/04/2021;B;8:00:00;836
3/04/2021;A;8:00:00;10927
3/04/2021;B;8:00:00;2037
4/04/2021;A;8:00:00;6383
4/04/2021;B;8:00:00;1066
5/04/2021;A;8:00:00;18814
5/04/2021;B;8:00:00;3285
6/04/2021;A;8:00:00;18374
6/04/2021;B;8:00:00;3184
7/04/2021;A;8:00:00;17820
7/04/2021;B;8:00:00;2967
8/04/2021;A;8:00:00;17882
8/04/2021;B;8:00:00;3140
9/04/2021;A;8:00:00;6957
9/04/2021;B;8:00:00;1066
10/04/2021;A;8:00:00;5841
10/04/2021;B;8:00:00;827
11/04/2021;A;8:00:00;2132
11/04/2021;B;8:00:00;327
12/04/2021;A;8:00:00;18700
12/04/2021;B;8:00:00;2990
13/04/2021;A;8:00:00;18034
13/04/2021;B;8:00:00;3087
14/04/2021;A;8:00:00;19002
14/04/2021;B;8:00:00;3194
15/04/2021;A;8:00:00;19784
15/04/2021;B;8:00:00;3503
16/04/2021;A;8:00:00;10167
16/04/2021;B;8:00:00;1558
17/04/2021;A;8:00:00;6748
17/04/2021;B;8:00:00;972
18/04/2021;A;8:00:00;2542
18/04/2021;B;8:00:00;380
19/04/2021;A;8:00:00;21204
19/04/2021;B;8:00:00;3357
20/04/2021;A;8:00:00;20270
20/04/2021;B;8:00:00;3424
21/04/2021;A;8:00:00;20433
21/04/2021;B;8:00:00;3404
22/04/2021;A;8:00:00;20045
22/04/2021;B;8:00:00;3481
23/04/2021;A;8:00:00;10562
23/04/2021;B;8:00:00;1694
24/04/2021;A;8:00:00;7197
24/04/2021;B;8:00:00;1059
25/04/2021;A;8:00:00;2675
25/04/2021;B;8:00:00;388
26/04/2021;A;8:00:00;20640
26/04/2021;B;8:00:00;3486
27/04/2021;A;8:00:00;20680
27/04/2021;B;8:00:00;3434
28/04/2021;A;8:00:00;19695
28/04/2021;B;8:00:00;3253
29/04/2021;A;8:00:00;20058
29/04/2021;B;8:00:00;3294
30/04/2021;A;8:00:00;10676
30/04/2021;B;8:00:00;1562
1/05/2021;A;8:00:00;3774
1/05/2021;B;8:00:00;525
2/05/2021;A;8:00:00;1323
2/05/2021;B;8:00:00;181
3/05/2021;A;8:00:00;21514
3/05/2021;B;8:00:00;3411
4/05/2021;A;8:00:00;19475
4/05/2021;B;8:00:00;3259
5/05/2021;A;8:00:00;18267
5/05/2021;B;8:00:00;2980
6/05/2021;A;8:00:00;18102
6/05/2021;B;8:00:00;3149
7/05/2021;A;8:00:00;17547
7/05/2021;B;8:00:00;2980
8/05/2021;A;8:00:00;8172
8/05/2021;B;8:00:00;1181
9/05/2021;A;8:00:00;2963
9/05/2021;B;8:00:00;407
10/05/2021;A;8:00:00;19555
10/05/2021;B;8:00:00;3281
11/05/2021;A;8:00:00;21976
11/05/2021;B;8:00:00;3322
12/05/2021;A;8:00:00;17556
12/05/2021;B;8:00:00;2967
13/05/2021;A;8:00:00;18431
13/05/2021;B;8:00:00;3025
14/05/2021;A;8:00:00;18559
14/05/2021;B;8:00:00;3155
15/05/2021;A;8:00:00;15602
15/05/2021;B;8:00:00;2695
16/05/2021;A;8:00:00;6914
16/05/2021;B;8:00:00;1052
17/05/2021;A;8:00:00;5694
17/05/2021;B;8:00:00;976
18/05/2021;A;8:00:00;20043
18/05/2021;B;8:00:00;3410
19/05/2021;A;8:00:00;18041
19/05/2021;B;8:00:00;3044
20/05/2021;A;8:00:00;19489
20/05/2021;B;8:00:00;3265
21/05/2021;A;8:00:00;19314
21/05/2021;B;8:00:00;3237
22/05/2021;A;8:00:00;16695
22/05/2021;B;8:00:00;2837
23/05/2021;A;8:00:00;6536
23/05/2021;B;8:00:00;1094
24/05/2021;A;8:00:00;19838
24/05/2021;B;8:00:00;3149
25/05/2021;A;8:00:00;19914
25/05/2021;B;8:00:00;3264
26/05/2021;A;8:00:00;18915
26/05/2021;B;8:00:00;3169
27/05/2021;A;8:00:00;19489
27/05/2021;B;8:00:00;3183
28/05/2021;A;8:00:00;19058
28/05/2021;B;8:00:00;3151
29/05/2021;A;8:00:00;16471
29/05/2021;B;8:00:00;2863
30/05/2021;A;8:00:00;6907
30/05/2021;B;8:00:00;1197
31/05/2021;A;8:00:00;19945
31/05/2021;B;8:00:00;3032
1/06/2021;A;8:00:00;21012
1/06/2021;B;8:00:00;3382
2/06/2021;A;8:00:00;20210
2/06/2021;B;8:00:00;3354
3/06/2021;A;8:00:00;20083
3/06/2021;B;8:00:00;3404
4/06/2021;A;8:00:00;20175
4/06/2021;B;8:00:00;3389
5/06/2021;A;8:00:00;17269
5/06/2021;B;8:00:00;2943
6/06/2021;A;8:00:00;7610
6/06/2021;B;8:00:00;1301
7/06/2021;A;8:00:00;6316
7/06/2021;B;8:00:00;1100
8/06/2021;A;8:00:00;21891
8/06/2021;B;8:00:00;3350
9/06/2021;A;8:00:00;21294
9/06/2021;B;8:00:00;3435
10/06/2021;A;8:00:00;20929
10/06/2021;B;8:00:00;3307
11/06/2021;A;8:00:00;20973
11/06/2021;B;8:00:00;3326
12/06/2021;A;8:00:00;18197
12/06/2021;B;8:00:00;3050
13/06/2021;A;8:00:00;8203
13/06/2021;B;8:00:00;1255
14/06/2021;A;8:00:00;6460
14/06/2021;B;8:00:00;1065
15/06/2021;A;8:00:00;22209
15/06/2021;B;8:00:00;3491
16/06/2021;A;8:00:00;21924
16/06/2021;B;8:00:00;3597
17/06/2021;A;8:00:00;13749
17/06/2021;B;8:00:00;3301
18/06/2021;A;8:00:00;21129
18/06/2021;B;8:00:00;3417
19/06/2021;A;8:00:00;18309
19/06/2021;B;8:00:00;3467
20/06/2021;A;8:00:00;7956
20/06/2021;B;8:00:00;1333
21/06/2021;A;8:00:00;20238
21/06/2021;B;8:00:00;3721
22/06/2021;A;8:00:00;20671
22/06/2021;B;8:00:00;4035
23/06/2021;A;8:00:00;20764
23/06/2021;B;8:00:00;3759
24/06/2021;A;8:00:00;20810
24/06/2021;B;8:00:00;3800
25/06/2021;A;8:00:00;20685
25/06/2021;B;8:00:00;3542
26/06/2021;A;8:00:00;17682
26/06/2021;B;8:00:00;3161
27/06/2021;A;8:00:00;7721
27/06/2021;B;8:00:00;1307
28/06/2021;A;8:00:00;22350
28/06/2021;B;8:00:00;3360
29/06/2021;A;8:00:00;21214
29/06/2021;B;8:00:00;3565
30/06/2021;A;8:00:00;20527
30/06/2021;B;8:00:00;3416
1/07/2021;A;8:00:00;21770
1/07/2021;B;8:00:00;3508
2/07/2021;A;8:00:00;21359
2/07/2021;B;8:00:00;3634
3/07/2021;A;8:00:00;19116
3/07/2021;B;8:00:00;3181
4/07/2021;A;8:00:00;9897
4/07/2021;B;8:00:00;1636
5/07/2021;A;8:00:00;7322
5/07/2021;B;8:00:00;1213
6/07/2021;A;8:00:00;21938
6/07/2021;B;8:00:00;3748
7/07/2021;A;8:00:00;21946
7/07/2021;B;8:00:00;3474
8/07/2021;A;8:00:00;21364
8/07/2021;B;8:00:00;3558
9/07/2021;A;8:00:00;21271
9/07/2021;B;8:00:00;3513
10/07/2021;A;8:00:00;18812
10/07/2021;B;8:00:00;3201
11/07/2021;A;8:00:00;7872
11/07/2021;B;8:00:00;1347
12/07/2021;A;8:00:00;21365
12/07/2021;B;8:00:00;3606
13/07/2021;A;8:00:00;21505
13/07/2021;B;8:00:00;3565
14/07/2021;A;8:00:00;21360
14/07/2021;B;8:00:00;3496
15/07/2021;A;8:00:00;21875
15/07/2021;B;8:00:00;3570
16/07/2021;A;8:00:00;21785
16/07/2021;B;8:00:00;3579
17/07/2021;A;8:00:00;19450
17/07/2021;B;8:00:00;3228
18/07/2021;A;8:00:00;9241
18/07/2021;B;8:00:00;1439
19/07/2021;A;8:00:00;20623
19/07/2021;B;8:00:00;3450
20/07/2021;A;8:00:00;7064
20/07/2021;B;8:00:00;1236
21/07/2021;A;8:00:00;23534
21/07/2021;B;8:00:00;3715
22/07/2021;A;8:00:00;22099
22/07/2021;B;8:00:00;3824
23/07/2021;A;8:00:00;22063
23/07/2021;B;8:00:00;3580
24/07/2021;A;8:00:00;19234
24/07/2021;B;8:00:00;3211
25/07/2021;A;8:00:00;7279
25/07/2021;B;8:00:00;1215
26/07/2021;A;8:00:00;22474
26/07/2021;B;8:00:00;3723
27/07/2021;A;8:00:00;21148
27/07/2021;B;8:00:00;3791
28/07/2021;A;8:00:00;22398
28/07/2021;B;8:00:00;3716
29/07/2021;A;8:00:00;22378
29/07/2021;B;8:00:00;3802
30/07/2021;A;8:00:00;23035
30/07/2021;B;8:00:00;3700
31/07/2021;A;8:00:00;20097
31/07/2021;B;8:00:00;3338
1/08/2021;A;8:00:00;8574
1/08/2021;B;8:00:00;1569
2/08/2021;A;8:00:00;23319
2/08/2021;B;8:00:00;3817
3/08/2021;A;8:00:00;22911
3/08/2021;B;8:00:00;3845
4/08/2021;A;8:00:00;22971
4/08/2021;B;8:00:00;3910
5/08/2021;A;8:00:00;22986
5/08/2021;B;8:00:00;3818
6/08/2021;A;8:00:00;23561
6/08/2021;B;8:00:00;3856
7/08/2021;A;8:00:00;13242
7/08/2021;B;8:00:00;2201
8/08/2021;A;8:00:00;7667
8/08/2021;B;8:00:00;1228
9/08/2021;A;8:00:00;23358
9/08/2021;B;8:00:00;3836
10/08/2021;A;8:00:00;25263
10/08/2021;B;8:00:00;3835
11/08/2021;A;8:00:00;23458
11/08/2021;B;8:00:00;3840
12/08/2021;A;8:00:00;23211
12/08/2021;B;8:00:00;3389
13/08/2021;A;8:00:00;24432
13/08/2021;B;8:00:00;3831
14/08/2021;A;8:00:00;20325
14/08/2021;B;8:00:00;3426
15/08/2021;A;8:00:00;9967
15/08/2021;B;8:00:00;1879
16/08/2021;A;8:00:00;7779
16/08/2021;B;8:00:00;1337
17/08/2021;A;8:00:00;26963
17/08/2021;B;8:00:00;4196
18/08/2021;A;8:00:00;24831
18/08/2021;B;8:00:00;3992
19/08/2021;A;8:00:00;23615
19/08/2021;B;8:00:00;3876
20/08/2021;A;8:00:00;24359
20/08/2021;B;8:00:00;3876
21/08/2021;A;8:00:00;20611
21/08/2021;B;8:00:00;3630
22/08/2021;A;8:00:00;9307
22/08/2021;B;8:00:00;1649
23/08/2021;A;8:00:00;25313
23/08/2021;B;8:00:00;4026
24/08/2021;A;8:00:00;24037
24/08/2021;B;8:00:00;3926
25/08/2021;A;8:00:00;23879
25/08/2021;B;8:00:00;3965
26/08/2021;A;8:00:00;24566
26/08/2021;B;8:00:00;3971
27/08/2021;A;8:00:00;24047
27/08/2021;B;8:00:00;3817
28/08/2021;A;8:00:00;20153
28/08/2021;B;8:00:00;3520
29/08/2021;A;8:00:00;9011
29/08/2021;B;8:00:00;1699
30/08/2021;A;8:00:00;25914
30/08/2021;B;8:00:00;4086
31/08/2021;A;8:00:00;24437
31/08/2021;B;8:00:00;3996
1/09/2021;A;8:00:00;24910
1/09/2021;B;8:00:00;4079
2/09/2021;A;8:00:00;24525
2/09/2021;B;8:00:00;4012
3/09/2021;A;8:00:00;24633
3/09/2021;B;8:00:00;4082
4/09/2021;A;8:00:00;21244
4/09/2021;B;8:00:00;3622
5/09/2021;A;8:00:00;9353
5/09/2021;B;8:00:00;1645
6/09/2021;A;8:00:00;25037
6/09/2021;B;8:00:00;4071
7/09/2021;A;8:00:00;25167
7/09/2021;B;8:00:00;4152
8/09/2021;A;8:00:00;24604
8/09/2021;B;8:00:00;4111
9/09/2021;A;8:00:00;25021
9/09/2021;B;8:00:00;4163
10/09/2021;A;8:00:00;24758
10/09/2021;B;8:00:00;4022
11/09/2021;A;8:00:00;21018
11/09/2021;B;8:00:00;3683
12/09/2021;A;8:00:00;8524
12/09/2021;B;8:00:00;1572
13/09/2021;A;8:00:00;24871
13/09/2021;B;8:00:00;4039
14/09/2021;A;8:00:00;24915
14/09/2021;B;8:00:00;4203
15/09/2021;A;8:00:00;25926
15/09/2021;B;8:00:00;4331
16/09/2021;A;8:00:00;25147
16/09/2021;B;8:00:00;4254
17/09/2021;A;8:00:00;25637
17/09/2021;B;8:00:00;4348
18/09/2021;A;8:00:00;21574
18/09/2021;B;8:00:00;3678
19/09/2021;A;8:00:00;9240
19/09/2021;B;8:00:00;1760
20/09/2021;A;8:00:00;24954
20/09/2021;B;8:00:00;3945
21/09/2021;A;8:00:00;25579
21/09/2021;B;8:00:00;4289
22/09/2021;A;8:00:00;25018
22/09/2021;B;8:00:00;4005
23/09/2021;A;8:00:00;24771
23/09/2021;B;8:00:00;4246
24/09/2021;A;8:00:00;25627
24/09/2021;B;8:00:00;3987
25/09/2021;A;8:00:00;21607
25/09/2021;B;8:00:00;3669
26/09/2021;A;8:00:00;9573
26/09/2021;B;8:00:00;1690
27/09/2021;A;8:00:00;25156
27/09/2021;B;8:00:00;4103
28/09/2021;A;8:00:00;25160
28/09/2021;B;8:00:00;4266
29/09/2021;A;8:00:00;25494
29/09/2021;B;8:00:00;4259
30/09/2021;A;8:00:00;24669
30/09/2021;B;8:00:00;4357
1/10/2021;A;8:00:00;25701
1/10/2021;B;8:00:00;4347
2/10/2021;A;8:00:00;21085
2/10/2021;B;8:00:00;3606
3/10/2021;A;8:00:00;9475
3/10/2021;B;8:00:00;1717
4/10/2021;A;8:00:00;25697
4/10/2021;B;8:00:00;4227
5/10/2021;A;8:00:00;25990
5/10/2021;B;8:00:00;4327
6/10/2021;A;8:00:00;25861
6/10/2021;B;8:00:00;4375
7/10/2021;A;8:00:00;26232
7/10/2021;B;8:00:00;4284
8/10/2021;A;8:00:00;25767
8/10/2021;B;8:00:00;4235
9/10/2021;A;8:00:00;21960
9/10/2021;B;8:00:00;3800
10/10/2021;A;8:00:00;9510
10/10/2021;B;8:00:00;1727
11/10/2021;A;8:00:00;26188
11/10/2021;B;8:00:00;4212
12/10/2021;A;8:00:00;26153
12/10/2021;B;8:00:00;4341
13/10/2021;A;8:00:00;25621
13/10/2021;B;8:00:00;4270
14/10/2021;A;8:00:00;25578
14/10/2021;B;8:00:00;4475
15/10/2021;A;8:00:00;25770
15/10/2021;B;8:00:00;4145
16/10/2021;A;8:00:00;21607
16/10/2021;B;8:00:00;3713
17/10/2021;A;8:00:00;10563
17/10/2021;B;8:00:00;2007
18/10/2021;A;8:00:00;8274
18/10/2021;B;8:00:00;1415
19/10/2021;A;8:00:00;27332
19/10/2021;B;8:00:00;4457
20/10/2021;A;8:00:00;26621
20/10/2021;B;8:00:00;4264
21/10/2021;A;8:00:00;25901
21/10/2021;B;8:00:00;4319
22/10/2021;A;8:00:00;26539
22/10/2021;B;8:00:00;4356
23/10/2021;A;8:00:00;22265
23/10/2021;B;8:00:00;3852
24/10/2021;A;8:00:00;9587
24/10/2021;B;8:00:00;1773
25/10/2021;A;8:00:00;26374
25/10/2021;B;8:00:00;4336
26/10/2021;A;8:00:00;26580
26/10/2021;B;8:00:00;4510
27/10/2021;A;8:00:00;26688
27/10/2021;B;8:00:00;4410
28/10/2021;A;8:00:00;28023
28/10/2021;B;8:00:00;4569
29/10/2021;A;8:00:00;30348
29/10/2021;B;8:00:00;5048
30/10/2021;A;8:00:00;22957
30/10/2021;B;8:00:00;3978
31/10/2021;A;8:00:00;9932
31/10/2021;B;8:00:00;1775
1/11/2021;A;8:00:00;8190
1/11/2021;B;8:00:00;1477
2/11/2021;A;8:00:00;27838
2/11/2021;B;8:00:00;4706
3/11/2021;A;8:00:00;27475
3/11/2021;B;8:00:00;4628
4/11/2021;A;8:00:00;26640
4/11/2021;B;8:00:00;4552
5/11/2021;A;8:00:00;27338
5/11/2021;B;8:00:00;4513
6/11/2021;A;8:00:00;23861
6/11/2021;B;8:00:00;4002
7/11/2021;A;8:00:00;9814
7/11/2021;B;8:00:00;1915
8/11/2021;A;8:00:00;26892
8/11/2021;B;8:00:00;4633
9/11/2021;A;8:00:00;27793
9/11/2021;B;8:00:00;4641
10/11/2021;A;8:00:00;28091
10/11/2021;B;8:00:00;4762
11/11/2021;A;8:00:00;27590
11/11/2021;B;8:00:00;4713
12/11/2021;A;8:00:00;27835
12/11/2021;B;8:00:00;4623
13/11/2021;A;8:00:00;23500
13/11/2021;B;8:00:00;4181
14/11/2021;A;8:00:00;11629
14/11/2021;B;8:00:00;2292
15/11/2021;A;8:00:00;9592
15/11/2021;B;8:00:00;1836
16/11/2021;A;8:00:00;28860
16/11/2021;B;8:00:00;4746
17/11/2021;A;8:00:00;28021
17/11/2021;B;8:00:00;4878
18/11/2021;A;8:00:00;28207
18/11/2021;B;8:00:00;4847
19/11/2021;A;8:00:00;28852
19/11/2021;B;8:00:00;5100
20/11/2021;A;8:00:00;24272
20/11/2021;B;8:00:00;4214
21/11/2021;A;8:00:00;10861
21/11/2021;B;8:00:00;2072
22/11/2021;A;8:00:00;27547
22/11/2021;B;8:00:00;4707
23/11/2021;A;8:00:00;28832
23/11/2021;B;8:00:00;4816
24/11/2021;A;8:00:00;28858
24/11/2021;B;8:00:00;4953
25/11/2021;A;8:00:00;28813
25/11/2021;B;8:00:00;4770
26/11/2021;A;8:00:00;28761
26/11/2021;B;8:00:00;4902
27/11/2021;A;8:00:00;24943
27/11/2021;B;8:00:00;4214
28/11/2021;A;8:00:00;11568
28/11/2021;B;8:00:00;2223
29/11/2021;A;8:00:00;28331
29/11/2021;B;8:00:00;4864
30/11/2021;A;8:00:00;29596
30/11/2021;B;8:00:00;5112
1/12/2021;A;8:00:00;29836
1/12/2021;B;8:00:00;5028
2/12/2021;A;8:00:00;29645
2/12/2021;B;8:00:00;5031
3/12/2021;A;8:00:00;31278
3/12/2021;B;8:00:00;5298
4/12/2021;A;8:00:00;25776
4/12/2021;B;8:00:00;4477
5/12/2021;A;8:00:00;13477
5/12/2021;B;8:00:00;2408
6/12/2021;A;8:00:00;30054
6/12/2021;B;8:00:00;5018
7/12/2021;A;8:00:00;29515
7/12/2021;B;8:00:00;5169
8/12/2021;A;8:00:00;12601
8/12/2021;B;8:00:00;2348
9/12/2021;A;8:00:00;29743
9/12/2021;B;8:00:00;5100
10/12/2021;A;8:00:00;30216
10/12/2021;B;8:00:00;5012
11/12/2021;A;8:00:00;24769
11/12/2021;B;8:00:00;4597
12/12/2021;A;8:00:00;13213
12/12/2021;B;8:00:00;2653
13/12/2021;A;8:00:00;30168
13/12/2021;B;8:00:00;4979
14/12/2021;A;8:00:00;29766
14/12/2021;B;8:00:00;5017
15/12/2021;A;8:00:00;28759
15/12/2021;B;8:00:00;4935
16/12/2021;A;8:00:00;30121
16/12/2021;B;8:00:00;4894
17/12/2021;A;8:00:00;29212
17/12/2021;B;8:00:00;4954
18/12/2021;A;8:00:00;25428
18/12/2021;B;8:00:00;4508
19/12/2021;A;8:00:00;15052
19/12/2021;B;8:00:00;2962
20/12/2021;A;8:00:00;29293
20/12/2021;B;8:00:00;4908
21/12/2021;A;8:00:00;29836
21/12/2021;B;8:00:00;5013
22/12/2021;A;8:00:00;29310
22/12/2021;B;8:00:00;4914
23/12/2021;A;8:00:00;29032
23/12/2021;B;8:00:00;4849
24/12/2021;A;8:00:00;23281
24/12/2021;B;8:00:00;1443
25/12/2021;A;8:00:00;4700
25/12/2021;B;8:00:00;703
26/12/2021;A;8:00:00;8027
26/12/2021;B;8:00:00;1448
27/12/2021;A;8:00:00;23692
27/12/2021;B;8:00:00;4028
28/12/2021;A;8:00:00;26287
28/12/2021;B;8:00:00;4078
29/12/2021;A;8:00:00;24255
29/12/2021;B;8:00:00;4025
30/12/2021;A;8:00:00;23175
30/12/2021;B;8:00:00;3850
31/12/2021;A;8:00:00;16762
31/12/2021;B;8:00:00;2760
1/01/2022;A;8:00:00;3385
1/01/2022;B;8:00:00;565
2/01/2022;A;8:00:00;6224
2/01/2022;B;8:00:00;1088
3/01/2022;A;8:00:00;19349
3/01/2022;B;8:00:00;3326
4/01/2022;A;8:00:00;21036
4/01/2022;B;8:00:00;3690
5/01/2022;A;8:00:00;20756
5/01/2022;B;8:00:00;3537
6/01/2022;A;8:00:00;20904
6/01/2022;B;8:00:00;3390
7/01/2022;A;8:00:00;20388
7/01/2022;B;8:00:00;3402
8/01/2022;A;8:00:00;17340
8/01/2022;B;8:00:00;2854
9/01/2022;A;8:00:00;8857
9/01/2022;B;8:00:00;1760
10/01/2022;A;8:00:00;7678
10/01/2022;B;8:00:00;1282
11/01/2022;A;8:00:00;24159
11/01/2022;B;8:00:00;3960
12/01/2022;A;8:00:00;23208
12/01/2022;B;8:00:00;3957
13/01/2022;A;8:00:00;23339
13/01/2022;B;8:00:00;3994
14/01/2022;A;8:00:00;23790
14/01/2022;B;8:00:00;3991
15/01/2022;A;8:00:00;20063
15/01/2022;B;8:00:00;3329
16/01/2022;A;8:00:00;9136
16/01/2022;B;8:00:00;1689
17/01/2022;A;8:00:00;25394
17/01/2022;B;8:00:00;4352
18/01/2022;A;8:00:00;25695
18/01/2022;B;8:00:00;4289
19/01/2022;A;8:00:00;25666
19/01/2022;B;8:00:00;4342
20/01/2022;A;8:00:00;25523
20/01/2022;B;8:00:00;4236
21/01/2022;A;8:00:00;25608
21/01/2022;B;8:00:00;4047
22/01/2022;A;8:00:00;20889
22/01/2022;B;8:00:00;3637
23/01/2022;A;8:00:00;9291
23/01/2022;B;8:00:00;1682
24/01/2022;A;8:00:00;25882
24/01/2022;B;8:00:00;4410
25/01/2022;A;8:00:00;26341
25/01/2022;B;8:00:00;4579
26/01/2022;A;8:00:00;26371
26/01/2022;B;8:00:00;4519
27/01/2022;A;8:00:00;26235
27/01/2022;B;8:00:00;4596
28/01/2022;A;8:00:00;26486
28/01/2022;B;8:00:00;4614
29/01/2022;A;8:00:00;21504
29/01/2022;B;8:00:00;3730
30/01/2022;A;8:00:00;10095
30/01/2022;B;8:00:00;1910
31/01/2022;A;8:00:00;22377
31/01/2022;B;8:00:00;4710
1/02/2022;A;8:00:00;28761
1/02/2022;B;8:00:00;4867
2/02/2022;A;8:00:00;28058
2/02/2022;B;8:00:00;4809
3/02/2022;A;8:00:00;28179
3/02/2022;B;8:00:00;4762
4/02/2022;A;8:00:00;28486
4/02/2022;B;8:00:00;4965
5/02/2022;A;8:00:00;22624
5/02/2022;B;8:00:00;3806
6/02/2022;A;8:00:00;9947
6/02/2022;B;8:00:00;1804
7/02/2022;A;8:00:00;29482
7/02/2022;B;8:00:00;4974
8/02/2022;A;8:00:00;29939
8/02/2022;B;8:00:00;5103
9/02/2022;A;8:00:00;28684
9/02/2022;B;8:00:00;5041
10/02/2022;A;8:00:00;28419
10/02/2022;B;8:00:00;5017
11/02/2022;A;8:00:00;28729
11/02/2022;B;8:00:00;5061
12/02/2022;A;8:00:00;22733
12/02/2022;B;8:00:00;4018
13/02/2022;A;8:00:00;9596
13/02/2022;B;8:00:00;1810
14/02/2022;A;8:00:00;27428
14/02/2022;B;8:00:00;4946
15/02/2022;A;8:00:00;29211
15/02/2022;B;8:00:00;5225
16/02/2022;A;8:00:00;29601
16/02/2022;B;8:00:00;5204
17/02/2022;A;8:00:00;29739
17/02/2022;B;8:00:00;5177
18/02/2022;A;8:00:00;29614
18/02/2022;B;8:00:00;5152
19/02/2022;A;8:00:00;24277
19/02/2022;B;8:00:00;4134
20/02/2022;A;8:00:00;10581
20/02/2022;B;8:00:00;1843
21/02/2022;A;8:00:00;29436
21/02/2022;B;8:00:00;4961
22/02/2022;A;8:00:00;29972
22/02/2022;B;8:00:00;5321
23/02/2022;A;8:00:00;28766
23/02/2022;B;8:00:00;4958
24/02/2022;A;8:00:00;29774
24/02/2022;B;8:00:00;5068
25/02/2022;A;8:00:00;29220
25/02/2022;B;8:00:00;5085
26/02/2022;A;8:00:00;23496
26/02/2022;B;8:00:00;4030
27/02/2022;A;8:00:00;10037
27/02/2022;B;8:00:00;1834
28/02/2022;A;8:00:00;31215
28/02/2022;B;8:00:00;5425
1/03/2022;A;8:00:00;31278
1/03/2022;B;8:00:00;5414
2/03/2022;A;8:00:00;31274
2/03/2022;B;8:00:00;5431
3/03/2022;A;8:00:00;30053
3/03/2022;B;8:00:00;5387
4/03/2022;A;8:00:00;30416
4/03/2022;B;8:00:00;5330
5/03/2022;A;8:00:00;25104
5/03/2022;B;8:00:00;4175
6/03/2022;A;8:00:00;10034
6/03/2022;B;8:00:00;1838
7/03/2022;A;8:00:00;30195
7/03/2022;B;8:00:00;5388
8/03/2022;A;8:00:00;30606
8/03/2022;B;8:00:00;5422
9/03/2022;A;8:00:00;30302
9/03/2022;B;8:00:00;5134
10/03/2022;A;8:00:00;30262
10/03/2022;B;8:00:00;5347
11/03/2022;A;8:00:00;30536
11/03/2022;B;8:00:00;5212
12/03/2022;A;8:00:00;22778
12/03/2022;B;8:00:00;4210
13/03/2022;A;8:00:00;270
13/03/2022;B;8:00:00;39
14/03/2022;A;8:00:00;30561
14/03/2022;B;8:00:00;5174
15/03/2022;A;8:00:00;30779
15/03/2022;B;8:00:00;5306
16/03/2022;A;8:00:00;32122
16/03/2022;B;8:00:00;5222
17/03/2022;A;8:00:00;30877
17/03/2022;B;8:00:00;5490
18/03/2022;A;8:00:00;29656
18/03/2022;B;8:00:00;5176
19/03/2022;A;8:00:00;23336
19/03/2022;B;8:00:00;4070
20/03/2022;A;8:00:00;11724
20/03/2022;B;8:00:00;2302
21/03/2022;A;8:00:00;8327
21/03/2022;B;8:00:00;1573
22/03/2022;A;8:00:00;33046
22/03/2022;B;8:00:00;5607
23/03/2022;A;8:00:00;30847
23/03/2022;B;8:00:00;5355
24/03/2022;A;8:00:00;30706
24/03/2022;B;8:00:00;5109
25/03/2022;A;8:00:00;29762
25/03/2022;B;8:00:00;5168
26/03/2022;A;8:00:00;24070
26/03/2022;B;8:00:00;4058
27/03/2022;A;8:00:00;10116
27/03/2022;B;8:00:00;1795
28/03/2022;A;8:00:00;29723
28/03/2022;B;8:00:00;4953
29/03/2022;A;8:00:00;30347
29/03/2022;B;8:00:00;5240
30/03/2022;A;8:00:00;30656
30/03/2022;B;8:00:00;5374
31/03/2022;A;8:00:00;30335
31/03/2022;B;8:00:00;5133
1/04/2022;A;8:00:00;32828
1/04/2022;B;8:00:00;5244
2/04/2022;A;8:00:00;24477
2/04/2022;B;8:00:00;4286
3/04/2022;A;8:00:00;10679
3/04/2022;B;8:00:00;1859
4/04/2022;A;8:00:00;31538
4/04/2022;B;8:00:00;5089
5/04/2022;A;8:00:00;31841
5/04/2022;B;8:00:00;5399
6/04/2022;A;8:00:00;30818
6/04/2022;B;8:00:00;5500
7/04/2022;A;8:00:00;31324
7/04/2022;B;8:00:00;5951
8/04/2022;A;8:00:00;31428
8/04/2022;B;8:00:00;5171
9/04/2022;A;8:00:00;24431
9/04/2022;B;8:00:00;4199
10/04/2022;A;8:00:00;10512
10/04/2022;B;8:00:00;1834
11/04/2022;A;8:00:00;26702
11/04/2022;B;8:00:00;4301
12/04/2022;A;8:00:00;26006
12/04/2022;B;8:00:00;4524
13/04/2022;A;8:00:00;24759
13/04/2022;B;8:00:00;4202
14/04/2022;A;8:00:00;10465
14/04/2022;B;8:00:00;1922
15/04/2022;A;8:00:00;7880
15/04/2022;B;8:00:00;1790
16/04/2022;A;8:00:00;14776
16/04/2022;B;8:00:00;2725
17/04/2022;A;8:00:00;8696
17/04/2022;B;8:00:00;1413
18/04/2022;A;8:00:00;30059
18/04/2022;B;8:00:00;4951
19/04/2022;A;8:00:00;30673
19/04/2022;B;8:00:00;5242
20/04/2022;A;8:00:00;32424
20/04/2022;B;8:00:00;5312
21/04/2022;A;8:00:00;30769
21/04/2022;B;8:00:00;5517
22/04/2022;A;8:00:00;30274
22/04/2022;B;8:00:00;5098
23/04/2022;A;8:00:00;24559
23/04/2022;B;8:00:00;4271
24/04/2022;A;8:00:00;10901
24/04/2022;B;8:00:00;1924
25/04/2022;A;8:00:00;30990
25/04/2022;B;8:00:00;5146
26/04/2022;A;8:00:00;30656
26/04/2022;B;8:00:00;5368
27/04/2022;A;8:00:00;31814
27/04/2022;B;8:00:00;5259
28/04/2022;A;8:00:00;29340
28/04/2022;B;8:00:00;5010
29/04/2022;A;8:00:00;30676
29/04/2022;B;8:00:00;5206
30/04/2022;A;8:00:00;24984
30/04/2022;B;8:00:00;4327
1/05/2022;A;8:00:00;10885
1/05/2022;B;8:00:00;1871
2/05/2022;A;8:00:00;31166
2/05/2022;B;8:00:00;5156
3/05/2022;A;8:00:00;31422
3/05/2022;B;8:00:00;5380
4/05/2022;A;8:00:00;31831
4/05/2022;B;8:00:00;5261
5/05/2022;A;8:00:00;31743
5/05/2022;B;8:00:00;5237
6/05/2022;A;8:00:00;31028
6/05/2022;B;8:00:00;5205
7/05/2022;A;8:00:00;23436
7/05/2022;B;8:00:00;4212
8/05/2022;A;8:00:00;9442
8/05/2022;B;8:00:00;1688
9/05/2022;A;8:00:00;28643
9/05/2022;B;8:00:00;4703
10/05/2022;A;8:00:00;30704
10/05/2022;B;8:00:00;5141
11/05/2022;A;8:00:00;30831
11/05/2022;B;8:00:00;5128
12/05/2022;A;8:00:00;30228
12/05/2022;B;8:00:00;5336
13/05/2022;A;8:00:00;30178
13/05/2022;B;8:00:00;5317
14/05/2022;A;8:00:00;24658
14/05/2022;B;8:00:00;4236
15/05/2022;A;8:00:00;10670
15/05/2022;B;8:00:00;1844
16/05/2022;A;8:00:00;30265
16/05/2022;B;8:00:00;4929
17/05/2022;A;8:00:00;31447
17/05/2022;B;8:00:00;5318
18/05/2022;A;8:00:00;32015
18/05/2022;B;8:00:00;5306
19/05/2022;A;8:00:00;30913
19/05/2022;B;8:00:00;5189
20/05/2022;A;8:00:00;30846
20/05/2022;B;8:00:00;5118
21/05/2022;A;8:00:00;23942
21/05/2022;B;8:00:00;4222
22/05/2022;A;8:00:00;10600
22/05/2022;B;8:00:00;2055
23/05/2022;A;8:00:00;30024
23/05/2022;B;8:00:00;5254
24/05/2022;A;8:00:00;31405
24/05/2022;B;8:00:00;5106
25/05/2022;A;8:00:00;31036
25/05/2022;B;8:00:00;5272
26/05/2022;A;8:00:00;30112
26/05/2022;B;8:00:00;5218
27/05/2022;A;8:00:00;30128
27/05/2022;B;8:00:00;5130
28/05/2022;A;8:00:00;23351
28/05/2022;B;8:00:00;4123
29/05/2022;A;8:00:00;161
29/05/2022;B;8:00:00;80
30/05/2022;A;8:00:00;9268
30/05/2022;B;8:00:00;1624
31/05/2022;A;8:00:00;31654
31/05/2022;B;8:00:00;5254
1/06/2022;A;8:00:00;30646
1/06/2022;B;8:00:00;5044
2/06/2022;A;8:00:00;30544
2/06/2022;B;8:00:00;5195
3/06/2022;A;8:00:00;31207
3/06/2022;B;8:00:00;4940
4/06/2022;A;8:00:00;23979
4/06/2022;B;8:00:00;4244
5/06/2022;A;8:00:00;10423
5/06/2022;B;8:00:00;1958
6/06/2022;A;8:00:00;28768
6/06/2022;B;8:00:00;4613
7/06/2022;A;8:00:00;30424
7/06/2022;B;8:00:00;5135
8/06/2022;A;8:00:00;29500
8/06/2022;B;8:00:00;4957
9/06/2022;A;8:00:00;30070
9/06/2022;B;8:00:00;5262
10/06/2022;A;8:00:00;29373
10/06/2022;B;8:00:00;5042
11/06/2022;A;8:00:00;24754
11/06/2022;B;8:00:00;3852
12/06/2022;A;8:00:00;10137
12/06/2022;B;8:00:00;1793
13/06/2022;A;8:00:00;29153
13/06/2022;B;8:00:00;4790
14/06/2022;A;8:00:00;30586
14/06/2022;B;8:00:00;5084
15/06/2022;A;8:00:00;28810
15/06/2022;B;8:00:00;5250
16/06/2022;A;8:00:00;25047
16/06/2022;B;8:00:00;5221
17/06/2022;A;8:00:00;24401
17/06/2022;B;8:00:00;5152
18/06/2022;A;8:00:00;18038
18/06/2022;B;8:00:00;4003
19/06/2022;A;8:00:00;136
19/06/2022;B;8:00:00;13
20/06/2022;A;8:00:00;6709
20/06/2022;B;8:00:00;1413
21/06/2022;A;8:00:00;26225
21/06/2022;B;8:00:00;5022
22/06/2022;A;8:00:00;28738
22/06/2022;B;8:00:00;4934
23/06/2022;A;8:00:00;28724
23/06/2022;B;8:00:00;5058
24/06/2022;A;8:00:00;29546
24/06/2022;B;8:00:00;5066
25/06/2022;A;8:00:00;23613
25/06/2022;B;8:00:00;4244
26/06/2022;A;8:00:00;10397
26/06/2022;B;8:00:00;2038
27/06/2022;A;8:00:00;8263
27/06/2022;B;8:00:00;1612
28/06/2022;A;8:00:00;28979
28/06/2022;B;8:00:00;4914
29/06/2022;A;8:00:00;30927
29/06/2022;B;8:00:00;4728
30/06/2022;A;8:00:00;29575
30/06/2022;B;8:00:00;5142
1/07/2022;A;8:00:00;30160
1/07/2022;B;8:00:00;5031
2/07/2022;A;8:00:00;24239
2/07/2022;B;8:00:00;4200
3/07/2022;A;8:00:00;12213
3/07/2022;B;8:00:00;2328
4/07/2022;A;8:00:00;9413
4/07/2022;B;8:00:00;1788
5/07/2022;A;8:00:00;30466
5/07/2022;B;8:00:00;4980
6/07/2022;A;8:00:00;30576
6/07/2022;B;8:00:00;4789
7/07/2022;A;8:00:00;29663
7/07/2022;B;8:00:00;4898
8/07/2022;A;8:00:00;29697
8/07/2022;B;8:00:00;4943
9/07/2022;A;8:00:00;24784
9/07/2022;B;8:00:00;4155
10/07/2022;A;8:00:00;11319
10/07/2022;B;8:00:00;2060
11/07/2022;A;8:00:00;29157
11/07/2022;B;8:00:00;4875
12/07/2022;A;8:00:00;29920
12/07/2022;B;8:00:00;5080
13/07/2022;A;8:00:00;29501
13/07/2022;B;8:00:00;5035
14/07/2022;A;8:00:00;30135
14/07/2022;B;8:00:00;5090
15/07/2022;A;8:00:00;29580
15/07/2022;B;8:00:00;5024
16/07/2022;A;8:00:00;24154
16/07/2022;B;8:00:00;4243
17/07/2022;A;8:00:00;11044
17/07/2022;B;8:00:00;2081
18/07/2022;A;8:00:00;29414
18/07/2022;B;8:00:00;4983
19/07/2022;A;8:00:00;30967
19/07/2022;B;8:00:00;5175
20/07/2022;A;8:00:00;11678
20/07/2022;B;8:00:00;2178
21/07/2022;A;8:00:00;30241
21/07/2022;B;8:00:00;5283
22/07/2022;A;8:00:00;29329
22/07/2022;B;8:00:00;4965
23/07/2022;A;8:00:00;22167
23/07/2022;B;8:00:00;3848
24/07/2022;A;8:00:00;9177
24/07/2022;B;8:00:00;1707
25/07/2022;A;8:00:00;30176
25/07/2022;B;8:00:00;4895
26/07/2022;A;8:00:00;31740
26/07/2022;B;8:00:00;5228
27/07/2022;A;8:00:00;29692
27/07/2022;B;8:00:00;5176
28/07/2022;A;8:00:00;31341
28/07/2022;B;8:00:00;5374
29/07/2022;A;8:00:00;29925
29/07/2022;B;8:00:00;5012
30/07/2022;A;8:00:00;24140
30/07/2022;B;8:00:00;4225
31/07/2022;A;8:00:00;10459
31/07/2022;B;8:00:00;1930
1/08/2022;A;8:00:00;30240
1/08/2022;B;8:00:00;5128
2/08/2022;A;8:00:00;31141
2/08/2022;B;8:00:00;5619
3/08/2022;A;8:00:00;30148
3/08/2022;B;8:00:00;5172
4/08/2022;A;8:00:00;31195
4/08/2022;B;8:00:00;5402
5/08/2022;A;8:00:00;30181
5/08/2022;B;8:00:00;5215
6/08/2022;A;8:00:00;23678
6/08/2022;B;8:00:00;4077
7/08/2022;A;8:00:00;10313
7/08/2022;B;8:00:00;1797
8/08/2022;A;8:00:00;31076
8/08/2022;B;8:00:00;5154
9/08/2022;A;8:00:00;31883
9/08/2022;B;8:00:00;5416
10/08/2022;A;8:00:00;30990
10/08/2022;B;8:00:00;5226
11/08/2022;A;8:00:00;31079
11/08/2022;B;8:00:00;5413
12/08/2022;A;8:00:00;30621
12/08/2022;B;8:00:00;5356
13/08/2022;A;8:00:00;24984
13/08/2022;B;8:00:00;4581
14/08/2022;A;8:00:00;13331
14/08/2022;B;8:00:00;2610
15/08/2022;A;8:00:00;10561
15/08/2022;B;8:00:00;1971
16/08/2022;A;8:00:00;36861
16/08/2022;B;8:00:00;7956
17/08/2022;A;8:00:00;32631
17/08/2022;B;8:00:00;5653
18/08/2022;A;8:00:00;32198
18/08/2022;B;8:00:00;5650
19/08/2022;A;8:00:00;32090
19/08/2022;B;8:00:00;5521
20/08/2022;A;8:00:00;25649
20/08/2022;B;8:00:00;4492
21/08/2022;A;8:00:00;10440
21/08/2022;B;8:00:00;1886
22/08/2022;A;8:00:00;36017
22/08/2022;B;8:00:00;5314
23/08/2022;A;8:00:00;32386
23/08/2022;B;8:00:00;5515
24/08/2022;A;8:00:00;31673
24/08/2022;B;8:00:00;5435
25/08/2022;A;8:00:00;32229
25/08/2022;B;8:00:00;5426
26/08/2022;A;8:00:00;31804
26/08/2022;B;8:00:00;5483
27/08/2022;A;8:00:00;25256
27/08/2022;B;8:00:00;4326
28/08/2022;A;8:00:00;10142
28/08/2022;B;8:00:00;1933
29/08/2022;A;8:00:00;33381
29/08/2022;B;8:00:00;5392
30/08/2022;A;8:00:00;31978
30/08/2022;B;8:00:00;5479
31/08/2022;A;8:00:00;32770
31/08/2022;B;8:00:00;5290
1/09/2022;A;8:00:00;32015
1/09/2022;B;8:00:00;5455
2/09/2022;A;8:00:00;32640
2/09/2022;B;8:00:00;5430
3/09/2022;A;8:00:00;25354
3/09/2022;B;8:00:00;4419
4/09/2022;A;8:00:00;12426
4/09/2022;B;8:00:00;2087
5/09/2022;A;8:00:00;31922
5/09/2022;B;8:00:00;5334
6/09/2022;A;8:00:00;35227
6/09/2022;B;8:00:00;5797
7/09/2022;A;8:00:00;32208
7/09/2022;B;8:00:00;5347
8/09/2022;A;8:00:00;34093
8/09/2022;B;8:00:00;5387
9/09/2022;A;8:00:00;31595
9/09/2022;B;8:00:00;5489
10/09/2022;A;8:00:00;25609
10/09/2022;B;8:00:00;4418
11/09/2022;A;8:00:00;11049
11/09/2022;B;8:00:00;2006
12/09/2022;A;8:00:00;32223
12/09/2022;B;8:00:00;5142
13/09/2022;A;8:00:00;33191
13/09/2022;B;8:00:00;5555
14/09/2022;A;8:00:00;32540
14/09/2022;B;8:00:00;5237
15/09/2022;A;8:00:00;32412
15/09/2022;B;8:00:00;5411
16/09/2022;A;8:00:00;34124
16/09/2022;B;8:00:00;5544
17/09/2022;A;8:00:00;25715
17/09/2022;B;8:00:00;4312
18/09/2022;A;8:00:00;11210
18/09/2022;B;8:00:00;1947
19/09/2022;A;8:00:00;30564
19/09/2022;B;8:00:00;5058
20/09/2022;A;8:00:00;31413
20/09/2022;B;8:00:00;5314
21/09/2022;A;8:00:00;31774
21/09/2022;B;8:00:00;5264
22/09/2022;A;8:00:00;33532
22/09/2022;B;8:00:00;5489
23/09/2022;A;8:00:00;31197
23/09/2022;B;8:00:00;5276
24/09/2022;A;8:00:00;25326
24/09/2022;B;8:00:00;4401
25/09/2022;A;8:00:00;10737
25/09/2022;B;8:00:00;1982
26/09/2022;A;8:00:00;31410
26/09/2022;B;8:00:00;5160
27/09/2022;A;8:00:00;31786
27/09/2022;B;8:00:00;5508
28/09/2022;A;8:00:00;32355
28/09/2022;B;8:00:00;5471
29/09/2022;A;8:00:00;31770
29/09/2022;B;8:00:00;5346
30/09/2022;A;8:00:00;33251
30/09/2022;B;8:00:00;5539
1/10/2022;A;8:00:00;25335
1/10/2022;B;8:00:00;4395
2/10/2022;A;8:00:00;12674
2/10/2022;B;8:00:00;2038
3/10/2022;A;8:00:00;32741
3/10/2022;B;8:00:00;5511
4/10/2022;A;8:00:00;32479
4/10/2022;B;8:00:00;5522
5/10/2022;A;8:00:00;31577
5/10/2022;B;8:00:00;5460
6/10/2022;A;8:00:00;32171
6/10/2022;B;8:00:00;5580
7/10/2022;A;8:00:00;32091
7/10/2022;B;8:00:00;5526
8/10/2022;A;8:00:00;25567
8/10/2022;B;8:00:00;4413
9/10/2022;A;8:00:00;10941
9/10/2022;B;8:00:00;1926
10/10/2022;A;8:00:00;31456
10/10/2022;B;8:00:00;5323
11/10/2022;A;8:00:00;33001
11/10/2022;B;8:00:00;5263
12/10/2022;A;8:00:00;31876
12/10/2022;B;8:00:00;5240
13/10/2022;A;8:00:00;31641
13/10/2022;B;8:00:00;5417
14/10/2022;A;8:00:00;31355
14/10/2022;B;8:00:00;5197
15/10/2022;A;8:00:00;24792
15/10/2022;B;8:00:00;4868
16/10/2022;A;8:00:00;12411
16/10/2022;B;8:00:00;2456
17/10/2022;A;8:00:00;9312
17/10/2022;B;8:00:00;1661
18/10/2022;A;8:00:00;34987
18/10/2022;B;8:00:00;6558
19/10/2022;A;8:00:00;32245
19/10/2022;B;8:00:00;6120
20/10/2022;A;8:00:00;33461
20/10/2022;B;8:00:00;6192
21/10/2022;A;8:00:00;32553
21/10/2022;B;8:00:00;5969
22/10/2022;A;8:00:00;26185
22/10/2022;B;8:00:00;5039
23/10/2022;A;8:00:00;10642
23/10/2022;B;8:00:00;2017
24/10/2022;A;8:00:00;33447
24/10/2022;B;8:00:00;5305
25/10/2022;A;8:00:00;34024
25/10/2022;B;8:00:00;5641
26/10/2022;A;8:00:00;32417
26/10/2022;B;8:00:00;5576
27/10/2022;A;8:00:00;32135
27/10/2022;B;8:00:00;5396
28/10/2022;A;8:00:00;31925
28/10/2022;B;8:00:00;5210
29/10/2022;A;8:00:00;26404
29/10/2022;B;8:00:00;4496
30/10/2022;A;8:00:00;10391
30/10/2022;B;8:00:00;1831
31/10/2022;A;8:00:00;31333
31/10/2022;B;8:00:00;5166
1/11/2022;A;8:00:00;32063
1/11/2022;B;8:00:00;5308
2/11/2022;A;8:00:00;32934
2/11/2022;B;8:00:00;5479
3/11/2022;A;8:00:00;32136
3/11/2022;B;8:00:00;5503
4/11/2022;A;8:00:00;33105
4/11/2022;B;8:00:00;5388
5/11/2022;A;8:00:00;26401
5/11/2022;B;8:00:00;4392
6/11/2022;A;8:00:00;11186
6/11/2022;B;8:00:00;2020
7/11/2022;A;8:00:00;9001
7/11/2022;B;8:00:00;1636
8/11/2022;A;8:00:00;37798
8/11/2022;B;8:00:00;5788
9/11/2022;A;8:00:00;34252
9/11/2022;B;8:00:00;5566
10/11/2022;A;8:00:00;25501
10/11/2022;B;8:00:00;5462
11/11/2022;A;8:00:00;32421
11/11/2022;B;8:00:00;5602
12/11/2022;A;8:00:00;25793
12/11/2022;B;8:00:00;4420
13/11/2022;A;8:00:00;11129
13/11/2022;B;8:00:00;2171
14/11/2022;A;8:00:00;9314
14/11/2022;B;8:00:00;1696
15/11/2022;A;8:00:00;33913
15/11/2022;B;8:00:00;5470
16/11/2022;A;8:00:00;33378
16/11/2022;B;8:00:00;5574
17/11/2022;A;8:00:00;32976
17/11/2022;B;8:00:00;5416
18/11/2022;A;8:00:00;32642
18/11/2022;B;8:00:00;5341
19/11/2022;A;8:00:00;27328
19/11/2022;B;8:00:00;4650
20/11/2022;A;8:00:00;11374
20/11/2022;B;8:00:00;2058
21/11/2022;A;8:00:00;32082
21/11/2022;B;8:00:00;5242
22/11/2022;A;8:00:00;32496
22/11/2022;B;8:00:00;5426
23/11/2022;A;8:00:00;34391
23/11/2022;B;8:00:00;5750
24/11/2022;A;8:00:00;32249
24/11/2022;B;8:00:00;5271
25/11/2022;A;8:00:00;32266
25/11/2022;B;8:00:00;5460
26/11/2022;A;8:00:00;26453
26/11/2022;B;8:00:00;4524
27/11/2022;A;8:00:00;12154
27/11/2022;B;8:00:00;2123
28/11/2022;A;8:00:00;31666
28/11/2022;B;8:00:00;5193
29/11/2022;A;8:00:00;32364
29/11/2022;B;8:00:00;5424
30/11/2022;A;8:00:00;33287
30/11/2022;B;8:00:00;5647
1/12/2022;A;8:00:00;33210
1/12/2022;B;8:00:00;5378
2/12/2022;A;8:00:00;33033
2/12/2022;B;8:00:00;5638
3/12/2022;A;8:00:00;27479
3/12/2022;B;8:00:00;4686
4/12/2022;A;8:00:00;13554
4/12/2022;B;8:00:00;2327
5/12/2022;A;8:00:00;32692
5/12/2022;B;8:00:00;5583
6/12/2022;A;8:00:00;33574
6/12/2022;B;8:00:00;5509
7/12/2022;A;8:00:00;33600
7/12/2022;B;8:00:00;5654
8/12/2022;A;8:00:00;13241
8/12/2022;B;8:00:00;2339
9/12/2022;A;8:00:00;31769
9/12/2022;B;8:00:00;5306
10/12/2022;A;8:00:00;26366
10/12/2022;B;8:00:00;4731
11/12/2022;A;8:00:00;13908
11/12/2022;B;8:00:00;2598
12/12/2022;A;8:00:00;33277
12/12/2022;B;8:00:00;5364
13/12/2022;A;8:00:00;32077
13/12/2022;B;8:00:00;5333
14/12/2022;A;8:00:00;34113
14/12/2022;B;8:00:00;5462
15/12/2022;A;8:00:00;32656
15/12/2022;B;8:00:00;5387
16/12/2022;A;8:00:00;33557
16/12/2022;B;8:00:00;5388
17/12/2022;A;8:00:00;27502
17/12/2022;B;8:00:00;4733
18/12/2022;A;8:00:00;16258
18/12/2022;B;8:00:00;2937
19/12/2022;A;8:00:00;31396
19/12/2022;B;8:00:00;5267
20/12/2022;A;8:00:00;31995
20/12/2022;B;8:00:00;5264
21/12/2022;A;8:00:00;32326
21/12/2022;B;8:00:00;5187
22/12/2022;A;8:00:00;31730
22/12/2022;B;8:00:00;5238
23/12/2022;A;8:00:00;29489
23/12/2022;B;8:00:00;5089
24/12/2022;A;8:00:00;21424
24/12/2022;B;8:00:00;3829
25/12/2022;A;8:00:00;4986
25/12/2022;B;8:00:00;833
26/12/2022;A;8:00:00;23701
26/12/2022;B;8:00:00;3800
27/12/2022;A;8:00:00;25356
27/12/2022;B;8:00:00;4234
28/12/2022;A;8:00:00;25939
28/12/2022;B;8:00:00;4324
29/12/2022;A;8:00:00;25137
29/12/2022;B;8:00:00;4083
30/12/2022;A;8:00:00;23307
30/12/2022;B;8:00:00;3775
31/12/2022;A;8:00:00;15177
31/12/2022;B;8:00:00;2572
1/01/2023;A;8:00:00;4054
1/01/2024;B;8:00:00;628
1/02/2023;A;8:00:00;17537
1/02/2023;B;8:00:00;2977
1/03/2023;A;8:00:00;20935
1/03/2023;B;8:00:00;3563
1/04/2023;A;8:00:00;22992
1/04/2023;B;8:00:00;3828
1/05/2023;A;8:00:00;23235
1/05/2023;B;8:00:00;3998
1/06/2023;A;8:00:00;23481
1/06/2023;B;8:00:00;3994
1/07/2023;A;8:00:00;19599
1/07/2023;B;8:00:00;3509
1/08/2023;A;8:00:00;10314
1/08/2023;B;8:00:00;2086
1/09/2023;A;8:00:00;8721
1/09/2023;B;8:00:00;1466
1/10/2023;A;8:00:00;26947
1/10/2023;B;8:00:00;4221
1/11/2023;A;8:00:00;26738
1/11/2023;B;8:00:00;4371
1/12/2023;A;8:00:00;26855
1/12/2023;B;8:00:00;4395
13/01/2023;A;8:00:00;27316
13/01/2023;B;8:00:00;4538
14/01/2023;A;8:00:00;22634
14/01/2023;B;8:00:00;3883
15/01/2023;A;8:00:00;10508
15/01/2023;B;8:00:00;1936
16/01/2023;A;8:00:00;29356
16/01/2023;B;8:00:00;4798
17/01/2023;A;8:00:00;30098
17/01/2023;B;8:00:00;5123
18/01/2023;A;8:00:00;29845
18/01/2023;B;8:00:00;4899
19/01/2023;A;8:00:00;29163
19/01/2023;B;8:00:00;5028
20/01/2023;A;8:00:00;29815
20/01/2023;B;8:00:00;5121
21/01/2023;A;8:00:00;23740
21/01/2023;B;8:00:00;4178
22/01/2023;A;8:00:00;10202
22/01/2023;B;8:00:00;1887
23/01/2023;A;8:00:00;30895
23/01/2023;B;8:00:00;4968
24/01/2023;A;8:00:00;30931
24/01/2023;B;8:00:00;5129
25/01/2023;A;8:00:00;31004
25/01/2023;B;8:00:00;5085
26/01/2023;A;8:00:00;30615
26/01/2023;B;8:00:00;5154
27/01/2023;A;8:00:00;30634
27/01/2023;B;8:00:00;5247
28/01/2023;A;8:00:00;24141
28/01/2023;B;8:00:00;4182
29/01/2023;A;8:00:00;10562
29/01/2023;B;8:00:00;1924
30/01/2023;A;8:00:00;31110
30/01/2023;B;8:00:00;5050
31/01/2023;A;8:00:00;31498
31/01/2023;B;8:00:00;5109
2/01/2023;A;8:00:00;31586
2/01/2023;B;8:00:00;5311
2/02/2023;A;8:00:00;31722
2/02/2023;B;8:00:00;5494
2/03/2023;A;8:00:00;32019
2/03/2023;B;8:00:00;5300
2/04/2023;A;8:00:00;24253
2/04/2023;B;8:00:00;4381
2/05/2023;A;8:00:00;10979
2/05/2023;B;8:00:00;1830
2/06/2023;A;8:00:00;32682
2/06/2023;B;8:00:00;5396
2/07/2023;A;8:00:00;34032
2/07/2023;B;8:00:00;5576
2/08/2023;A;8:00:00;32557
2/08/2023;B;8:00:00;5435
2/09/2023;A;8:00:00;32959
2/09/2023;B;8:00:00;5584
2/10/2023;A;8:00:00;32284
2/10/2023;B;8:00:00;5463
2/11/2023;A;8:00:00;24945
2/11/2023;B;8:00:00;4239
2/12/2023;A;8:00:00;9908
2/12/2023;B;8:00:00;1940
13/02/2023;A;8:00:00;31775
13/02/2023;B;8:00:00;5243
14/02/2023;A;8:00:00;31475
14/02/2023;B;8:00:00;5376
15/02/2023;A;8:00:00;32157
15/02/2023;B;8:00:00;5385
16/02/2023;A;8:00:00;32713
16/02/2023;B;8:00:00;5642
17/02/2023;A;8:00:00;32499
17/02/2023;B;8:00:00;5603
18/02/2023;A;8:00:00;24824
18/02/2023;B;8:00:00;4302
19/02/2023;A;8:00:00;11119
19/02/2023;B;8:00:00;2045
20/02/2023;A;8:00:00;33268
20/02/2023;B;8:00:00;5329
21/02/2023;A;8:00:00;33704
21/02/2023;B;8:00:00;5698
22/02/2023;A;8:00:00;30194
22/02/2023;B;8:00:00;5303
23/02/2023;A;8:00:00;33554
23/02/2023;B;8:00:00;5502
24/02/2023;A;8:00:00;32693
24/02/2023;B;8:00:00;5435
25/02/2023;A;8:00:00;25286
25/02/2023;B;8:00:00;4266
26/02/2023;A;8:00:00;10933
26/02/2023;B;8:00:00;1882
27/02/2023;A;8:00:00;32958
27/02/2023;B;8:00:00;5414
28/02/2023;A;8:00:00;34134
28/02/2023;B;8:00:00;5728
3/01/2023;A;8:00:00;34096
3/01/2023;B;8:00:00;5459
3/02/2023;A;8:00:00;32824
3/02/2023;B;8:00:00;5812
3/03/2023;A;8:00:00;33631
3/03/2023;B;8:00:00;5559
3/04/2023;A;8:00:00;25439
3/04/2023;B;8:00:00;4306
3/05/2023;A;8:00:00;10833
3/05/2023;B;8:00:00;2045
3/06/2023;A;8:00:00;33236
3/06/2023;B;8:00:00;5510
3/07/2023;A;8:00:00;33547
3/07/2023;B;8:00:00;5654
3/08/2023;A;8:00:00;35050
3/08/2023;B;8:00:00;5726
3/09/2023;A;8:00:00;32600
3/09/2023;B;8:00:00;5489
3/10/2023;A;8:00:00;32765
3/10/2023;B;8:00:00;5344
3/11/2023;A;8:00:00;25367
3/11/2023;B;8:00:00;4298
3/12/2023;A;8:00:00;10478
3/12/2023;B;8:00:00;1785
13/03/2023;A;8:00:00;29677
13/03/2023;B;8:00:00;4637
14/03/2023;A;8:00:00;33680
14/03/2023;B;8:00:00;5607
15/03/2023;A;8:00:00;33352
15/03/2023;B;8:00:00;5457
16/03/2023;A;8:00:00;33407
16/03/2023;B;8:00:00;5621
17/03/2023;A;8:00:00;32819
17/03/2023;B;8:00:00;5456
18/03/2023;A;8:00:00;25183
18/03/2023;B;8:00:00;4209
19/03/2023;A;8:00:00;11275
19/03/2023;B;8:00:00;2172
20/03/2023;A;8:00:00;8883
20/03/2023;B;8:00:00;1648
21/03/2023;A;8:00:00;34380
21/03/2023;B;8:00:00;5672
22/03/2023;A;8:00:00;34171
22/03/2023;B;8:00:00;5536
23/03/2023;A;8:00:00;34156
23/03/2023;B;8:00:00;5458
24/03/2023;A;8:00:00;32956
24/03/2023;B;8:00:00;5356
25/03/2023;A;8:00:00;25587
25/03/2023;B;8:00:00;4477
26/03/2023;A;8:00:00;10658
26/03/2023;B;8:00:00;1931
27/03/2023;A;8:00:00;32164
27/03/2023;B;8:00:00;5342
28/03/2023;A;8:00:00;33631
28/03/2023;B;8:00:00;5391
29/03/2023;A;8:00:00;34669
29/03/2023;B;8:00:00;5587
30/03/2023;A;8:00:00;32978
30/03/2023;B;8:00:00;5456
31/03/2023;A;8:00:00;33344
31/03/2023;B;8:00:00;5267
4/01/2023;A;8:00:00;25682
4/01/2023;B;8:00:00;4204
4/02/2023;A;8:00:00;11389
4/02/2023;B;8:00:00;2003
4/03/2023;A;8:00:00;28536
4/03/2023;B;8:00:00;4493
4/04/2023;A;8:00:00;28342
4/04/2023;B;8:00:00;4588
4/05/2023;A;8:00:00;26748
4/05/2023;B;8:00:00;4359
4/06/2023;A;8:00:00;11020
4/06/2023;B;8:00:00;1758
4/07/2023;A;8:00:00;8198
4/07/2023;B;8:00:00;1664
4/08/2023;A;8:00:00;14700
4/08/2023;B;8:00:00;2564
4/09/2023;A;8:00:00;9138
4/09/2023;B;8:00:00;1452
4/10/2023;A;8:00:00;31733
4/10/2023;B;8:00:00;5133
4/11/2023;A;8:00:00;33099
4/11/2023;B;8:00:00;5460
4/12/2023;A;8:00:00;33115
4/12/2023;B;8:00:00;5462
13/04/2023;A;8:00:00;32945
13/04/2023;B;8:00:00;5430
14/04/2023;A;8:00:00;32390
14/04/2023;B;8:00:00;5255
15/04/2023;A;8:00:00;26060
15/04/2023;B;8:00:00;4286
16/04/2023;A;8:00:00;11260
16/04/2023;B;8:00:00;1966
17/04/2023;A;8:00:00;32388
17/04/2023;B;8:00:00;5335
18/04/2023;A;8:00:00;33439
18/04/2023;B;8:00:00;5546
19/04/2023;A;8:00:00;33332
19/04/2023;B;8:00:00;5452
20/04/2023;A;8:00:00;33720
20/04/2023;B;8:00:00;5514
21/04/2023;A;8:00:00;32894
21/04/2023;B;8:00:00;5347
22/04/2023;A;8:00:00;25602
22/04/2023;B;8:00:00;4350
23/04/2023;A;8:00:00;11301
23/04/2023;B;8:00:00;1943
24/04/2023;A;8:00:00;32709
24/04/2023;B;8:00:00;5189
25/04/2023;A;8:00:00;33929
25/04/2023;B;8:00:00;5400
26/04/2023;A;8:00:00;33600
26/04/2023;B;8:00:00;5374
27/04/2023;A;8:00:00;33032
27/04/2023;B;8:00:00;6529
28/04/2023;A;8:00:00;33306
28/04/2023;B;8:00:00;5358
29/04/2023;A;8:00:00;26356
29/04/2023;B;8:00:00;4347
30/04/2023;A;8:00:00;12386
30/04/2023;B;8:00:00;2340
5/01/2023;A;8:00:00;9467
5/01/2023;B;8:00:00;1649
5/02/2023;A;8:00:00;34862
5/02/2023;B;8:00:00;5419
5/03/2023;A;8:00:00;34032
5/03/2023;B;8:00:00;5531
5/04/2023;A;8:00:00;33474
5/04/2023;B;8:00:00;5530
5/05/2023;A;8:00:00;33904
5/05/2023;B;8:00:00;5491
5/06/2023;A;8:00:00;27305
5/06/2023;B;8:00:00;4318
5/07/2023;A;8:00:00;11648
5/07/2023;B;8:00:00;2050
5/08/2023;A;8:00:00;33078
5/08/2023;B;8:00:00;5119
5/09/2023;A;8:00:00;33698
5/09/2023;B;8:00:00;5459
5/10/2023;A;8:00:00;33825
5/10/2023;B;8:00:00;5376
5/11/2023;A;8:00:00;32932
5/11/2023;B;8:00:00;5415
5/12/2023;A;8:00:00;33346
5/12/2023;B;8:00:00;5245
13/05/2023;A;8:00:00;25955
13/05/2023;B;8:00:00;4209
14/05/2023;A;8:00:00;10447
14/05/2023;B;8:00:00;1872
15/05/2023;A;8:00:00;30862
15/05/2023;B;8:00:00;5025
16/05/2023;A;8:00:00;33458
16/05/2023;B;8:00:00;5462
17/05/2023;A;8:00:00;33968
17/05/2023;B;8:00:00;5400
18/05/2023;A;8:00:00;33274
18/05/2023;B;8:00:00;5261
19/05/2023;A;8:00:00;33000
19/05/2023;B;8:00:00;5297
20/05/2023;A;8:00:00;25343
20/05/2023;B;8:00:00;4389
21/05/2023;A;8:00:00;11444
21/05/2023;B;8:00:00;2166
22/05/2023;A;8:00:00;8842
22/05/2023;B;8:00:00;1526
23/05/2023;A;8:00:00;37278
23/05/2023;B;8:00:00;5606
24/05/2023;A;8:00:00;33893
24/05/2023;B;8:00:00;5525
25/05/2023;A;8:00:00;32184
25/05/2023;B;8:00:00;5077
26/05/2023;A;8:00:00;33462
26/05/2023;B;8:00:00;5251
27/05/2023;A;8:00:00;25486
27/05/2023;B;8:00:00;4329
28/05/2023;A;8:00:00;10620
28/05/2023;B;8:00:00;1820
29/05/2023;A;8:00:00;32223
29/05/2023;B;8:00:00;5123
30/05/2023;A;8:00:00;33407
30/05/2023;B;8:00:00;5229
31/05/2023;A;8:00:00;32356
31/05/2023;B;8:00:00;5229
6/01/2023;A;8:00:00;32833
6/01/2023;B;8:00:00;5181
6/02/2023;A;8:00:00;31785
6/02/2023;B;8:00:00;5014
6/03/2023;A;8:00:00;25502
6/03/2023;B;8:00:00;4260
6/04/2023;A;8:00:00;10683
6/04/2023;B;8:00:00;1781
6/05/2023;A;8:00:00;30901
6/05/2023;B;8:00:00;4949
6/06/2023;A;8:00:00;32937
6/06/2023;B;8:00:00;5464
6/07/2023;A;8:00:00;31953
6/07/2023;B;8:00:00;5035
6/08/2023;A;8:00:00;32376
6/08/2023;B;8:00:00;5090
6/09/2023;A;8:00:00;32148
6/09/2023;B;8:00:00;5127
6/10/2023;A;8:00:00;25258
6/10/2023;B;8:00:00;4402
6/11/2023;A;8:00:00;11209
6/11/2023;B;8:00:00;2093
6/12/2023;A;8:00:00;8827
6/12/2023;B;8:00:00;1662
13/06/2023;A;8:00:00;33418
13/06/2023;B;8:00:00;5155
14/06/2023;A;8:00:00;32234
14/06/2023;B;8:00:00;5311
15/06/2023;A;8:00:00;32170
15/06/2023;B;8:00:00;5189
16/06/2023;A;8:00:00;32445
16/06/2023;B;8:00:00;5131
17/06/2023;A;8:00:00;25471
17/06/2023;B;8:00:00;4158
18/06/2023;A;8:00:00;12316
18/06/2023;B;8:00:00;2258
19/06/2023;A;8:00:00;9708
19/06/2023;B;8:00:00;1821
20/06/2023;A;8:00:00;32772
20/06/2023;B;8:00:00;5100
21/06/2023;A;8:00:00;33157
21/06/2023;B;8:00:00;5276
22/06/2023;A;8:00:00;31717
22/06/2023;B;8:00:00;5017
23/06/2023;A;8:00:00;32107
23/06/2023;B;8:00:00;5201
24/06/2023;A;8:00:00;25427
24/06/2023;B;8:00:00;4197
25/06/2023;A;8:00:00;11141
25/06/2023;B;8:00:00;1970
26/06/2023;A;8:00:00;30217
26/06/2023;B;8:00:00;4716
27/06/2023;A;8:00:00;31651
27/06/2023;B;8:00:00;5156
28/06/2023;A;8:00:00;31609
28/06/2023;B;8:00:00;5043
29/06/2023;A;8:00:00;31184
29/06/2023;B;8:00:00;5006
30/06/2023;A;8:00:00;31420
30/06/2023;B;8:00:00;5197
7/01/2023;A;8:00:00;26110
7/01/2023;B;8:00:00;4286
7/02/2023;A;8:00:00;13327
7/02/2023;B;8:00:00;2343
7/03/2023;A;8:00:00;10081
7/03/2023;B;8:00:00;1867
7/04/2023;A;8:00:00;31557
7/04/2023;B;8:00:00;5019
7/05/2023;A;8:00:00;31849
7/05/2023;B;8:00:00;5187
7/06/2023;A;8:00:00;31258
7/06/2023;B;8:00:00;4990
7/07/2023;A;8:00:00;31776
7/07/2023;B;8:00:00;5286
7/08/2023;A;8:00:00;26263
7/08/2023;B;8:00:00;4438
7/09/2023;A;8:00:00;11431
7/09/2023;B;8:00:00;1958
7/10/2023;A;8:00:00;31235
7/10/2023;B;8:00:00;5134
7/11/2023;A;8:00:00;32076
7/11/2023;B;8:00:00;5132
7/12/2023;A;8:00:00;32029
7/12/2023;B;8:00:00;5057
13/07/2023;A;8:00:00;31670
13/07/2023;B;8:00:00;5268
14/07/2023;A;8:00:00;31816
14/07/2023;B;8:00:00;5155
15/07/2023;A;8:00:00;25853
15/07/2023;B;8:00:00;4353
16/07/2023;A;8:00:00;11823
16/07/2023;B;8:00:00;2091
17/07/2023;A;8:00:00;32321
17/07/2023;B;8:00:00;5194
18/07/2023;A;8:00:00;32897
18/07/2023;B;8:00:00;5275
19/07/2023;A;8:00:00;32894
19/07/2023;B;8:00:00;5276
20/07/2023;A;8:00:00;12859
20/07/2023;B;8:00:00;2168
21/07/2023;A;8:00:00;29950
21/07/2023;B;8:00:00;5139
22/07/2023;A;8:00:00;24795
22/07/2023;B;8:00:00;4250
23/07/2023;A;8:00:00;11168
23/07/2023;B;8:00:00;1966
24/07/2023;A;8:00:00;32424
24/07/2023;B;8:00:00;5165
25/07/2023;A;8:00:00;32425
25/07/2023;B;8:00:00;5157
26/07/2023;A;8:00:00;33204
26/07/2023;B;8:00:00;5144
27/07/2023;A;8:00:00;32343
27/07/2023;B;8:00:00;5351
28/07/2023;A;8:00:00;33371
28/07/2023;B;8:00:00;5257
29/07/2023;A;8:00:00;26115
29/07/2023;B;8:00:00;4395
30/07/2023;A;8:00:00;11834
30/07/2023;B;8:00:00;2227
31/07/2023;A;8:00:00;32442
31/07/2023;B;8:00:00;5121
8/01/2023;A;8:00:00;34327
8/01/2023;B;8:00:00;5697
8/02/2023;A;8:00:00;34105
8/02/2023;B;8:00:00;5541
8/03/2023;A;8:00:00;34151
8/03/2023;B;8:00:00;5643
8/04/2023;A;8:00:00;33643
8/04/2023;B;8:00:00;5536
8/05/2023;A;8:00:00;28023
8/05/2023;B;8:00:00;4690
8/06/2023;A;8:00:00;12922
8/06/2023;B;8:00:00;2552
8/07/2023;A;8:00:00;11068
8/07/2023;B;8:00:00;1982
8/08/2023;A;8:00:00;36483
8/08/2023;B;8:00:00;6168
8/09/2023;A;8:00:00;35830
8/09/2023;B;8:00:00;6124
8/10/2023;A;8:00:00;34875
8/10/2023;B;8:00:00;5820
8/11/2023;A;8:00:00;34123
8/11/2023;B;8:00:00;5574
8/12/2023;A;8:00:00;26951
8/12/2023;B;8:00:00;4483
13/08/2023;A;8:00:00;10534
13/08/2023;B;8:00:00;1960
14/08/2023;A;8:00:00;33077
14/08/2023;B;8:00:00;5343
15/08/2023;A;8:00:00;33994
15/08/2023;B;8:00:00;5506
16/08/2023;A;8:00:00;34245
16/08/2023;B;8:00:00;5576
17/08/2023;A;8:00:00;33881
17/08/2023;B;8:00:00;5424
18/08/2023;A;8:00:00;33936
18/08/2023;B;8:00:00;5280
19/08/2023;A;8:00:00;27054
19/08/2023;B;8:00:00;4395
20/08/2023;A;8:00:00;12316
20/08/2023;B;8:00:00;2305
21/08/2023;A;8:00:00;9090
21/08/2023;B;8:00:00;1778
22/08/2023;A;8:00:00;37005
22/08/2023;B;8:00:00;5527
23/08/2023;A;8:00:00;34407
23/08/2023;B;8:00:00;5505
24/08/2023;A;8:00:00;33301
24/08/2023;B;8:00:00;5356
25/08/2023;A;8:00:00;33618
25/08/2023;B;8:00:00;5244
26/08/2023;A;8:00:00;26393
26/08/2023;B;8:00:00;4264
27/08/2023;A;8:00:00;11098
27/08/2023;B;8:00:00;2013
28/08/2023;A;8:00:00;31942
28/08/2023;B;8:00:00;5112
29/08/2023;A;8:00:00;33332
29/08/2023;B;8:00:00;5358
30/08/2023;A;8:00:00;33731
30/08/2023;B;8:00:00;5249
31/08/2023;A;8:00:00;33048
31/08/2023;B;8:00:00;5496
9/01/2023;A;8:00:00;33524
9/01/2023;B;8:00:00;5354
9/02/2023;A;8:00:00;26713
9/02/2023;B;8:00:00;4321
9/03/2023;A;8:00:00;12659
9/03/2023;B;8:00:00;2144
9/04/2023;A;8:00:00;33747
9/04/2023;B;8:00:00;5213
9/05/2023;A;8:00:00;34604
9/05/2023;B;8:00:00;5341
9/06/2023;A;8:00:00;33939
9/06/2023;B;8:00:00;5132
9/07/2023;A;8:00:00;33650
9/07/2023;B;8:00:00;5514
9/08/2023;A;8:00:00;33328
9/08/2023;B;8:00:00;5416
9/09/2023;A;8:00:00;26566
9/09/2023;B;8:00:00;4364
9/10/2023;A;8:00:00;11096
9/10/2023;B;8:00:00;1984
9/11/2023;A;8:00:00;33886
9/11/2023;B;8:00:00;5066
9/12/2023;A;8:00:00;33532
9/12/2023;B;8:00:00;5291
13/09/2023;A;8:00:00;33395
13/09/2023;B;8:00:00;5546
14/09/2023;A;8:00:00;33463
14/09/2023;B;8:00:00;5227
15/09/2023;A;8:00:00;33265
15/09/2023;B;8:00:00;5316
16/09/2023;A;8:00:00;26534
16/09/2023;B;8:00:00;4331
17/09/2023;A;8:00:00;10872
17/09/2023;B;8:00:00;1955
18/09/2023;A;8:00:00;32281
18/09/2023;B;8:00:00;4974
19/09/2023;A;8:00:00;33427
19/09/2023;B;8:00:00;5212
20/09/2023;A;8:00:00;32846
20/09/2023;B;8:00:00;5284
21/09/2023;A;8:00:00;33434
21/09/2023;B;8:00:00;5390
22/09/2023;A;8:00:00;33482
22/09/2023;B;8:00:00;5341
23/09/2023;A;8:00:00;21943
23/09/2023;B;8:00:00;2898
24/09/2023;A;8:00:00;10951
24/09/2023;B;8:00:00;1901
25/09/2023;A;8:00:00;32418
25/09/2023;B;8:00:00;5055
26/09/2023;A;8:00:00;34100
26/09/2023;B;8:00:00;5399
27/09/2023;A;8:00:00;35390
27/09/2023;B;8:00:00;5808
28/09/2023;A;8:00:00;35286
28/09/2023;B;8:00:00;6025
29/09/2023;A;8:00:00;32609
29/09/2023;B;8:00:00;5236
30/09/2023;A;8:00:00;26614
30/09/2023;B;8:00:00;4297
10/01/2023;A;8:00:00;12568
10/01/2023;B;8:00:00;1993
10/02/2023;A;8:00:00;32590
10/02/2023;B;8:00:00;5031
10/03/2023;A;8:00:00;33763
10/03/2023;B;8:00:00;5288
10/04/2023;A;8:00:00;31122
10/04/2023;B;8:00:00;5410
10/05/2023;A;8:00:00;33515
10/05/2023;B;8:00:00;5355
10/06/2023;A;8:00:00;33029
10/06/2023;B;8:00:00;5365
10/07/2023;A;8:00:00;26180
10/07/2023;B;8:00:00;4435
10/08/2023;A;8:00:00;10838
10/08/2023;B;8:00:00;1999
10/09/2023;A;8:00:00;32062
10/09/2023;B;8:00:00;5189
10/10/2023;A;8:00:00;33589
10/10/2023;B;8:00:00;5400
10/11/2023;A;8:00:00;32636
10/11/2023;B;8:00:00;5254
10/12/2023;A;8:00:00;32316
10/12/2023;B;8:00:00;5246
13/10/2023;A;8:00:00;32055
13/10/2023;B;8:00:00;5268
14/10/2023;A;8:00:00;25123
14/10/2023;B;8:00:00;4156
15/10/2023;A;8:00:00;12143
15/10/2023;B;8:00:00;2443
16/10/2023;A;8:00:00;9276
16/10/2023;B;8:00:00;1719
17/10/2023;A;8:00:00;34201
17/10/2023;B;8:00:00;5560
18/10/2023;A;8:00:00;33323
18/10/2023;B;8:00:00;5309
19/10/2023;A;8:00:00;33969
19/10/2023;B;8:00:00;5475
20/10/2023;A;8:00:00;35743
20/10/2023;B;8:00:00;5789
21/10/2023;A;8:00:00;26342
21/10/2023;B;8:00:00;4312
22/10/2023;A;8:00:00;10647
22/10/2023;B;8:00:00;1791
23/10/2023;A;8:00:00;32320
23/10/2023;B;8:00:00;5165
24/10/2023;A;8:00:00;34996
24/10/2023;B;8:00:00;5337
25/10/2023;A;8:00:00;33147
25/10/2023;B;8:00:00;5419
26/10/2023;A;8:00:00;33253
26/10/2023;B;8:00:00;5413
27/10/2023;A;8:00:00;32932
27/10/2023;B;8:00:00;5343
28/10/2023;A;8:00:00;25478
28/10/2023;B;8:00:00;4177
29/10/2023;A;8:00:00;25
29/10/2023;B;8:00:00;
30/10/2023;A;8:00:00;31914
30/10/2023;B;8:00:00;5761
31/10/2023;A;8:00:00;34095
31/10/2023;B;8:00:00;6182
11/01/2023;A;8:00:00;33718
11/01/2023;B;8:00:00;5994
11/02/2023;A;8:00:00;35284
11/02/2023;B;8:00:00;6171
11/03/2023;A;8:00:00;34899
11/03/2023;B;8:00:00;6404
11/04/2023;A;8:00:00;27411
11/04/2023;B;8:00:00;4854
11/05/2023;A;8:00:00;12263
11/05/2023;B;8:00:00;2323
11/06/2023;A;8:00:00;10091
11/06/2023;B;8:00:00;1854
11/07/2023;A;8:00:00;39399
11/07/2023;B;8:00:00;5868
11/08/2023;A;8:00:00;35871
11/08/2023;B;8:00:00;5542
11/09/2023;A;8:00:00;35262
11/09/2023;B;8:00:00;5732
11/10/2023;A;8:00:00;35578
11/10/2023;B;8:00:00;5540
11/11/2023;A;8:00:00;27662
11/11/2023;B;8:00:00;4388
11/12/2023;A;8:00:00;11894
11/12/2023;B;8:00:00;2237
13/11/2023;A;8:00:00;9580
13/11/2023;B;8:00:00;1792
14/11/2023;A;8:00:00;36048
14/11/2023;B;8:00:00;5428
15/11/2023;A;8:00:00;32864
15/11/2023;B;8:00:00;5367
16/11/2023;A;8:00:00;34981
16/11/2023;B;8:00:00;5525
17/11/2023;A;8:00:00;33829
17/11/2023;B;8:00:00;5446
18/11/2023;A;8:00:00;27929
18/11/2023;B;8:00:00;4502
19/11/2023;A;8:00:00;11906
19/11/2023;B;8:00:00;2005
20/11/2023;A;8:00:00;33254
20/11/2023;B;8:00:00;5460
21/11/2023;A;8:00:00;34572
21/11/2023;B;8:00:00;5369
22/11/2023;A;8:00:00;33917
22/11/2023;B;8:00:00;5499
23/11/2023;A;8:00:00;33557
23/11/2023;B;8:00:00;5405
24/11/2023;A;8:00:00;33745
24/11/2023;B;8:00:00;5323
25/11/2023;A;8:00:00;27401
25/11/2023;B;8:00:00;4478
26/11/2023;A;8:00:00;12613
26/11/2023;B;8:00:00;2099
27/11/2023;A;8:00:00;33926
27/11/2023;B;8:00:00;5527
28/11/2023;A;8:00:00;34500
28/11/2023;B;8:00:00;5419
29/11/2023;A;8:00:00;34620
29/11/2023;B;8:00:00;5605
30/11/2023;A;8:00:00;34234
30/11/2023;B;8:00:00;5699
12/01/2023;A;8:00:00;34503
12/01/2023;B;8:00:00;5497
12/02/2023;A;8:00:00;28596
12/02/2023;B;8:00:00;4771
12/03/2023;A;8:00:00;13868
12/03/2023;B;8:00:00;2363
12/04/2023;A;8:00:00;34866
12/04/2023;B;8:00:00;5534
12/05/2023;A;8:00:00;35664
12/05/2023;B;8:00:00;5533
12/06/2023;A;8:00:00;35727
12/06/2023;B;8:00:00;5637
12/07/2023;A;8:00:00;34177
12/07/2023;B;8:00:00;5478
12/08/2023;A;8:00:00;15222
12/08/2023;B;8:00:00;2594
12/09/2023;A;8:00:00;24281
12/09/2023;B;8:00:00;4119
12/10/2023;A;8:00:00;14007
12/10/2023;B;8:00:00;2523
12/11/2023;A;8:00:00;34023
12/11/2023;B;8:00:00;5676
12/12/2023;A;8:00:00;35634
12/12/2023;B;8:00:00;5762
13/12/2023;A;8:00:00;34179
13/12/2023;B;8:00:00;5602
14/12/2023;A;8:00:00;68284
14/12/2023;B;8:00:00;11258
15/12/2023;A;8:00:00;34056
15/12/2023;B;8:00:00;5480
16/12/2023;A;8:00:00;28788
16/12/2023;B;8:00:00;5140
17/12/2023;A;8:00:00;16532
17/12/2023;B;8:00:00;3180
18/12/2023;A;8:00:00;33572
18/12/2023;B;8:00:00;5446
19/12/2023;A;8:00:00;34223
19/12/2023;B;8:00:00;5427
20/12/2023;A;8:00:00;33654
20/12/2023;B;8:00:00;5426
21/12/2023;A;8:00:00;33696
21/12/2023;B;8:00:00;5195
22/12/2023;A;8:00:00;33241
22/12/2023;B;8:00:00;5379
23/12/2023;A;8:00:00;26388
23/12/2023;B;8:00:00;4240
24/12/2023;A;8:00:00;15222
24/12/2023;B;8:00:00;2796
25/12/2023;A;8:00:00;5029
25/12/2023;B;8:00:00;806
26/12/2023;A;8:00:00;27250
26/12/2023;B;8:00:00;4250
27/12/2023;A;8:00:00;29106
27/12/2023;B;8:00:00;4601
28/12/2023;A;8:00:00;28122
28/12/2023;B;8:00:00;4564
29/12/2023;A;8:00:00;26792
29/12/2023;B;8:00:00;4352
30/12/2023;A;8:00:00;19814
30/12/2023;B;8:00:00;3330
31/12/2023;A;8:00:00;10999
31/12/2023;B;8:00:00;1994
1/01/2024;A;8:00:00;3993
1/01/2024;B;8:00:00;641
2/01/2024;A;8:00:00;19035
2/01/2024;B;8:00:00;2916
3/01/2024;A;8:00:00;22456
3/01/2024;B;8:00:00;3522
4/01/2024;A;8:00:00;23166
4/01/2024;B;8:00:00;3822
5/01/2024;A;8:00:00;23200
5/01/2024;B;8:00:00;3781
6/01/2024;A;8:00:00;19919
6/01/2024;B;8:00:00;3307
7/01/2024;A;8:00:00;11144
7/01/2024;B;8:00:00;2138
8/01/2024;A;8:00:00;8319
8/01/2024;B;8:00:00;1621
9/01/2024;A;8:00:00;26789
9/01/2024;B;8:00:00;4145
10/01/2024;A;8:00:00;26886
10/01/2024;B;8:00:00;4279
11/01/2024;A;8:00:00;25664
11/01/2024;B;8:00:00;4266
12/01/2024;A;8:00:00;26762
12/01/2024;B;8:00:00;4302
13/01/2024;A;8:00:00;22251
13/01/2024;B;8:00:00;3651
14/01/2024;A;8:00:00;9684
14/01/2024;B;8:00:00;1563
15/01/2024;A;8:00:00;29433
15/01/2024;B;8:00:00;4651
16/01/2024;A;8:00:00;30149
16/01/2024;B;8:00:00;4683
17/01/2024;A;8:00:00;29831
17/01/2024;B;8:00:00;4752
18/01/2024;A;8:00:00;30306
18/01/2024;B;8:00:00;4862
19/01/2024;A;8:00:00;29615
19/01/2024;B;8:00:00;4736
20/01/2024;A;8:00:00;23812
20/01/2024;B;8:00:00;3870
21/01/2024;A;8:00:00;10512
21/01/2024;B;8:00:00;1841
22/01/2024;A;8:00:00;29899
22/01/2024;B;8:00:00;4990
23/01/2024;A;8:00:00;30981
23/01/2024;B;8:00:00;4967
24/01/2024;A;8:00:00;30536
24/01/2024;B;8:00:00;4958
25/01/2024;A;8:00:00;30236
25/01/2024;B;8:00:00;4978
26/01/2024;A;8:00:00;30368
26/01/2024;B;8:00:00;4805
27/01/2024;A;8:00:00;24995
27/01/2024;B;8:00:00;3971
28/01/2024;A;8:00:00;10127
28/01/2024;B;8:00:00;1890
29/01/2024;A;8:00:00;32093
29/01/2024;B;8:00:00;4952
30/01/2024;A;8:00:00;32147
30/01/2024;B;8:00:00;5121
31/01/2024;A;8:00:00;32172
31/01/2024;B;8:00:00;5181
1/02/2024;A;8:00:00;30911
1/02/2024;B;8:00:00;5166
2/02/2024;A;8:00:00;30944
2/02/2024;B;8:00:00;5147
3/02/2024;A;8:00:00;24445
3/02/2024;B;8:00:00;3898
4/02/2024;A;8:00:00;10613
4/02/2024;B;8:00:00;1746
5/02/2024;A;8:00:00;31885
5/02/2024;B;8:00:00;5112
6/02/2024;A;8:00:00;33199
6/02/2024;B;8:00:00;5614
7/02/2024;A;8:00:00;32452
7/02/2024;B;8:00:00;5401
8/02/2024;A;8:00:00;34176
8/02/2024;B;8:00:00;5394
9/02/2024;A;8:00:00;32097
9/02/2024;B;8:00:00;5283
10/02/2024;A;8:00:00;24604
10/02/2024;B;8:00:00;4015
11/02/2024;A;8:00:00;10307
11/02/2024;B;8:00:00;1804
12/02/2024;A;8:00:00;32258
12/02/2024;B;8:00:00;5125
13/02/2024;A;8:00:00;32828
13/02/2024;B;8:00:00;5456
14/02/2024;A;8:00:00;32926
14/02/2024;B;8:00:00;5343
15/02/2024;A;8:00:00;32032
15/02/2024;B;8:00:00;5361
16/02/2024;A;8:00:00;32656
16/02/2024;B;8:00:00;5429
17/02/2024;A;8:00:00;25622
17/02/2024;B;8:00:00;4043
18/02/2024;A;8:00:00;10947
18/02/2024;B;8:00:00;1857
19/02/2024;A;8:00:00;32398
19/02/2024;B;8:00:00;5176
20/02/2024;A;8:00:00;32647
20/02/2024;B;8:00:00;5397
21/02/2024;A;8:00:00;34075
21/02/2024;B;8:00:00;5474
22/02/2024;A;8:00:00;32565
22/02/2024;B;8:00:00;5205
23/02/2024;A;8:00:00;31795
23/02/2024;B;8:00:00;5405
24/02/2024;A;8:00:00;25223
24/02/2024;B;8:00:00;4285
25/02/2024;A;8:00:00;10425
25/02/2024;B;8:00:00;1914
26/02/2024;A;8:00:00;32361
26/02/2024;B;8:00:00;5299
27/02/2024;A;8:00:00;33161
27/02/2024;B;8:00:00;5296
28/02/2024;A;8:00:00;32491
28/02/2024;B;8:00:00;5355
29/02/2024;A;8:00:00;32720
29/02/2024;B;8:00:00;5363
1/03/2024;A;8:00:00;32983
1/03/2024;B;8:00:00;5394
2/03/2024;A;8:00:00;25606
2/03/2024;B;8:00:00;4108
3/03/2024;A;8:00:00;11061
3/03/2024;B;8:00:00;1966
4/03/2024;A;8:00:00;31695
4/03/2024;B;8:00:00;5227
5/03/2024;A;8:00:00;32787
5/03/2024;B;8:00:00;5534
6/03/2024;A;8:00:00;32341
6/03/2024;B;8:00:00;5375
7/03/2024;A;8:00:00;32075
7/03/2024;B;8:00:00;5441
8/03/2024;A;8:00:00;32047
8/03/2024;B;8:00:00;5253
9/03/2024;A;8:00:00;24893
9/03/2024;B;8:00:00;4092
10/03/2024;A;8:00:00;10600
10/03/2024;B;8:00:00;1752
11/03/2024;A;8:00:00;31926
11/03/2024;B;8:00:00;5151
12/03/2024;A;8:00:00;32228
12/03/2024;B;8:00:00;5210
13/03/2024;A;8:00:00;32264
13/03/2024;B;8:00:00;5348
14/03/2024;A;8:00:00;31825
14/03/2024;B;8:00:00;5237
15/03/2024;A;8:00:00;31525
15/03/2024;B;8:00:00;5168
16/03/2024;A;8:00:00;25302
16/03/2024;B;8:00:00;4105
17/03/2024;A;8:00:00;11122
17/03/2024;B;8:00:00;1840
18/03/2024;A;8:00:00;32467
18/03/2024;B;8:00:00;5188
19/03/2024;A;8:00:00;32721
19/03/2024;B;8:00:00;5319
20/03/2024;A;8:00:00;32620
20/03/2024;B;8:00:00;5106
21/03/2024;A;8:00:00;32333
21/03/2024;B;8:00:00;5300
22/03/2024;A;8:00:00;32537
22/03/2024;B;8:00:00;5003
23/03/2024;A;8:00:00;24998
23/03/2024;B;8:00:00;4222
24/03/2024;A;8:00:00;11152
24/03/2024;B;8:00:00;1848
25/03/2024;A;8:00:00;9689
25/03/2024;B;8:00:00;1834
26/03/2024;A;8:00:00;25839
26/03/2024;B;8:00:00;4190
27/03/2024;A;8:00:00;23858
27/03/2024;B;8:00:00;3789
28/03/2024;A;8:00:00;10317
28/03/2024;B;8:00:00;1665
29/03/2024;A;8:00:00;7756
29/03/2024;B;8:00:00;1534
30/03/2024;A;8:00:00;15407
30/03/2024;B;8:00:00;2481
31/03/2024;A;8:00:00;8745
31/03/2024;B;8:00:00;1350
1/04/2024;A;8:00:00;30673
1/04/2024;B;8:00:00;4836
2/04/2024;A;8:00:00;32289
2/04/2024;B;8:00:00;5254
3/04/2024;A;8:00:00;32786
3/04/2024;B;8:00:00;5040
4/04/2024;A;8:00:00;32402
4/04/2024;B;8:00:00;5273
5/04/2024;A;8:00:00;32139
5/04/2024;B;8:00:00;5097
6/04/2024;A;8:00:00;25269
6/04/2024;B;8:00:00;4068
7/04/2024;A;8:00:00;10325
7/04/2024;B;8:00:00;1713
8/04/2024;A;8:00:00;31576
8/04/2024;B;8:00:00;5035
9/04/2024;A;8:00:00;32317
9/04/2024;B;8:00:00;5220
10/04/2024;A;8:00:00;32005
10/04/2024;B;8:00:00;5185
11/04/2024;A;8:00:00;31108
11/04/2024;B;8:00:00;5115
12/04/2024;A;8:00:00;31535
12/04/2024;B;8:00:00;5143
13/04/2024;A;8:00:00;24517
13/04/2024;B;8:00:00;4125
14/04/2024;A;8:00:00;10731
14/04/2024;B;8:00:00;1837
15/04/2024;A;8:00:00;31547
15/04/2024;B;8:00:00;4942
16/04/2024;A;8:00:00;32558
16/04/2024;B;8:00:00;5228
17/04/2024;A;8:00:00;32387
17/04/2024;B;8:00:00;5250
18/04/2024;A;8:00:00;32860
18/04/2024;B;8:00:00;5187
19/04/2024;A;8:00:00;30850
19/04/2024;B;8:00:00;4920
20/04/2024;A;8:00:00;24879
20/04/2024;B;8:00:00;4176
21/04/2024;A;8:00:00;12049
21/04/2024;B;8:00:00;1874
22/04/2024;A;8:00:00;32321
22/04/2024;B;8:00:00;5090
23/04/2024;A;8:00:00;32508
23/04/2024;B;8:00:00;5313
24/04/2024;A;8:00:00;32881
24/04/2024;B;8:00:00;5305
25/04/2024;A;8:00:00;31468
25/04/2024;B;8:00:00;5071
26/04/2024;A;8:00:00;31846
26/04/2024;B;8:00:00;5201
27/04/2024;A;8:00:00;25070
27/04/2024;B;8:00:00;4042
28/04/2024;A;8:00:00;10073
28/04/2024;B;8:00:00;1782
29/04/2024;A;8:00:00;31150
29/04/2024;B;8:00:00;5120
30/04/2024;A;8:00:00;33476
30/04/2024;B;8:00:00;5303
1/05/2024;A;8:00:00;11844
1/05/2024;B;8:00:00;2001
2/05/2024;A;8:00:00;33849
2/05/2024;B;8:00:00;5442
3/05/2024;A;8:00:00;32675
3/05/2024;B;8:00:00;5480
4/05/2024;A;8:00:00;25366
4/05/2024;B;8:00:00;3899
5/05/2024;A;8:00:00;10918
5/05/2024;B;8:00:00;1830
6/05/2024;A;8:00:00;32066
6/05/2024;B;8:00:00;5250
7/05/2024;A;8:00:00;32573
7/05/2024;B;8:00:00;5105
8/05/2024;A;8:00:00;33290
8/05/2024;B;8:00:00;5265
9/05/2024;A;8:00:00;32899
9/05/2024;B;8:00:00;5360
10/05/2024;A;8:00:00;32770
10/05/2024;B;8:00:00;5371
11/05/2024;A;8:00:00;25686
11/05/2024;B;8:00:00;4098
12/05/2024;A;8:00:00;10002
12/05/2024;B;8:00:00;1628
13/05/2024;A;8:00:00;8186
13/05/2024;B;8:00:00;1433
14/05/2024;A;8:00:00;33566
14/05/2024;B;8:00:00;5302
15/05/2024;A;8:00:00;34947
15/05/2024;B;8:00:00;5588
16/05/2024;A;8:00:00;32738
16/05/2024;B;8:00:00;5300
17/05/2024;A;8:00:00;32315
17/05/2024;B;8:00:00;5265
18/05/2024;A;8:00:00;25277
18/05/2024;B;8:00:00;4392
19/05/2024;A;8:00:00;10781
19/05/2024;B;8:00:00;1826
20/05/2024;A;8:00:00;31408
20/05/2024;B;8:00:00;4900
21/05/2024;A;8:00:00;36456
21/05/2024;B;8:00:00;6407
22/05/2024;A;8:00:00;32581
22/05/2024;B;8:00:00;5211
23/05/2024;A;8:00:00;32679
23/05/2024;B;8:00:00;5189
24/05/2024;A;8:00:00;31728
24/05/2024;B;8:00:00;5067
25/05/2024;A;8:00:00;24554
25/05/2024;B;8:00:00;3975
26/05/2024;A;8:00:00;10242
26/05/2024;B;8:00:00;1812
27/05/2024;A;8:00:00;32661
27/05/2024;B;8:00:00;5155
28/05/2024;A;8:00:00;32336
28/05/2024;B;8:00:00;5190
29/05/2024;A;8:00:00;30274
29/05/2024;B;8:00:00;4828
30/05/2024;A;8:00:00;31144
30/05/2024;B;8:00:00;4904
31/05/2024;A;8:00:00;33272
31/05/2024;B;8:00:00;5097
1/06/2024;A;8:00:00;25189
1/06/2024;B;8:00:00;4063
2/06/2024;A;8:00:00;11325
2/06/2024;B;8:00:00;1980
3/06/2024;A;8:00:00;9151
3/06/2024;B;8:00:00;1626
4/06/2024;A;8:00:00;33395
4/06/2024;B;8:00:00;5980
5/06/2024;A;8:00:00;32356
5/06/2024;B;8:00:00;4997
6/06/2024;A;8:00:00;31979
6/06/2024;B;8:00:00;5029
7/06/2024;A;8:00:00;31542
7/06/2024;B;8:00:00;4915
8/06/2024;A;8:00:00;25376
8/06/2024;B;8:00:00;3898
9/06/2024;A;8:00:00;11238
9/06/2024;B;8:00:00;1865
10/06/2024;A;8:00:00;8863
10/06/2024;B;8:00:00;1568
11/06/2024;A;8:00:00;32798
11/06/2024;B;8:00:00;5037
12/06/2024;A;8:00:00;31941
12/06/2024;B;8:00:00;4826
13/06/2024;A;8:00:00;32525
13/06/2024;B;8:00:00;5017
14/06/2024;A;8:00:00;30869
14/06/2024;B;8:00:00;4862
15/06/2024;A;8:00:00;25340
15/06/2024;B;8:00:00;4018
16/06/2024;A;8:00:00;10577
16/06/2024;B;8:00:00;1805
17/06/2024;A;8:00:00;30334
17/06/2024;B;8:00:00;4745
18/06/2024;A;8:00:00;31566
18/06/2024;B;8:00:00;4973
19/06/2024;A;8:00:00;30513
19/06/2024;B;8:00:00;4835
20/06/2024;A;8:00:00;32237
20/06/2024;B;8:00:00;5011
21/06/2024;A;8:00:00;31248
21/06/2024;B;8:00:00;5006
22/06/2024;A;8:00:00;24482
22/06/2024;B;8:00:00;3974
23/06/2024;A;8:00:00;10727
23/06/2024;B;8:00:00;1911
24/06/2024;A;8:00:00;29962
24/06/2024;B;8:00:00;4730
25/06/2024;A;8:00:00;31246
25/06/2024;B;8:00:00;4846
26/06/2024;A;8:00:00;32352
26/06/2024;B;8:00:00;4885
27/06/2024;A;8:00:00;32028
27/06/2024;B;8:00:00;4802
28/06/2024;A;8:00:00;32460
28/06/2024;B;8:00:00;5022
29/06/2024;A;8:00:00;25049
29/06/2024;B;8:00:00;3953
30/06/2024;A;8:00:00;12350
30/06/2024;B;8:00:00;2270
1/07/2024;A;8:00:00;9376
1/07/2024;B;8:00:00;1771
2/07/2024;A;8:00:00;32334
2/07/2024;B;8:00:00;4957
3/07/2024;A;8:00:00;31992
3/07/2024;B;8:00:00;4898
4/07/2024;A;8:00:00;31568
4/07/2024;B;8:00:00;4811
5/07/2024;A;8:00:00;32422
5/07/2024;B;8:00:00;5035
6/07/2024;A;8:00:00;25516
6/07/2024;B;8:00:00;3996
7/07/2024;A;8:00:00;10886
7/07/2024;B;8:00:00;1784
8/07/2024;A;8:00:00;32141
8/07/2024;B;8:00:00;4786
9/07/2024;A;8:00:00;31855
9/07/2024;B;8:00:00;4823
10/07/2024;A;8:00:00;32175
10/07/2024;B;8:00:00;4773
11/07/2024;A;8:00:00;31370
11/07/2024;B;8:00:00;4736
12/07/2024;A;8:00:00;32438
12/07/2024;B;8:00:00;4785
13/07/2024;A;8:00:00;26077
13/07/2024;B;8:00:00;4181
14/07/2024;A;8:00:00;10859
14/07/2024;B;8:00:00;1880
15/07/2024;A;8:00:00;31106
15/07/2024;B;8:00:00;4651
16/07/2024;A;8:00:00;33050
16/07/2024;B;8:00:00;5125
17/07/2024;A;8:00:00;33033
17/07/2024;B;8:00:00;4938
18/07/2024;A;8:00:00;33163
18/07/2024;B;8:00:00;5024
19/07/2024;A;8:00:00;31590
19/07/2024;B;8:00:00;5165
20/07/2024;A;8:00:00;16240
20/07/2024;B;8:00:00;2821
21/07/2024;A;8:00:00;10100
21/07/2024;B;8:00:00;1935
22/07/2024;A;8:00:00;31452
22/07/2024;B;8:00:00;4768
23/07/2024;A;8:00:00;32566
23/07/2024;B;8:00:00;5369
24/07/2024;A;8:00:00;32383
24/07/2024;B;8:00:00;5148
25/07/2024;A;8:00:00;32335
25/07/2024;B;8:00:00;5182
26/07/2024;A;8:00:00;31511
26/07/2024;B;8:00:00;5010
27/07/2024;A;8:00:00;24904
27/07/2024;B;8:00:00;4101
28/07/2024;A;8:00:00;10647
28/07/2024;B;8:00:00;1912
29/07/2024;A;8:00:00;30956
29/07/2024;B;8:00:00;4865
30/07/2024;A;8:00:00;32141
30/07/2024;B;8:00:00;5245
31/07/2024;A;8:00:00;33445
31/07/2024;B;8:00:00;5363
1/08/2024;A;8:00:00;32139
1/08/2024;B;8:00:00;5267
2/08/2024;A;8:00:00;32568
2/08/2024;B;8:00:00;5460
3/08/2024;A;8:00:00;25879
3/08/2024;B;8:00:00;4328
4/08/2024;A;8:00:00;11764
4/08/2024;B;8:00:00;2043
5/08/2024;A;8:00:00;37166
5/08/2024;B;8:00:00;5400
6/08/2024;A;8:00:00;35225
6/08/2024;B;8:00:00;5769
7/08/2024;A;8:00:00;12325
7/08/2024;B;8:00:00;2112
8/08/2024;A;8:00:00;34134
8/08/2024;B;8:00:00;5464
9/08/2024;A;8:00:00;31481
9/08/2024;B;8:00:00;5182
10/08/2024;A;8:00:00;27559
10/08/2024;B;8:00:00;4636
11/08/2024;A;8:00:00;11433
11/08/2024;B;8:00:00;2078
12/08/2024;A;8:00:00;32912
12/08/2024;B;8:00:00;5237
13/08/2024;A;8:00:00;34054
13/08/2024;B;8:00:00;5494
14/08/2024;A;8:00:00;33408
14/08/2024;B;8:00:00;5436
15/08/2024;A;8:00:00;33264
15/08/2024;B;8:00:00;5342
16/08/2024;A;8:00:00;34170
16/08/2024;B;8:00:00;5377
17/08/2024;A;8:00:00;25582
17/08/2024;B;8:00:00;4188
18/08/2024;A;8:00:00;12106
18/08/2024;B;8:00:00;2283
19/08/2024;A;8:00:00;9526
19/08/2024;B;8:00:00;1828
20/08/2024;A;8:00:00;35322
20/08/2024;B;8:00:00;5369
21/08/2024;A;8:00:00;34358
21/08/2024;B;8:00:00;5512
22/08/2024;A;8:00:00;33673
22/08/2024;B;8:00:00;5395
23/08/2024;A;8:00:00;33427
23/08/2024;B;8:00:00;5461
24/08/2024;A;8:00:00;25851
24/08/2024;B;8:00:00;4207
25/08/2024;A;8:00:00;10652
25/08/2024;B;8:00:00;1764
26/08/2024;A;8:00:00;32417
26/08/2024;B;8:00:00;5822
27/08/2024;A;8:00:00;33793
27/08/2024;B;8:00:00;5965
28/08/2024;A;8:00:00;33130
28/08/2024;B;8:00:00;5892
29/08/2024;A;8:00:00;33508
29/08/2024;B;8:00:00;6095
30/08/2024;A;8:00:00;33256
30/08/2024;B;8:00:00;5815
31/08/2024;A;8:00:00;26669
31/08/2024;B;8:00:00;4792
1/09/2024;A;8:00:00;12108
1/09/2024;B;8:00:00;1891
2/09/2024;A;8:00:00;33531
2/09/2024;B;8:00:00;5227
3/09/2024;A;8:00:00;35384
3/09/2024;B;8:00:00;5610
4/09/2024;A;8:00:00;34384
4/09/2024;B;8:00:00;5346
5/09/2024;A;8:00:00;32758
5/09/2024;B;8:00:00;5485
6/09/2024;A;8:00:00;30886
6/09/2024;B;8:00:00;4965
7/09/2024;A;8:00:00;25477
7/09/2024;B;8:00:00;4121
8/09/2024;A;8:00:00;10740
8/09/2024;B;8:00:00;1788
9/09/2024;A;8:00:00;32743
9/09/2024;B;8:00:00;5125
10/09/2024;A;8:00:00;33891
10/09/2024;B;8:00:00;5262
11/09/2024;A;8:00:00;32980
11/09/2024;B;8:00:00;5170
12/09/2024;A;8:00:00;34237
12/09/2024;B;8:00:00;5251
13/09/2024;A;8:00:00;33688
13/09/2024;B;8:00:00;5262
14/09/2024;A;8:00:00;26036
14/09/2024;B;8:00:00;4214
15/09/2024;A;8:00:00;11204
15/09/2024;B;8:00:00;1963
16/09/2024;A;8:00:00;32789
16/09/2024;B;8:00:00;5047
17/09/2024;A;8:00:00;36073
17/09/2024;B;8:00:00;5336
18/09/2024;A;8:00:00;34002
18/09/2024;B;8:00:00;5168
19/09/2024;A;8:00:00;33481
19/09/2024;B;8:00:00;5514
20/09/2024;A;8:00:00;32971
20/09/2024;B;8:00:00;5341
21/09/2024;A;8:00:00;25826
21/09/2024;B;8:00:00;4363
22/09/2024;A;8:00:00;10350
22/09/2024;B;8:00:00;1755
23/09/2024;A;8:00:00;33070
23/09/2024;B;8:00:00;5055
24/09/2024;A;8:00:00;33441
24/09/2024;B;8:00:00;5364
25/09/2024;A;8:00:00;33307
25/09/2024;B;8:00:00;5296
26/09/2024;A;8:00:00;33241
26/09/2024;B;8:00:00;5111
27/09/2024;A;8:00:00;32151
27/09/2024;B;8:00:00;5111
28/09/2024;A;8:00:00;25628
28/09/2024;B;8:00:00;4189
29/09/2024;A;8:00:00;11417
29/09/2024;B;8:00:00;1866
30/09/2024;A;8:00:00;32583
30/09/2024;B;8:00:00;4925
1/10/2024;A;8:00:00;34073
1/10/2024;B;8:00:00;5233
2/10/2024;A;8:00:00;33315
2/10/2024;B;8:00:00;5100
3/10/2024;A;8:00:00;33677
3/10/2024;B;8:00:00;5355
4/10/2024;A;8:00:00;32600
4/10/2024;B;8:00:00;5093
5/10/2024;A;8:00:00;26697
5/10/2024;B;8:00:00;4338
6/10/2024;A;8:00:00;11336
6/10/2024;B;8:00:00;1904
7/10/2024;A;8:00:00;31914
7/10/2024;B;8:00:00;5019
8/10/2024;A;8:00:00;33728
8/10/2024;B;8:00:00;5306
9/10/2024;A;8:00:00;33490
9/10/2024;B;8:00:00;5255
10/10/2024;A;8:00:00;34304
10/10/2024;B;8:00:00;5341
11/10/2024;A;8:00:00;32164
11/10/2024;B;8:00:00;4904
12/10/2024;A;8:00:00;24557
12/10/2024;B;8:00:00;3951
13/10/2024;A;8:00:00;11307
13/10/2024;B;8:00:00;2072
14/10/2024;A;8:00:00;8845
14/10/2024;B;8:00:00;1699
15/10/2024;A;8:00:00;34844
15/10/2024;B;8:00:00;5274
16/10/2024;A;8:00:00;35110
16/10/2024;B;8:00:00;5463
17/10/2024;A;8:00:00;35259
17/10/2024;B;8:00:00;5431
18/10/2024;A;8:00:00;34101
18/10/2024;B;8:00:00;5386
19/10/2024;A;8:00:00;26965
19/10/2024;B;8:00:00;4379
20/10/2024;A;8:00:00;11082
20/10/2024;B;8:00:00;1887
21/10/2024;A;8:00:00;33235
21/10/2024;B;8:00:00;5209
22/10/2024;A;8:00:00;33697
22/10/2024;B;8:00:00;5387
23/10/2024;A;8:00:00;33660
23/10/2024;B;8:00:00;5729
24/10/2024;A;8:00:00;33903
24/10/2024;B;8:00:00;5345
25/10/2024;A;8:00:00;33035
25/10/2024;B;8:00:00;5301
26/10/2024;A;8:00:00;26203
26/10/2024;B;8:00:00;4252
27/10/2024;A;8:00:00;11011
27/10/2024;B;8:00:00;2000
28/10/2024;A;8:00:00;34796
28/10/2024;B;8:00:00;5260
29/10/2024;A;8:00:00;35277
29/10/2024;B;8:00:00;5422
30/10/2024;A;8:00:00;33726
30/10/2024;B;8:00:00;5400
31/10/2024;A;8:00:00;33371
31/10/2024;B;8:00:00;5360
1/01/2019;A;9:00:00;5338
2/01/2019;A;9:00:00;20159
3/01/2019;A;9:00:00;23230
4/01/2019;A;9:00:00;24332
5/01/2019;A;9:00:00;19891
6/01/2019;A;9:00:00;13928
7/01/2019;A;9:00:00;10617
8/01/2019;A;9:00:00;25849
9/01/2019;A;9:00:00;25513
10/01/2019;A;9:00:00;25785
11/01/2019;A;9:00:00;25331
12/01/2019;A;9:00:00;21243
13/01/2019;A;9:00:00;12196
14/01/2019;A;9:00:00;26886
15/01/2019;A;9:00:00;27069
16/01/2019;A;9:00:00;27383
17/01/2019;A;9:00:00;26192
18/01/2019;A;9:00:00;27177
19/01/2019;A;9:00:00;23159
20/01/2019;A;9:00:00;13965
21/01/2019;A;9:00:00;28953
22/01/2019;A;9:00:00;29030
23/01/2019;A;9:00:00;28025
24/01/2019;A;9:00:00;27805
25/01/2019;A;9:00:00;28472
26/01/2019;A;9:00:00;23433
27/01/2019;A;9:00:00;13314
28/01/2019;A;9:00:00;28319
29/01/2019;A;9:00:00;28773
30/01/2019;A;9:00:00;28328
31/01/2019;A;9:00:00;28269
1/02/2019;A;9:00:00;29423
2/02/2019;A;9:00:00;24222
3/02/2019;A;9:00:00;13855
4/02/2019;A;9:00:00;30060
5/02/2019;A;9:00:00;29646
6/02/2019;A;9:00:00;29800
7/02/2019;A;9:00:00;29213
8/02/2019;A;9:00:00;29967
9/02/2019;A;9:00:00;23533
10/02/2019;A;9:00:00;12538
11/02/2019;A;9:00:00;29762
12/02/2019;A;9:00:00;35152
13/02/2019;A;9:00:00;29713
14/02/2019;A;9:00:00;30528
15/02/2019;A;9:00:00;33727
16/02/2019;A;9:00:00;345
17/02/2019;A;9:00:00;14874
18/02/2019;A;9:00:00;31157
19/02/2019;A;9:00:00;30667
20/02/2019;A;9:00:00;30211
21/02/2019;A;9:00:00;30321
22/02/2019;A;9:00:00;30788
23/02/2019;A;9:00:00;24549
24/02/2019;A;9:00:00;13114
25/02/2019;A;9:00:00;29820
26/02/2019;A;9:00:00;30271
27/02/2019;A;9:00:00;29930
28/02/2019;A;9:00:00;30753
1/03/2019;A;9:00:00;31264
2/03/2019;A;9:00:00;25682
3/03/2019;A;9:00:00;14000
4/03/2019;A;9:00:00;7761
5/03/2019;A;9:00:00;30962
6/03/2019;A;9:00:00;31841
7/03/2019;A;9:00:00;31708
8/03/2019;A;9:00:00;3678
9/03/2019;A;9:00:00;24650
10/03/2019;A;9:00:00;13106
11/03/2019;A;9:00:00;29848
12/03/2019;A;9:00:00;30196
13/03/2019;A;9:00:00;26027
14/03/2019;A;9:00:00;29520
15/03/2019;A;9:00:00;29280
16/03/2019;A;9:00:00;27333
17/03/2019;A;9:00:00;13668
18/03/2019;A;9:00:00;31459
19/03/2019;A;9:00:00;32170
20/03/2019;A;9:00:00;31726
21/03/2019;A;9:00:00;29536
22/03/2019;A;9:00:00;30381
23/03/2019;A;9:00:00;24773
24/03/2019;A;9:00:00;13896
25/03/2019;A;9:00:00;10083
26/03/2019;A;9:00:00;30961
27/03/2019;A;9:00:00;30016
28/03/2019;A;9:00:00;29621
29/03/2019;A;9:00:00;31115
30/03/2019;A;9:00:00;26083
31/03/2019;A;9:00:00;13729
1/04/2019;A;9:00:00;30668
2/04/2019;A;9:00:00;
3/04/2019;A;9:00:00;30423
4/04/2019;A;9:00:00;30035
5/04/2019;A;9:00:00;30552
6/04/2019;A;9:00:00;24743
7/04/2019;A;9:00:00;13510
8/04/2019;A;9:00:00;29874
9/04/2019;A;9:00:00;30454
10/04/2019;A;9:00:00;30005
11/04/2019;A;9:00:00;30299
12/04/2019;A;9:00:00;30990
13/04/2019;A;9:00:00;24905
14/04/2019;A;9:00:00;13313
15/04/2019;A;9:00:00;26167
16/04/2019;A;9:00:00;26950
17/04/2019;A;9:00:00;25412
18/04/2019;A;9:00:00;13179
19/04/2019;A;9:00:00;10915
20/04/2019;A;9:00:00;17852
21/04/2019;A;9:00:00;11518
22/04/2019;A;9:00:00;28895
23/04/2019;A;9:00:00;35310
24/04/2019;A;9:00:00;29535
25/04/2019;A;9:00:00;254
26/04/2019;A;9:00:00;24114
27/04/2019;A;9:00:00;26059
28/04/2019;A;9:00:00;14037
29/04/2019;A;9:00:00;29428
30/04/2019;A;9:00:00;34581
1/05/2019;A;9:00:00;14202
2/05/2019;A;9:00:00;31555
3/05/2019;A;9:00:00;31394
4/05/2019;A;9:00:00;26087
5/05/2019;A;9:00:00;14270
6/05/2019;A;9:00:00;30853
7/05/2019;A;9:00:00;31060
8/05/2019;A;9:00:00;29543
9/05/2019;A;9:00:00;32098
10/05/2019;A;9:00:00;30542
11/05/2019;A;9:00:00;26671
12/05/2019;A;9:00:00;13394
13/05/2019;A;9:00:00;563
14/05/2019;A;9:00:00;29932
15/05/2019;A;9:00:00;29492
16/05/2019;A;9:00:00;30149
17/05/2019;A;9:00:00;22613
18/05/2019;A;9:00:00;24911
19/05/2019;A;9:00:00;13958
20/05/2019;A;9:00:00;29733
21/05/2019;A;9:00:00;29797
22/05/2019;A;9:00:00;29116
23/05/2019;A;9:00:00;32112
24/05/2019;A;9:00:00;30374
25/05/2019;A;9:00:00;24294
26/05/2019;A;9:00:00;13079
27/05/2019;A;9:00:00;29014
28/05/2019;A;9:00:00;29173
29/05/2019;A;9:00:00;29120
30/05/2019;A;9:00:00;28679
31/05/2019;A;9:00:00;28750
1/06/2019;A;9:00:00;24981
2/06/2019;A;9:00:00;14331
3/06/2019;A;9:00:00;10850
4/06/2019;A;9:00:00;30447
5/06/2019;A;9:00:00;29989
6/06/2019;A;9:00:00;30058
7/06/2019;A;9:00:00;28940
8/06/2019;A;9:00:00;24551
9/06/2019;A;9:00:00;13811
10/06/2019;A;9:00:00;29013
11/06/2019;A;9:00:00;29314
12/06/2019;A;9:00:00;28987
13/06/2019;A;9:00:00;28891
14/06/2019;A;9:00:00;30812
15/06/2019;A;9:00:00;26578
16/06/2019;A;9:00:00;14445
17/06/2019;A;9:00:00;29138
18/06/2019;A;9:00:00;29878
19/06/2019;A;9:00:00;29917
20/06/2019;A;9:00:00;29680
21/06/2019;A;9:00:00;29773
22/06/2019;A;9:00:00;25432
23/06/2019;A;9:00:00;15759
24/06/2019;A;9:00:00;11249
25/06/2019;A;9:00:00;29420
26/06/2019;A;9:00:00;28806
27/06/2019;A;9:00:00;28593
28/06/2019;A;9:00:00;28648
29/06/2019;A;9:00:00;24633
30/06/2019;A;9:00:00;17870
1/07/2019;A;9:00:00;12151
2/07/2019;A;9:00:00;29898
3/07/2019;A;9:00:00;29132
4/07/2019;A;9:00:00;28765
5/07/2019;A;9:00:00;29243
6/07/2019;A;9:00:00;25525
7/07/2019;A;9:00:00;14685
8/07/2019;A;9:00:00;30680
9/07/2019;A;9:00:00;29259
10/07/2019;A;9:00:00;32892
11/07/2019;A;9:00:00;28284
12/07/2019;A;9:00:00;29273
13/07/2019;A;9:00:00;26397
14/07/2019;A;9:00:00;14002
15/07/2019;A;9:00:00;28510
16/07/2019;A;9:00:00;30045
17/07/2019;A;9:00:00;
18/07/2019;A;9:00:00;29773
19/07/2019;A;9:00:00;29994
20/07/2019;A;9:00:00;19148
21/07/2019;A;9:00:00;14367
22/07/2019;A;9:00:00;29766
23/07/2019;A;9:00:00;29996
24/07/2019;A;9:00:00;37999
25/07/2019;A;9:00:00;29120
26/07/2019;A;9:00:00;29333
27/07/2019;A;9:00:00;24941
28/07/2019;A;9:00:00;15049
29/07/2019;A;9:00:00;30198
30/07/2019;A;9:00:00;30283
31/07/2019;A;9:00:00;29489
1/08/2019;A;9:00:00;30481
2/08/2019;A;9:00:00;30415
3/08/2019;A;9:00:00;26428
4/08/2019;A;9:00:00;15039
5/08/2019;A;9:00:00;31550
6/08/2019;A;9:00:00;32701
7/08/2019;A;9:00:00;14822
8/08/2019;A;9:00:00;32575
9/08/2019;A;9:00:00;32980
10/08/2019;A;9:00:00;32198
11/08/2019;A;9:00:00;18319
12/08/2019;A;9:00:00;31328
13/08/2019;A;9:00:00;31159
14/08/2019;A;9:00:00;31423
15/08/2019;A;9:00:00;30646
16/08/2019;A;9:00:00;31184
17/08/2019;A;9:00:00;25851
18/08/2019;A;9:00:00;15088
19/08/2019;A;9:00:00;11325
20/08/2019;A;9:00:00;32584
21/08/2019;A;9:00:00;18627
22/08/2019;A;9:00:00;30926
23/08/2019;A;9:00:00;31593
24/08/2019;A;9:00:00;25467
25/08/2019;A;9:00:00;13689
26/08/2019;A;9:00:00;30260
27/08/2019;A;9:00:00;30942
28/08/2019;A;9:00:00;31017
29/08/2019;A;9:00:00;30823
30/08/2019;A;9:00:00;31078
31/08/2019;A;9:00:00;26682
1/09/2019;A;9:00:00;14884
2/09/2019;A;9:00:00;31212
3/09/2019;A;9:00:00;31821
4/09/2019;A;9:00:00;23024
5/09/2019;A;9:00:00;20099
6/09/2019;A;9:00:00;32021
7/09/2019;A;9:00:00;26311
8/09/2019;A;9:00:00;15198
9/09/2019;A;9:00:00;30581
10/09/2019;A;9:00:00;31526
11/09/2019;A;9:00:00;30934
12/09/2019;A;9:00:00;31198
13/09/2019;A;9:00:00;31451
14/09/2019;A;9:00:00;25987
15/09/2019;A;9:00:00;14448
16/09/2019;A;9:00:00;30827
17/09/2019;A;9:00:00;31422
18/09/2019;A;9:00:00;29756
19/09/2019;A;9:00:00;30505
20/09/2019;A;9:00:00;31157
21/09/2019;A;9:00:00;25821
22/09/2019;A;9:00:00;13272
23/09/2019;A;9:00:00;30212
24/09/2019;A;9:00:00;29670
25/09/2019;A;9:00:00;30318
26/09/2019;A;9:00:00;29884
27/09/2019;A;9:00:00;30777
28/09/2019;A;9:00:00;26588
29/09/2019;A;9:00:00;13745
30/09/2019;A;9:00:00;30363
1/10/2019;A;9:00:00;32050
2/10/2019;A;9:00:00;31114
3/10/2019;A;9:00:00;30507
4/10/2019;A;9:00:00;31571
5/10/2019;A;9:00:00;26748
6/10/2019;A;9:00:00;15179
7/10/2019;A;9:00:00;31158
8/10/2019;A;9:00:00;32470
9/10/2019;A;9:00:00;31952
10/10/2019;A;9:00:00;31227
11/10/2019;A;9:00:00;32150
12/10/2019;A;9:00:00;25745
13/10/2019;A;9:00:00;14663
14/10/2019;A;9:00:00;10647
15/10/2019;A;9:00:00;32245
16/10/2019;A;9:00:00;31261
17/10/2019;A;9:00:00;31923
18/10/2019;A;9:00:00;31160
19/10/2019;A;9:00:00;60531
20/10/2019;A;9:00:00;14012
21/10/2019;A;9:00:00;30851
22/10/2019;A;9:00:00;31196
23/10/2019;A;9:00:00;905
24/10/2019;A;9:00:00;29634
25/10/2019;A;9:00:00;31642
26/10/2019;A;9:00:00;26499
27/10/2019;A;9:00:00;212
28/10/2019;A;9:00:00;29803
29/10/2019;A;9:00:00;30524
30/10/2019;A;9:00:00;29798
31/10/2019;A;9:00:00;30224
1/11/2019;A;9:00:00;30666
2/11/2019;A;9:00:00;26950
3/11/2019;A;9:00:00;15090
4/11/2019;A;9:00:00;11089
5/11/2019;A;9:00:00;32308
6/11/2019;A;9:00:00;31189
7/11/2019;A;9:00:00;31429
8/11/2019;A;9:00:00;31897
9/11/2019;A;9:00:00;26628
10/11/2019;A;9:00:00;14832
11/11/2019;A;9:00:00;11303
12/11/2019;A;9:00:00;33113
13/11/2019;A;9:00:00;31818
14/11/2019;A;9:00:00;31521
15/11/2019;A;9:00:00;32556
16/11/2019;A;9:00:00;28393
17/11/2019;A;9:00:00;15163
18/11/2019;A;9:00:00;32413
19/11/2019;A;9:00:00;33070
20/11/2019;A;9:00:00;
21/11/2019;A;9:00:00;41702
22/11/2019;A;9:00:00;33144
23/11/2019;A;9:00:00;27766
24/11/2019;A;9:00:00;16234
25/11/2019;A;9:00:00;32883
26/11/2019;A;9:00:00;33267
27/11/2019;A;9:00:00;32727
28/11/2019;A;9:00:00;33107
29/11/2019;A;9:00:00;34414
30/11/2019;A;9:00:00;29291
1/12/2019;A;9:00:00;16559
2/12/2019;A;9:00:00;32280
3/12/2019;A;9:00:00;33043
4/12/2019;A;9:00:00;33702
5/12/2019;A;9:00:00;34282
6/12/2019;A;9:00:00;34561
7/12/2019;A;9:00:00;29111
8/12/2019;A;9:00:00;16069
9/12/2019;A;9:00:00;32389
10/12/2019;A;9:00:00;33962
11/12/2019;A;9:00:00;32318
12/12/2019;A;9:00:00;32601
13/12/2019;A;9:00:00;32854
14/12/2019;A;9:00:00;30451
15/12/2019;A;9:00:00;20293
16/12/2019;A;9:00:00;33552
17/12/2019;A;9:00:00;33054
18/12/2019;A;9:00:00;33348
19/12/2019;A;9:00:00;33022
20/12/2019;A;9:00:00;34214
21/12/2019;A;9:00:00;30673
22/12/2019;A;9:00:00;22307
23/12/2019;A;9:00:00;36336
24/12/2019;A;9:00:00;25481
25/12/2019;A;9:00:00;7079
26/12/2019;A;9:00:00;26422
27/12/2019;A;9:00:00;28029
28/12/2019;A;9:00:00;23510
29/12/2019;A;9:00:00;16040
30/12/2019;A;9:00:00;26969
31/12/2019;A;9:00:00;19146
1/01/2019;B;9:00:00;953
2/01/2019;B;9:00:00;3553
3/01/2019;B;9:00:00;4219
4/01/2019;B;9:00:00;4336
5/01/2019;B;9:00:00;3821
6/01/2019;B;9:00:00;2943
7/01/2019;B;9:00:00;2351
8/01/2019;B;9:00:00;4626
9/01/2019;B;9:00:00;4343
10/01/2019;B;9:00:00;4489
11/01/2019;B;9:00:00;4351
12/01/2019;B;9:00:00;3812
13/01/2019;B;9:00:00;2454
14/01/2019;B;9:00:00;4531
15/01/2019;B;9:00:00;4226
16/01/2019;B;9:00:00;4502
17/01/2019;B;9:00:00;4292
18/01/2019;B;9:00:00;4416
19/01/2019;B;9:00:00;4562
20/01/2019;B;9:00:00;2677
21/01/2019;B;9:00:00;4562
22/01/2019;B;9:00:00;4706
23/01/2019;B;9:00:00;4689
24/01/2019;B;9:00:00;4643
25/01/2019;B;9:00:00;4620
26/01/2019;B;9:00:00;4132
27/01/2019;B;9:00:00;2377
28/01/2019;B;9:00:00;4559
29/01/2019;B;9:00:00;4667
30/01/2019;B;9:00:00;4701
31/01/2019;B;9:00:00;4622
1/02/2019;B;9:00:00;4723
2/02/2019;B;9:00:00;4453
3/02/2019;B;9:00:00;2428
4/02/2019;B;9:00:00;4868
5/02/2019;B;9:00:00;4957
6/02/2019;B;9:00:00;4759
7/02/2019;B;9:00:00;4892
8/02/2019;B;9:00:00;4843
9/02/2019;B;9:00:00;4308
10/02/2019;B;9:00:00;2512
11/02/2019;B;9:00:00;4807
12/02/2019;B;9:00:00;5759
13/02/2019;B;9:00:00;5011
14/02/2019;B;9:00:00;4829
15/02/2019;B;9:00:00;6456
16/02/2019;B;9:00:00;
17/02/2019;B;9:00:00;2779
18/02/2019;B;9:00:00;5170
19/02/2019;B;9:00:00;5117
20/02/2019;B;9:00:00;4912
21/02/2019;B;9:00:00;5131
22/02/2019;B;9:00:00;5055
23/02/2019;B;9:00:00;4462
24/02/2019;B;9:00:00;2372
25/02/2019;B;9:00:00;5039
26/02/2019;B;9:00:00;5086
27/02/2019;B;9:00:00;5041
28/02/2019;B;9:00:00;4952
1/03/2019;B;9:00:00;5066
2/03/2019;B;9:00:00;4656
3/03/2019;B;9:00:00;2552
4/03/2019;B;9:00:00;1261
5/03/2019;B;9:00:00;5215
6/03/2019;B;9:00:00;6203
7/03/2019;B;9:00:00;5211
8/03/2019;B;9:00:00;657
9/03/2019;B;9:00:00;4374
10/03/2019;B;9:00:00;2446
11/03/2019;B;9:00:00;4863
12/03/2019;B;9:00:00;4992
13/03/2019;B;9:00:00;3941
14/03/2019;B;9:00:00;5012
15/03/2019;B;9:00:00;5018
16/03/2019;B;9:00:00;4768
17/03/2019;B;9:00:00;2478
18/03/2019;B;9:00:00;5193
19/03/2019;B;9:00:00;5341
20/03/2019;B;9:00:00;5062
21/03/2019;B;9:00:00;4868
22/03/2019;B;9:00:00;4975
23/03/2019;B;9:00:00;4417
24/03/2019;B;9:00:00;2647
25/03/2019;B;9:00:00;2007
26/03/2019;B;9:00:00;5200
27/03/2019;B;9:00:00;5213
28/03/2019;B;9:00:00;4853
29/03/2019;B;9:00:00;5209
30/03/2019;B;9:00:00;4814
31/03/2019;B;9:00:00;2560
1/04/2019;B;9:00:00;5183
2/04/2019;B;9:00:00;
3/04/2019;B;9:00:00;4960
4/04/2019;B;9:00:00;4992
5/04/2019;B;9:00:00;4934
6/04/2019;B;9:00:00;4609
7/04/2019;B;9:00:00;2819
8/04/2019;B;9:00:00;4665
9/04/2019;B;9:00:00;4935
10/04/2019;B;9:00:00;5096
11/04/2019;B;9:00:00;4934
12/04/2019;B;9:00:00;5038
13/04/2019;B;9:00:00;4357
14/04/2019;B;9:00:00;2589
15/04/2019;B;9:00:00;4715
16/04/2019;B;9:00:00;4977
17/04/2019;B;9:00:00;4706
18/04/2019;B;9:00:00;2710
19/04/2019;B;9:00:00;2629
20/04/2019;B;9:00:00;3583
21/04/2019;B;9:00:00;2236
22/04/2019;B;9:00:00;4466
23/04/2019;B;9:00:00;5877
24/04/2019;B;9:00:00;4889
25/04/2019;B;9:00:00;24
26/04/2019;B;9:00:00;4132
27/04/2019;B;9:00:00;4445
28/04/2019;B;9:00:00;2715
29/04/2019;B;9:00:00;4765
30/04/2019;B;9:00:00;5717
1/05/2019;B;9:00:00;2534
2/05/2019;B;9:00:00;5187
3/05/2019;B;9:00:00;5158
4/05/2019;B;9:00:00;4876
5/05/2019;B;9:00:00;2860
6/05/2019;B;9:00:00;4870
7/05/2019;B;9:00:00;5066
8/05/2019;B;9:00:00;5383
9/05/2019;B;9:00:00;5031
10/05/2019;B;9:00:00;5168
11/05/2019;B;9:00:00;4757
12/05/2019;B;9:00:00;2628
13/05/2019;B;9:00:00;90
14/05/2019;B;9:00:00;4909
15/05/2019;B;9:00:00;4786
16/05/2019;B;9:00:00;4990
17/05/2019;B;9:00:00;4935
18/05/2019;B;9:00:00;4663
19/05/2019;B;9:00:00;2632
20/05/2019;B;9:00:00;4877
21/05/2019;B;9:00:00;4876
22/05/2019;B;9:00:00;4819
23/05/2019;B;9:00:00;4875
24/05/2019;B;9:00:00;4919
25/05/2019;B;9:00:00;4409
26/05/2019;B;9:00:00;2545
27/05/2019;B;9:00:00;4718
28/05/2019;B;9:00:00;5304
29/05/2019;B;9:00:00;4568
30/05/2019;B;9:00:00;4644
31/05/2019;B;9:00:00;4591
1/06/2019;B;9:00:00;4277
2/06/2019;B;9:00:00;2661
3/06/2019;B;9:00:00;2043
4/06/2019;B;9:00:00;4939
5/06/2019;B;9:00:00;5028
6/06/2019;B;9:00:00;4752
7/06/2019;B;9:00:00;4790
8/06/2019;B;9:00:00;4220
9/06/2019;B;9:00:00;2472
10/06/2019;B;9:00:00;4706
11/06/2019;B;9:00:00;4880
12/06/2019;B;9:00:00;4847
13/06/2019;B;9:00:00;4479
14/06/2019;B;9:00:00;4962
15/06/2019;B;9:00:00;4257
16/06/2019;B;9:00:00;2355
17/06/2019;B;9:00:00;4381
18/06/2019;B;9:00:00;4996
19/06/2019;B;9:00:00;5023
20/06/2019;B;9:00:00;4635
21/06/2019;B;9:00:00;4898
22/06/2019;B;9:00:00;4473
23/06/2019;B;9:00:00;3020
24/06/2019;B;9:00:00;2284
25/06/2019;B;9:00:00;5062
26/06/2019;B;9:00:00;4855
27/06/2019;B;9:00:00;4623
28/06/2019;B;9:00:00;4626
29/06/2019;B;9:00:00;4198
30/06/2019;B;9:00:00;3378
1/07/2019;B;9:00:00;2453
2/07/2019;B;9:00:00;4800
3/07/2019;B;9:00:00;4634
4/07/2019;B;9:00:00;4669
5/07/2019;B;9:00:00;4877
6/07/2019;B;9:00:00;4565
7/07/2019;B;9:00:00;2629
8/07/2019;B;9:00:00;4396
9/07/2019;B;9:00:00;4687
10/07/2019;B;9:00:00;5118
11/07/2019;B;9:00:00;4763
12/07/2019;B;9:00:00;4719
13/07/2019;B;9:00:00;4469
14/07/2019;B;9:00:00;2578
15/07/2019;B;9:00:00;4512
16/07/2019;B;9:00:00;4884
17/07/2019;B;9:00:00;
18/07/2019;B;9:00:00;4664
19/07/2019;B;9:00:00;4979
20/07/2019;B;9:00:00;3655
21/07/2019;B;9:00:00;2777
22/07/2019;B;9:00:00;4630
23/07/2019;B;9:00:00;4937
24/07/2019;B;9:00:00;6160
25/07/2019;B;9:00:00;4765
26/07/2019;B;9:00:00;4879
27/07/2019;B;9:00:00;4198
28/07/2019;B;9:00:00;2777
29/07/2019;B;9:00:00;4827
30/07/2019;B;9:00:00;5000
31/07/2019;B;9:00:00;4784
1/08/2019;B;9:00:00;5091
2/08/2019;B;9:00:00;5068
3/08/2019;B;9:00:00;4711
4/08/2019;B;9:00:00;3025
5/08/2019;B;9:00:00;5281
6/08/2019;B;9:00:00;5487
7/08/2019;B;9:00:00;2732
8/08/2019;B;9:00:00;5573
9/08/2019;B;9:00:00;5650
10/08/2019;B;9:00:00;6130
11/08/2019;B;9:00:00;3262
12/08/2019;B;9:00:00;5231
13/08/2019;B;9:00:00;5160
14/08/2019;B;9:00:00;5006
15/08/2019;B;9:00:00;4935
16/08/2019;B;9:00:00;5036
17/08/2019;B;9:00:00;4633
18/08/2019;B;9:00:00;3045
19/08/2019;B;9:00:00;2170
20/08/2019;B;9:00:00;5340
21/08/2019;B;9:00:00;3108
22/08/2019;B;9:00:00;5051
23/08/2019;B;9:00:00;4941
24/08/2019;B;9:00:00;4566
25/08/2019;B;9:00:00;2626
26/08/2019;B;9:00:00;4806
27/08/2019;B;9:00:00;5041
28/08/2019;B;9:00:00;4982
29/08/2019;B;9:00:00;4951
30/08/2019;B;9:00:00;4924
31/08/2019;B;9:00:00;4733
1/09/2019;B;9:00:00;2633
2/09/2019;B;9:00:00;5086
3/09/2019;B;9:00:00;4996
4/09/2019;B;9:00:00;3614
5/09/2019;B;9:00:00;3476
6/09/2019;B;9:00:00;5135
7/09/2019;B;9:00:00;4792
8/09/2019;B;9:00:00;2774
9/09/2019;B;9:00:00;5052
10/09/2019;B;9:00:00;5183
11/09/2019;B;9:00:00;4904
12/09/2019;B;9:00:00;5120
13/09/2019;B;9:00:00;4992
14/09/2019;B;9:00:00;4684
15/09/2019;B;9:00:00;2975
16/09/2019;B;9:00:00;4841
17/09/2019;B;9:00:00;5069
18/09/2019;B;9:00:00;4663
19/09/2019;B;9:00:00;4846
20/09/2019;B;9:00:00;5057
21/09/2019;B;9:00:00;4797
22/09/2019;B;9:00:00;2563
23/09/2019;B;9:00:00;4807
24/09/2019;B;9:00:00;4702
25/09/2019;B;9:00:00;4947
26/09/2019;B;9:00:00;4887
27/09/2019;B;9:00:00;4989
28/09/2019;B;9:00:00;4612
29/09/2019;B;9:00:00;2639
30/09/2019;B;9:00:00;4793
1/10/2019;B;9:00:00;5091
2/10/2019;B;9:00:00;4840
3/10/2019;B;9:00:00;5008
4/10/2019;B;9:00:00;5011
5/10/2019;B;9:00:00;4664
6/10/2019;B;9:00:00;2783
7/10/2019;B;9:00:00;4895
8/10/2019;B;9:00:00;5168
9/10/2019;B;9:00:00;5139
10/10/2019;B;9:00:00;5182
11/10/2019;B;9:00:00;5129
12/10/2019;B;9:00:00;4982
13/10/2019;B;9:00:00;3084
14/10/2019;B;9:00:00;2254
15/10/2019;B;9:00:00;4951
16/10/2019;B;9:00:00;4999
17/10/2019;B;9:00:00;5117
18/10/2019;B;9:00:00;5136
19/10/2019;B;9:00:00;9726
20/10/2019;B;9:00:00;2965
21/10/2019;B;9:00:00;4875
22/10/2019;B;9:00:00;5052
23/10/2019;B;9:00:00;158
24/10/2019;B;9:00:00;4450
25/10/2019;B;9:00:00;5114
26/10/2019;B;9:00:00;4511
27/10/2019;B;9:00:00;3
28/10/2019;B;9:00:00;4705
29/10/2019;B;9:00:00;4991
30/10/2019;B;9:00:00;4602
31/10/2019;B;9:00:00;4772
1/11/2019;B;9:00:00;4887
2/11/2019;B;9:00:00;4838
3/11/2019;B;9:00:00;2769
4/11/2019;B;9:00:00;2316
5/11/2019;B;9:00:00;5198
6/11/2019;B;9:00:00;5120
7/11/2019;B;9:00:00;4996
8/11/2019;B;9:00:00;5324
9/11/2019;B;9:00:00;4546
10/11/2019;B;9:00:00;2925
11/11/2019;B;9:00:00;2203
12/11/2019;B;9:00:00;5211
13/11/2019;B;9:00:00;5157
14/11/2019;B;9:00:00;5016
15/11/2019;B;9:00:00;5296
16/11/2019;B;9:00:00;4913
17/11/2019;B;9:00:00;2788
18/11/2019;B;9:00:00;5012
19/11/2019;B;9:00:00;5280
20/11/2019;B;9:00:00;
21/11/2019;B;9:00:00;6262
22/11/2019;B;9:00:00;5209
23/11/2019;B;9:00:00;4850
24/11/2019;B;9:00:00;2823
25/11/2019;B;9:00:00;5208
26/11/2019;B;9:00:00;5239
27/11/2019;B;9:00:00;5324
28/11/2019;B;9:00:00;5378
29/11/2019;B;9:00:00;5600
30/11/2019;B;9:00:00;5018
1/12/2019;B;9:00:00;3075
2/12/2019;B;9:00:00;5290
3/12/2019;B;9:00:00;5228
4/12/2019;B;9:00:00;5548
5/12/2019;B;9:00:00;5506
6/12/2019;B;9:00:00;5467
7/12/2019;B;9:00:00;4962
8/12/2019;B;9:00:00;3264
9/12/2019;B;9:00:00;5212
10/12/2019;B;9:00:00;5547
11/12/2019;B;9:00:00;5579
12/12/2019;B;9:00:00;5176
13/12/2019;B;9:00:00;5444
14/12/2019;B;9:00:00;5413
15/12/2019;B;9:00:00;3842
16/12/2019;B;9:00:00;5380
17/12/2019;B;9:00:00;5742
18/12/2019;B;9:00:00;5343
19/12/2019;B;9:00:00;5301
20/12/2019;B;9:00:00;5513
21/12/2019;B;9:00:00;5441
22/12/2019;B;9:00:00;4079
23/12/2019;B;9:00:00;5476
24/12/2019;B;9:00:00;4604
25/12/2019;B;9:00:00;1187
26/12/2019;B;9:00:00;4152
27/12/2019;B;9:00:00;4735
28/12/2019;B;9:00:00;4103
29/12/2019;B;9:00:00;2942
30/12/2019;B;9:00:00;4486
31/12/2019;B;9:00:00;3478
1/01/2020;A;9:00:00;5152
1/01/2020;B;9:00:00;891
2/01/2020;A;9:00:00;20352
2/01/2020;B;9:00:00;3482
3/01/2020;A;9:00:00;24542
3/01/2020;B;9:00:00;4117
4/01/2020;A;9:00:00;21245
4/01/2020;B;9:00:00;3885
5/01/2020;A;9:00:00;15244
5/01/2020;B;9:00:00;3454
6/01/2020;A;9:00:00;11506
6/01/2020;B;9:00:00;2567
7/01/2020;A;9:00:00;27409
7/01/2020;B;9:00:00;4604
8/01/2020;A;9:00:00;26942
8/01/2020;B;9:00:00;4461
9/01/2020;A;9:00:00;26393
9/01/2020;B;9:00:00;4574
10/01/2020;A;9:00:00;26893
10/01/2020;B;9:00:00;4497
11/01/2020;A;9:00:00;22553
11/01/2020;B;9:00:00;3866
12/01/2020;A;9:00:00;13278
12/01/2020;B;9:00:00;2587
13/01/2020;A;9:00:00;28107
13/01/2020;B;9:00:00;4521
14/01/2020;A;9:00:00;28183
14/01/2020;B;9:00:00;4515
15/01/2020;A;9:00:00;28043
15/01/2020;B;9:00:00;4467
16/01/2020;A;9:00:00;28409
16/01/2020;B;9:00:00;4585
17/01/2020;A;9:00:00;28680
17/01/2020;B;9:00:00;4549
18/01/2020;A;9:00:00;24743
18/01/2020;B;9:00:00;4163
19/01/2020;A;9:00:00;13960
19/01/2020;B;9:00:00;2605
20/01/2020;A;9:00:00;29377
20/01/2020;B;9:00:00;4660
21/01/2020;A;9:00:00;30004
21/01/2020;B;9:00:00;4916
22/01/2020;A;9:00:00;29585
22/01/2020;B;9:00:00;4618
23/01/2020;A;9:00:00;28637
23/01/2020;B;9:00:00;4507
24/01/2020;A;9:00:00;29062
24/01/2020;B;9:00:00;4777
25/01/2020;A;9:00:00;24486
25/01/2020;B;9:00:00;4419
26/01/2020;A;9:00:00;13233
26/01/2020;B;9:00:00;2491
27/01/2020;A;9:00:00;29386
27/01/2020;B;9:00:00;4711
28/01/2020;A;9:00:00;29482
28/01/2020;B;9:00:00;4781
29/01/2020;A;9:00:00;29492
29/01/2020;B;9:00:00;4597
30/01/2020;A;9:00:00;28622
30/01/2020;B;9:00:00;4667
31/01/2020;A;9:00:00;29620
31/01/2020;B;9:00:00;4857
1/02/2020;A;9:00:00;25417
1/02/2020;B;9:00:00;4283
2/02/2020;A;9:00:00;13904
2/02/2020;B;9:00:00;2715
3/02/2020;A;9:00:00;31737
3/02/2020;B;9:00:00;4966
4/02/2020;A;9:00:00;31734
4/02/2020;B;9:00:00;5088
5/02/2020;A;9:00:00;31405
5/02/2020;B;9:00:00;4956
6/02/2020;A;9:00:00;30970
6/02/2020;B;9:00:00;4994
7/02/2020;A;9:00:00;32094
7/02/2020;B;9:00:00;5061
8/02/2020;A;9:00:00;25702
8/02/2020;B;9:00:00;4304
9/02/2020;A;9:00:00;13020
9/02/2020;B;9:00:00;2404
10/02/2020;A;9:00:00;31799
10/02/2020;B;9:00:00;4944
11/02/2020;A;9:00:00;31599
11/02/2020;B;9:00:00;5131
12/02/2020;A;9:00:00;32476
12/02/2020;B;9:00:00;5277
13/02/2020;A;9:00:00;31674
13/02/2020;B;9:00:00;4990
14/02/2020;A;9:00:00;30528
14/02/2020;B;9:00:00;5027
15/02/2020;A;9:00:00;24983
15/02/2020;B;9:00:00;4635
16/02/2020;A;9:00:00;13579
16/02/2020;B;9:00:00;2560
17/02/2020;A;9:00:00;63450
17/02/2020;B;9:00:00;10532
18/02/2020;A;9:00:00;64588
18/02/2020;B;9:00:00;10570
19/02/2020;A;9:00:00;31946
19/02/2020;B;9:00:00;4972
20/02/2020;A;9:00:00;32197
20/02/2020;B;9:00:00;5211
21/02/2020;A;9:00:00;31904
21/02/2020;B;9:00:00;5064
22/02/2020;A;9:00:00;25681
22/02/2020;B;9:00:00;4293
23/02/2020;A;9:00:00;13158
23/02/2020;B;9:00:00;2541
24/02/2020;A;9:00:00;31123
24/02/2020;B;9:00:00;5143
25/02/2020;A;9:00:00;31916
25/02/2020;B;9:00:00;5288
26/02/2020;A;9:00:00;30918
26/02/2020;B;9:00:00;4973
27/02/2020;A;9:00:00;30895
27/02/2020;B;9:00:00;5078
28/02/2020;A;9:00:00;32928
28/02/2020;B;9:00:00;5482
29/02/2020;A;9:00:00;28007
29/02/2020;B;9:00:00;4852
1/03/2020;A;9:00:00;15068
1/03/2020;B;9:00:00;2764
2/03/2020;A;9:00:00;32191
2/03/2020;B;9:00:00;5035
3/03/2020;A;9:00:00;33996
3/03/2020;B;9:00:00;5487
4/03/2020;A;9:00:00;32743
4/03/2020;B;9:00:00;5380
5/03/2020;A;9:00:00;33161
5/03/2020;B;9:00:00;5437
6/03/2020;A;9:00:00;33718
6/03/2020;B;9:00:00;5468
7/03/2020;A;9:00:00;27356
7/03/2020;B;9:00:00;4642
8/03/2020;A;9:00:00;13575
8/03/2020;B;9:00:00;2455
9/03/2020;A;9:00:00;31985
9/03/2020;B;9:00:00;5168
10/03/2020;A;9:00:00;32362
10/03/2020;B;9:00:00;5160
11/03/2020;A;9:00:00;32941
11/03/2020;B;9:00:00;5143
12/03/2020;A;9:00:00;30826
12/03/2020;B;9:00:00;4935
13/03/2020;A;9:00:00;31336
13/03/2020;B;9:00:00;4960
14/03/2020;A;9:00:00;22317
14/03/2020;B;9:00:00;3718
15/03/2020;A;9:00:00;10780
15/03/2020;B;9:00:00;1994
16/03/2020;A;9:00:00;23130
16/03/2020;B;9:00:00;3649
17/03/2020;A;9:00:00;19137
17/03/2020;B;9:00:00;3077
18/03/2020;A;9:00:00;16628
18/03/2020;B;9:00:00;2636
19/03/2020;A;9:00:00;15345
19/03/2020;B;9:00:00;2434
20/03/2020;A;9:00:00;13892
20/03/2020;B;9:00:00;2214
21/03/2020;A;9:00:00;2159
21/03/2020;B;9:00:00;327
22/03/2020;A;9:00:00;1406
22/03/2020;B;9:00:00;210
23/03/2020;A;9:00:00;2016
23/03/2020;B;9:00:00;333
24/03/2020;A;9:00:00;9437
24/03/2020;B;9:00:00;1508
25/03/2020;A;9:00:00;3084
25/03/2020;B;9:00:00;437
26/03/2020;A;9:00:00;3003
26/03/2020;B;9:00:00;446
27/03/2020;A;9:00:00;3154
27/03/2020;B;9:00:00;508
28/03/2020;A;9:00:00;2312
28/03/2020;B;9:00:00;338
29/03/2020;A;9:00:00;1068
29/03/2020;B;9:00:00;145
30/03/2020;A;9:00:00;3254
30/03/2020;B;9:00:00;512
31/03/2020;A;9:00:00;3180
31/03/2020;B;9:00:00;464
1/04/2020;A;9:00:00;3442
1/04/2020;B;9:00:00;524
2/04/2020;A;9:00:00;3085
2/04/2020;B;9:00:00;441
3/04/2020;A;9:00:00;3426
3/04/2020;B;9:00:00;522
4/04/2020;A;9:00:00;2590
4/04/2020;B;9:00:00;397
5/04/2020;A;9:00:00;1219
5/04/2020;B;9:00:00;198
6/04/2020;A;9:00:00;3429
6/04/2020;B;9:00:00;595
7/04/2020;A;9:00:00;3445
7/04/2020;B;9:00:00;578
8/04/2020;A;9:00:00;3739
8/04/2020;B;9:00:00;628
9/04/2020;A;9:00:00;1615
9/04/2020;B;9:00:00;289
10/04/2020;A;9:00:00;1223
10/04/2020;B;9:00:00;206
11/04/2020;A;9:00:00;2138
11/04/2020;B;9:00:00;379
12/04/2020;A;9:00:00;1134
12/04/2020;B;9:00:00;204
13/04/2020;A;9:00:00;3290
13/04/2020;B;9:00:00;504
14/04/2020;A;9:00:00;3339
14/04/2020;B;9:00:00;551
15/04/2020;A;9:00:00;3478
15/04/2020;B;9:00:00;552
16/04/2020;A;9:00:00;3647
16/04/2020;B;9:00:00;561
17/04/2020;A;9:00:00;3799
17/04/2020;B;9:00:00;605
18/04/2020;A;9:00:00;2824
18/04/2020;B;9:00:00;482
19/04/2020;A;9:00:00;1362
19/04/2020;B;9:00:00;253
20/04/2020;A;9:00:00;3428
20/04/2020;B;9:00:00;567
21/04/2020;A;9:00:00;3188
21/04/2020;B;9:00:00;547
22/04/2020;A;9:00:00;3546
22/04/2020;B;9:00:00;610
23/04/2020;A;9:00:00;3674
23/04/2020;B;9:00:00;609
24/04/2020;A;9:00:00;3835
24/04/2020;B;9:00:00;654
25/04/2020;A;9:00:00;2864
25/04/2020;B;9:00:00;492
26/04/2020;A;9:00:00;1557
26/04/2020;B;9:00:00;269
27/04/2020;A;9:00:00;3514
27/04/2020;B;9:00:00;562
28/04/2020;A;9:00:00;3451
28/04/2020;B;9:00:00;581
29/04/2020;A;9:00:00;3703
29/04/2020;B;9:00:00;557
30/04/2020;A;9:00:00;3942
30/04/2020;B;9:00:00;635
1/05/2020;A;9:00:00;1996
1/05/2020;B;9:00:00;339
2/05/2020;A;9:00:00;3119
2/05/2020;B;9:00:00;505
3/05/2020;A;9:00:00;1718
3/05/2020;B;9:00:00;335
4/05/2020;A;9:00:00;4075
4/05/2020;B;9:00:00;649
5/05/2020;A;9:00:00;4228
5/05/2020;B;9:00:00;690
6/05/2020;A;9:00:00;4155
6/05/2020;B;9:00:00;675
7/05/2020;A;9:00:00;4506
7/05/2020;B;9:00:00;694
8/05/2020;A;9:00:00;4567
8/05/2020;B;9:00:00;717
9/05/2020;A;9:00:00;3733
9/05/2020;B;9:00:00;595
10/05/2020;A;9:00:00;1689
10/05/2020;B;9:00:00;317
11/05/2020;A;9:00:00;4399
11/05/2020;B;9:00:00;675
12/05/2020;A;9:00:00;4717
12/05/2020;B;9:00:00;738
13/05/2020;A;9:00:00;4706
13/05/2020;B;9:00:00;770
14/05/2020;A;9:00:00;4924
14/05/2020;B;9:00:00;760
15/05/2020;A;9:00:00;5095
15/05/2020;B;9:00:00;857
16/05/2020;A;9:00:00;4109
16/05/2020;B;9:00:00;629
17/05/2020;A;9:00:00;2055
17/05/2020;B;9:00:00;331
18/05/2020;A;9:00:00;4888
18/05/2020;B;9:00:00;806
19/05/2020;A;9:00:00;5084
19/05/2020;B;9:00:00;809
20/05/2020;A;9:00:00;5060
20/05/2020;B;9:00:00;797
21/05/2020;A;9:00:00;5379
21/05/2020;B;9:00:00;794
22/05/2020;A;9:00:00;5716
22/05/2020;B;9:00:00;847
23/05/2020;A;9:00:00;4446
23/05/2020;B;9:00:00;724
24/05/2020;A;9:00:00;2152
24/05/2020;B;9:00:00;379
25/05/2020;A;9:00:00;1952
25/05/2020;B;9:00:00;295
26/05/2020;A;9:00:00;5619
26/05/2020;B;9:00:00;827
27/05/2020;A;9:00:00;5748
27/05/2020;B;9:00:00;874
28/05/2020;A;9:00:00;5818
28/05/2020;B;9:00:00;857
29/05/2020;A;9:00:00;6112
29/05/2020;B;9:00:00;973
30/05/2020;A;9:00:00;4928
30/05/2020;B;9:00:00;803
31/05/2020;A;9:00:00;2202
31/05/2020;B;9:00:00;391
1/06/2020;A;9:00:00;7353
1/06/2020;B;9:00:00;1086
2/06/2020;A;9:00:00;7961
2/06/2020;B;9:00:00;1266
3/06/2020;A;9:00:00;7610
3/06/2020;B;9:00:00;1183
4/06/2020;A;9:00:00;7731
4/06/2020;B;9:00:00;1362
5/06/2020;A;9:00:00;8551
5/06/2020;B;9:00:00;1342
6/06/2020;A;9:00:00;6903
6/06/2020;B;9:00:00;1100
7/06/2020;A;9:00:00;3036
7/06/2020;B;9:00:00;542
8/06/2020;A;9:00:00;7973
8/06/2020;B;9:00:00;1298
9/06/2020;A;9:00:00;8597
9/06/2020;B;9:00:00;1305
10/06/2020;A;9:00:00;8491
10/06/2020;B;9:00:00;1360
11/06/2020;A;9:00:00;8567
11/06/2020;B;9:00:00;1314
12/06/2020;A;9:00:00;9184
12/06/2020;B;9:00:00;1494
14/06/2020;A;9:00:00;3598
14/06/2020;B;9:00:00;560
15/06/2020;A;9:00:00;3348
15/06/2020;B;9:00:00;591
16/06/2020;A;9:00:00;9314
16/06/2020;B;9:00:00;1499
17/06/2020;A;9:00:00;9341
17/06/2020;B;9:00:00;1527
18/06/2020;A;9:00:00;9361
18/06/2020;B;9:00:00;1630
19/06/2020;A;9:00:00;10219
19/06/2020;B;9:00:00;1651
20/06/2020;A;9:00:00;7931
20/06/2020;B;9:00:00;1308
21/06/2020;A;9:00:00;3680
21/06/2020;B;9:00:00;621
22/06/2020;A;9:00:00;3202
22/06/2020;B;9:00:00;582
23/06/2020;A;9:00:00;9490
23/06/2020;B;9:00:00;1483
24/06/2020;A;9:00:00;9803
24/06/2020;B;9:00:00;1557
25/06/2020;A;9:00:00;9567
25/06/2020;B;9:00:00;1524
26/06/2020;A;9:00:00;9812
26/06/2020;B;9:00:00;1566
27/06/2020;A;9:00:00;8384
27/06/2020;B;9:00:00;1378
28/06/2020;A;9:00:00;3527
28/06/2020;B;9:00:00;581
29/06/2020;A;9:00:00;3461
29/06/2020;B;9:00:00;615
30/06/2020;A;9:00:00;9725
30/06/2020;B;9:00:00;1631
1/07/2020;A;9:00:00;10276
1/07/2020;B;9:00:00;1658
2/07/2020;A;9:00:00;9840
2/07/2020;B;9:00:00;1650
3/07/2020;A;9:00:00;9524
3/07/2020;B;9:00:00;1576
4/07/2020;A;9:00:00;8754
4/07/2020;B;9:00:00;1497
5/07/2020;A;9:00:00;3543
5/07/2020;B;9:00:00;546
6/07/2020;A;9:00:00;9489
6/07/2020;B;9:00:00;1500
7/07/2020;A;9:00:00;10084
7/07/2020;B;9:00:00;1535
8/07/2020;A;9:00:00;9655
8/07/2020;B;9:00:00;1502
9/07/2020;A;9:00:00;9626
9/07/2020;B;9:00:00;1507
10/07/2020;A;9:00:00;9803
10/07/2020;B;9:00:00;1553
11/07/2020;A;9:00:00;7624
11/07/2020;B;9:00:00;1251
12/07/2020;A;9:00:00;3572
12/07/2020;B;9:00:00;602
13/07/2020;A;9:00:00;7384
13/07/2020;B;9:00:00;1157
14/07/2020;A;9:00:00;7478
14/07/2020;B;9:00:00;1100
15/07/2020;A;9:00:00;7452
15/07/2020;B;9:00:00;1178
16/07/2020;A;9:00:00;8305
16/07/2020;B;9:00:00;1290
17/07/2020;A;9:00:00;2844
17/07/2020;B;9:00:00;436
18/07/2020;A;9:00:00;2230
18/07/2020;B;9:00:00;339
19/07/2020;A;9:00:00;1060
19/07/2020;B;9:00:00;185
20/07/2020;A;9:00:00;1167
20/07/2020;B;9:00:00;215
21/07/2020;A;9:00:00;8569
21/07/2020;B;9:00:00;1376
22/07/2020;A;9:00:00;7956
22/07/2020;B;9:00:00;1275
23/07/2020;A;9:00:00;7906
23/07/2020;B;9:00:00;1275
24/07/2020;A;9:00:00;3221
24/07/2020;B;9:00:00;455
25/07/2020;A;9:00:00;2470
25/07/2020;B;9:00:00;388
26/07/2020;A;9:00:00;1154
26/07/2020;B;9:00:00;192
27/07/2020;A;9:00:00;8474
27/07/2020;B;9:00:00;1320
28/07/2020;A;9:00:00;8420
28/07/2020;B;9:00:00;1348
29/07/2020;A;9:00:00;8591
29/07/2020;B;9:00:00;1394
30/07/2020;A;9:00:00;8497
30/07/2020;B;9:00:00;1300
31/07/2020;A;9:00:00;3267
31/07/2020;B;9:00:00;506
1/08/2020;A;9:00:00;2626
1/08/2020;B;9:00:00;398
2/08/2020;A;9:00:00;1287
2/08/2020;B;9:00:00;199
3/08/2020;A;9:00:00;8564
3/08/2020;B;9:00:00;1363
4/08/2020;A;9:00:00;8311
4/08/2020;B;9:00:00;1285
5/08/2020;A;9:00:00;8730
5/08/2020;B;9:00:00;1328
6/08/2020;A;9:00:00;9139
6/08/2020;B;9:00:00;1422
7/08/2020;A;9:00:00;1817
7/08/2020;B;9:00:00;289
9/08/2020;A;9:00:00;1234
9/08/2020;B;9:00:00;213
10/08/2020;A;9:00:00;8720
10/08/2020;B;9:00:00;1300
11/08/2020;A;9:00:00;8667
11/08/2020;B;9:00:00;1383
12/08/2020;A;9:00:00;8563
12/08/2020;B;9:00:00;1312
13/08/2020;A;9:00:00;8834
13/08/2020;B;9:00:00;1394
14/08/2020;A;9:00:00;8422
14/08/2020;B;9:00:00;1271
15/08/2020;A;9:00:00;3105
15/08/2020;B;9:00:00;487
16/08/2020;A;9:00:00;1358
16/08/2020;B;9:00:00;215
17/08/2020;A;9:00:00;1580
17/08/2020;B;9:00:00;252
18/08/2020;A;9:00:00;9380
18/08/2020;B;9:00:00;1474
19/08/2020;A;9:00:00;8995
19/08/2020;B;9:00:00;1330
20/08/2020;A;9:00:00;17656
20/08/2020;B;9:00:00;2726
21/08/2020;A;9:00:00;8971
21/08/2020;B;9:00:00;1334
22/08/2020;A;9:00:00;7502
22/08/2020;B;9:00:00;1148
23/08/2020;A;9:00:00;3191
23/08/2020;B;9:00:00;481
24/08/2020;A;9:00:00;8468
24/08/2020;B;9:00:00;1249
25/08/2020;A;9:00:00;8925
25/08/2020;B;9:00:00;1361
26/08/2020;A;9:00:00;8921
26/08/2020;B;9:00:00;1380
27/08/2020;A;9:00:00;9042
27/08/2020;B;9:00:00;1395
28/08/2020;A;9:00:00;9138
28/08/2020;B;9:00:00;1345
29/08/2020;A;9:00:00;7512
29/08/2020;B;9:00:00;1146
30/08/2020;A;9:00:00;3525
30/08/2020;B;9:00:00;548
31/08/2020;A;9:00:00;10119
31/08/2020;B;9:00:00;1621
1/09/2020;A;9:00:00;11585
1/09/2020;B;9:00:00;1936
2/09/2020;A;9:00:00;11522
2/09/2020;B;9:00:00;1769
3/09/2020;A;9:00:00;11541
3/09/2020;B;9:00:00;1774
4/09/2020;A;9:00:00;11753
4/09/2020;B;9:00:00;1832
5/09/2020;A;9:00:00;10397
5/09/2020;B;9:00:00;1727
6/09/2020;A;9:00:00;5503
6/09/2020;B;9:00:00;1013
7/09/2020;A;9:00:00;12210
7/09/2020;B;9:00:00;1946
8/09/2020;A;9:00:00;12210
8/09/2020;B;9:00:00;1924
9/09/2020;A;9:00:00;12045
9/09/2020;B;9:00:00;1913
10/09/2020;A;9:00:00;12013
10/09/2020;B;9:00:00;1885
11/09/2020;A;9:00:00;12343
11/09/2020;B;9:00:00;2077
12/09/2020;A;9:00:00;10979
12/09/2020;B;9:00:00;1764
13/09/2020;A;9:00:00;6131
13/09/2020;B;9:00:00;1153
14/09/2020;A;9:00:00;13097
14/09/2020;B;9:00:00;2010
15/09/2020;A;9:00:00;11835
15/09/2020;B;9:00:00;1933
16/09/2020;A;9:00:00;12798
16/09/2020;B;9:00:00;2079
17/09/2020;A;9:00:00;13293
17/09/2020;B;9:00:00;2005
18/09/2020;A;9:00:00;13418
18/09/2020;B;9:00:00;2092
19/09/2020;A;9:00:00;11868
19/09/2020;B;9:00:00;1907
20/09/2020;A;9:00:00;6485
20/09/2020;B;9:00:00;1157
21/09/2020;A;9:00:00;13400
21/09/2020;B;9:00:00;2139
22/09/2020;A;9:00:00;13626
22/09/2020;B;9:00:00;2204
23/09/2020;A;9:00:00;13165
23/09/2020;B;9:00:00;2136
24/09/2020;A;9:00:00;13846
24/09/2020;B;9:00:00;2145
25/09/2020;A;9:00:00;13555
25/09/2020;B;9:00:00;2168
26/09/2020;A;9:00:00;12227
26/09/2020;B;9:00:00;1888
27/09/2020;A;9:00:00;7044
27/09/2020;B;9:00:00;1278
28/09/2020;A;9:00:00;13810
28/09/2020;B;9:00:00;2194
29/09/2020;A;9:00:00;13567
29/09/2020;B;9:00:00;2156
30/09/2020;A;9:00:00;13898
30/09/2020;B;9:00:00;2276
1/10/2020;A;9:00:00;14283
1/10/2020;B;9:00:00;2251
2/10/2020;A;9:00:00;14650
2/10/2020;B;9:00:00;2296
3/10/2020;A;9:00:00;13020
3/10/2020;B;9:00:00;2211
4/10/2020;A;9:00:00;7476
4/10/2020;B;9:00:00;1224
5/10/2020;A;9:00:00;14632
5/10/2020;B;9:00:00;2386
6/10/2020;A;9:00:00;14850
6/10/2020;B;9:00:00;2318
7/10/2020;A;9:00:00;14464
7/10/2020;B;9:00:00;2225
8/10/2020;A;9:00:00;14497
8/10/2020;B;9:00:00;2356
9/10/2020;A;9:00:00;14763
9/10/2020;B;9:00:00;2368
10/10/2020;A;9:00:00;13289
10/10/2020;B;9:00:00;2167
11/10/2020;A;9:00:00;8270
11/10/2020;B;9:00:00;1514
12/10/2020;A;9:00:00;6453
12/10/2020;B;9:00:00;1064
13/10/2020;A;9:00:00;15499
13/10/2020;B;9:00:00;2414
14/10/2020;A;9:00:00;14709
14/10/2020;B;9:00:00;2360
15/10/2020;A;9:00:00;14513
15/10/2020;B;9:00:00;2298
16/10/2020;A;9:00:00;15286
16/10/2020;B;9:00:00;2334
17/10/2020;A;9:00:00;13599
17/10/2020;B;9:00:00;2205
18/10/2020;A;9:00:00;8056
18/10/2020;B;9:00:00;1383
19/10/2020;A;9:00:00;15329
19/10/2020;B;9:00:00;2365
20/10/2020;A;9:00:00;15161
20/10/2020;B;9:00:00;2321
21/10/2020;A;9:00:00;14723
21/10/2020;B;9:00:00;2338
22/10/2020;A;9:00:00;14929
22/10/2020;B;9:00:00;2337
23/10/2020;A;9:00:00;15242
23/10/2020;B;9:00:00;2368
24/10/2020;A;9:00:00;13497
24/10/2020;B;9:00:00;2158
25/10/2020;A;9:00:00;7559
25/10/2020;B;9:00:00;1244
26/10/2020;A;9:00:00;14879
26/10/2020;B;9:00:00;2244
27/10/2020;A;9:00:00;14895
27/10/2020;B;9:00:00;2473
28/10/2020;A;9:00:00;14925
28/10/2020;B;9:00:00;2338
29/10/2020;A;9:00:00;14863
29/10/2020;B;9:00:00;2291
30/10/2020;A;9:00:00;15473
30/10/2020;B;9:00:00;2434
31/10/2020;A;9:00:00;12748
31/10/2020;B;9:00:00;2260
1/11/2020;A;9:00:00;6794
1/11/2020;B;9:00:00;1271
2/11/2020;A;9:00:00;5688
2/11/2020;B;9:00:00;1106
3/11/2020;A;9:00:00;16775
3/11/2020;B;9:00:00;2883
4/11/2020;A;9:00:00;15917
4/11/2020;B;9:00:00;2719
5/11/2020;A;9:00:00;15393
5/11/2020;B;9:00:00;2782
6/11/2020;A;9:00:00;15410
6/11/2020;B;9:00:00;2692
7/11/2020;A;9:00:00;14312
7/11/2020;B;9:00:00;2575
8/11/2020;A;9:00:00;8091
8/11/2020;B;9:00:00;1587
9/11/2020;A;9:00:00;16164
9/11/2020;B;9:00:00;2408
10/11/2020;A;9:00:00;16141
10/11/2020;B;9:00:00;2566
11/11/2020;A;9:00:00;16017
11/11/2020;B;9:00:00;2441
13/11/2020;A;9:00:00;16627
13/11/2020;B;9:00:00;2539
14/11/2020;A;9:00:00;15182
14/11/2020;B;9:00:00;2434
15/11/2020;A;9:00:00;9573
15/11/2020;B;9:00:00;1759
16/11/2020;A;9:00:00;7356
16/11/2020;B;9:00:00;1336
17/11/2020;A;9:00:00;17620
17/11/2020;B;9:00:00;2620
18/11/2020;A;9:00:00;17010
18/11/2020;B;9:00:00;2570
19/11/2020;A;9:00:00;17070
19/11/2020;B;9:00:00;2677
20/11/2020;A;9:00:00;17503
20/11/2020;B;9:00:00;2663
21/11/2020;A;9:00:00;16187
21/11/2020;B;9:00:00;2621
22/11/2020;A;9:00:00;10350
22/11/2020;B;9:00:00;2219
23/11/2020;A;9:00:00;16773
23/11/2020;B;9:00:00;2645
24/11/2020;A;9:00:00;17275
24/11/2020;B;9:00:00;2905
25/11/2020;A;9:00:00;17905
25/11/2020;B;9:00:00;2980
26/11/2020;A;9:00:00;17446
26/11/2020;B;9:00:00;2893
27/11/2020;A;9:00:00;17853
27/11/2020;B;9:00:00;2707
28/11/2020;A;9:00:00;16445
28/11/2020;B;9:00:00;2798
29/11/2020;A;9:00:00;10479
29/11/2020;B;9:00:00;1858
30/11/2020;A;9:00:00;18360
30/11/2020;B;9:00:00;2938
1/12/2020;A;9:00:00;18293
1/12/2020;B;9:00:00;2939
2/12/2020;A;9:00:00;18342
2/12/2020;B;9:00:00;3008
3/12/2020;A;9:00:00;18397
3/12/2020;B;9:00:00;3118
4/12/2020;A;9:00:00;18777
4/12/2020;B;9:00:00;3174
5/12/2020;A;9:00:00;17843
5/12/2020;B;9:00:00;2967
6/12/2020;A;9:00:00;11983
6/12/2020;B;9:00:00;2325
7/12/2020;A;9:00:00;18703
7/12/2020;B;9:00:00;3072
8/12/2020;A;9:00:00;9692
8/12/2020;B;9:00:00;1804
9/12/2020;A;9:00:00;19248
9/12/2020;B;9:00:00;2955
10/12/2020;A;9:00:00;19389
10/12/2020;B;9:00:00;2982
11/12/2020;A;9:00:00;19549
11/12/2020;B;9:00:00;3107
12/12/2020;A;9:00:00;17716
12/12/2020;B;9:00:00;3056
13/12/2020;A;9:00:00;11327
13/12/2020;B;9:00:00;2221
14/12/2020;A;9:00:00;19288
14/12/2020;B;9:00:00;3127
15/12/2020;A;9:00:00;19697
15/12/2020;B;9:00:00;3075
16/12/2020;A;9:00:00;20072
16/12/2020;B;9:00:00;3171
17/12/2020;A;9:00:00;19544
17/12/2020;B;9:00:00;3069
18/12/2020;A;9:00:00;19947
18/12/2020;B;9:00:00;3136
19/12/2020;A;9:00:00;19507
19/12/2020;B;9:00:00;3133
20/12/2020;A;9:00:00;13878
20/12/2020;B;9:00:00;2386
21/12/2020;A;9:00:00;21759
21/12/2020;B;9:00:00;3409
22/12/2020;A;9:00:00;18655
22/12/2020;B;9:00:00;2881
23/12/2020;A;9:00:00;19254
23/12/2020;B;9:00:00;2986
24/12/2020;A;9:00:00;14785
24/12/2020;B;9:00:00;2463
25/12/2020;A;9:00:00;2948
25/12/2020;B;9:00:00;428
26/12/2020;A;9:00:00;13429
26/12/2020;B;9:00:00;2135
27/12/2020;A;9:00:00;17200
27/12/2020;B;9:00:00;3058
28/12/2020;A;9:00:00;15879
28/12/2020;B;9:00:00;2598
29/12/2020;A;9:00:00;17363
29/12/2020;B;9:00:00;2777
30/12/2020;A;9:00:00;16784
30/12/2020;B;9:00:00;2652
31/12/2020;A;9:00:00;13282
31/12/2020;B;9:00:00;2298
1/01/2021;A;9:00:00;974
1/01/2021;B;9:00:00;145
2/01/2021;A;9:00:00;2751
2/01/2021;B;9:00:00;375
3/01/2021;A;9:00:00;8550
3/01/2021;B;9:00:00;1458
4/01/2021;A;9:00:00;15103
4/01/2021;B;9:00:00;2413
5/01/2021;A;9:00:00;15325
5/01/2021;B;9:00:00;2511
6/01/2021;A;9:00:00;14961
6/01/2021;B;9:00:00;2418
7/01/2021;A;9:00:00;14860
7/01/2021;B;9:00:00;2431
8/01/2021;A;9:00:00;15188
8/01/2021;B;9:00:00;2378
9/01/2021;A;9:00:00;3399
9/01/2021;B;9:00:00;483
10/01/2021;A;9:00:00;1670
10/01/2021;B;9:00:00;230
11/01/2021;A;9:00:00;1769
11/01/2021;B;9:00:00;291
12/01/2021;A;9:00:00;17715
12/01/2021;B;9:00:00;2597
13/01/2021;A;9:00:00;16514
13/01/2021;B;9:00:00;2673
14/01/2021;A;9:00:00;16123
14/01/2021;B;9:00:00;2463
15/01/2021;A;9:00:00;16571
15/01/2021;B;9:00:00;2537
16/01/2021;A;9:00:00;6390
16/01/2021;B;9:00:00;825
17/01/2021;A;9:00:00;2208
17/01/2021;B;9:00:00;351
18/01/2021;A;9:00:00;18281
18/01/2021;B;9:00:00;2830
19/01/2021;A;9:00:00;17032
19/01/2021;B;9:00:00;2589
20/01/2021;A;9:00:00;16667
20/01/2021;B;9:00:00;2668
21/01/2021;A;9:00:00;16536
21/01/2021;B;9:00:00;2599
22/01/2021;A;9:00:00;16268
22/01/2021;B;9:00:00;2641
23/01/2021;A;9:00:00;14162
23/01/2021;B;9:00:00;2181
24/01/2021;A;9:00:00;7708
24/01/2021;B;9:00:00;1324
25/01/2021;A;9:00:00;16586
25/01/2021;B;9:00:00;2711
26/01/2021;A;9:00:00;16431
26/01/2021;B;9:00:00;2631
27/01/2021;A;9:00:00;16069
27/01/2021;B;9:00:00;2539
28/01/2021;A;9:00:00;16337
28/01/2021;B;9:00:00;2516
29/01/2021;A;9:00:00;16806
29/01/2021;B;9:00:00;2692
30/01/2021;A;9:00:00;15223
30/01/2021;B;9:00:00;2443
31/01/2021;A;9:00:00;8898
31/01/2021;B;9:00:00;1523
1/02/2021;A;9:00:00;17272
1/02/2021;B;9:00:00;2768
2/02/2021;A;9:00:00;17528
2/02/2021;B;9:00:00;2742
3/02/2021;A;9:00:00;16920
3/02/2021;B;9:00:00;2611
4/02/2021;A;9:00:00;16955
4/02/2021;B;9:00:00;2797
5/02/2021;A;9:00:00;16997
5/02/2021;B;9:00:00;2748
6/02/2021;A;9:00:00;15262
6/02/2021;B;9:00:00;2561
7/02/2021;A;9:00:00;9095
7/02/2021;B;9:00:00;1524
8/02/2021;A;9:00:00;17310
8/02/2021;B;9:00:00;2717
9/02/2021;A;9:00:00;17585
9/02/2021;B;9:00:00;2806
10/02/2021;A;9:00:00;17173
10/02/2021;B;9:00:00;2716
11/02/2021;A;9:00:00;16832
11/02/2021;B;9:00:00;2702
12/02/2021;A;9:00:00;17072
12/02/2021;B;9:00:00;2768
13/02/2021;A;9:00:00;15628
13/02/2021;B;9:00:00;2556
14/02/2021;A;9:00:00;8940
14/02/2021;B;9:00:00;1629
15/02/2021;A;9:00:00;17528
15/02/2021;B;9:00:00;2744
16/02/2021;A;9:00:00;17594
16/02/2021;B;9:00:00;2933
17/02/2021;A;9:00:00;17523
17/02/2021;B;9:00:00;2735
18/02/2021;A;9:00:00;16932
18/02/2021;B;9:00:00;2698
19/02/2021;A;9:00:00;17795
19/02/2021;B;9:00:00;2717
20/02/2021;A;9:00:00;16183
20/02/2021;B;9:00:00;2577
21/02/2021;A;9:00:00;9067
21/02/2021;B;9:00:00;1630
22/02/2021;A;9:00:00;17420
22/02/2021;B;9:00:00;2793
23/02/2021;A;9:00:00;17489
23/02/2021;B;9:00:00;2708
24/02/2021;A;9:00:00;17307
24/02/2021;B;9:00:00;2655
25/02/2021;A;9:00:00;16991
25/02/2021;B;9:00:00;2730
26/02/2021;A;9:00:00;17901
26/02/2021;B;9:00:00;2776
27/02/2021;A;9:00:00;16041
27/02/2021;B;9:00:00;2742
28/02/2021;A;9:00:00;10342
28/02/2021;B;9:00:00;1953
1/03/2021;A;9:00:00;18860
1/03/2021;B;9:00:00;2985
2/03/2021;A;9:00:00;18508
2/03/2021;B;9:00:00;2875
3/03/2021;A;9:00:00;17831
3/03/2021;B;9:00:00;2827
4/03/2021;A;9:00:00;18128
4/03/2021;B;9:00:00;2852
5/03/2021;A;9:00:00;18064
5/03/2021;B;9:00:00;2913
6/03/2021;A;9:00:00;16292
6/03/2021;B;9:00:00;2760
7/03/2021;A;9:00:00;9474
7/03/2021;B;9:00:00;1620
8/03/2021;A;9:00:00;18402
8/03/2021;B;9:00:00;2892
9/03/2021;A;9:00:00;17799
9/03/2021;B;9:00:00;2897
10/03/2021;A;9:00:00;17800
10/03/2021;B;9:00:00;2928
11/03/2021;A;9:00:00;17869
11/03/2021;B;9:00:00;2918
12/03/2021;A;9:00:00;18204
12/03/2021;B;9:00:00;2800
13/03/2021;A;9:00:00;16069
13/03/2021;B;9:00:00;2820
14/03/2021;A;9:00:00;9246
14/03/2021;B;9:00:00;1642
15/03/2021;A;9:00:00;18399
15/03/2021;B;9:00:00;3006
16/03/2021;A;9:00:00;18380
16/03/2021;B;9:00:00;2931
17/03/2021;A;9:00:00;18590
17/03/2021;B;9:00:00;2948
18/03/2021;A;9:00:00;18231
18/03/2021;B;9:00:00;2940
19/03/2021;A;9:00:00;18827
19/03/2021;B;9:00:00;2977
20/03/2021;A;9:00:00;16860
20/03/2021;B;9:00:00;2794
21/03/2021;A;9:00:00;10232
21/03/2021;B;9:00:00;2012
22/03/2021;A;9:00:00;6366
22/03/2021;B;9:00:00;1309
23/03/2021;A;9:00:00;14844
23/03/2021;B;9:00:00;2926
24/03/2021;A;9:00:00;15116
24/03/2021;B;9:00:00;2864
25/03/2021;A;9:00:00;15123
25/03/2021;B;9:00:00;2622
26/03/2021;A;9:00:00;15593
26/03/2021;B;9:00:00;2725
27/03/2021;A;9:00:00;13589
27/03/2021;B;9:00:00;2622
28/03/2021;A;9:00:00;7462
28/03/2021;B;9:00:00;1509
29/03/2021;A;9:00:00;14861
29/03/2021;B;9:00:00;2674
30/03/2021;A;9:00:00;14820
30/03/2021;B;9:00:00;2622
31/03/2021;A;9:00:00;13598
31/03/2021;B;9:00:00;2447
1/04/2021;A;9:00:00;6657
1/04/2021;B;9:00:00;1257
2/04/2021;A;9:00:00;4962
2/04/2021;B;9:00:00;1013
3/04/2021;A;9:00:00;9713
3/04/2021;B;9:00:00;1828
4/04/2021;A;9:00:00;6643
4/04/2021;B;9:00:00;1263
5/04/2021;A;9:00:00;14922
5/04/2021;B;9:00:00;2681
6/04/2021;A;9:00:00;14631
6/04/2021;B;9:00:00;2458
7/04/2021;A;9:00:00;13710
7/04/2021;B;9:00:00;2321
8/04/2021;A;9:00:00;14253
8/04/2021;B;9:00:00;2449
9/04/2021;A;9:00:00;5034
9/04/2021;B;9:00:00;764
10/04/2021;A;9:00:00;4120
10/04/2021;B;9:00:00;597
11/04/2021;A;9:00:00;2044
11/04/2021;B;9:00:00;341
12/04/2021;A;9:00:00;15082
12/04/2021;B;9:00:00;2508
13/04/2021;A;9:00:00;14615
13/04/2021;B;9:00:00;2451
14/04/2021;A;9:00:00;14323
14/04/2021;B;9:00:00;2469
15/04/2021;A;9:00:00;14795
15/04/2021;B;9:00:00;2446
16/04/2021;A;9:00:00;6957
16/04/2021;B;9:00:00;976
17/04/2021;A;9:00:00;5123
17/04/2021;B;9:00:00;749
18/04/2021;A;9:00:00;2364
18/04/2021;B;9:00:00;390
19/04/2021;A;9:00:00;15953
19/04/2021;B;9:00:00;2590
20/04/2021;A;9:00:00;15261
20/04/2021;B;9:00:00;2476
21/04/2021;A;9:00:00;15370
21/04/2021;B;9:00:00;2361
22/04/2021;A;9:00:00;14816
22/04/2021;B;9:00:00;2462
23/04/2021;A;9:00:00;7138
23/04/2021;B;9:00:00;977
24/04/2021;A;9:00:00;5458
24/04/2021;B;9:00:00;782
25/04/2021;A;9:00:00;2438
25/04/2021;B;9:00:00;334
26/04/2021;A;9:00:00;15887
26/04/2021;B;9:00:00;2611
27/04/2021;A;9:00:00;15000
27/04/2021;B;9:00:00;2565
28/04/2021;A;9:00:00;16127
28/04/2021;B;9:00:00;2694
29/04/2021;A;9:00:00;14905
29/04/2021;B;9:00:00;2440
30/04/2021;A;9:00:00;7332
30/04/2021;B;9:00:00;1041
1/05/2021;A;9:00:00;3649
1/05/2021;B;9:00:00;570
2/05/2021;A;9:00:00;1246
2/05/2021;B;9:00:00;200
3/05/2021;A;9:00:00;16851
3/05/2021;B;9:00:00;2734
4/05/2021;A;9:00:00;15053
4/05/2021;B;9:00:00;2406
5/05/2021;A;9:00:00;14576
5/05/2021;B;9:00:00;2544
6/05/2021;A;9:00:00;14194
6/05/2021;B;9:00:00;2446
7/05/2021;A;9:00:00;13588
7/05/2021;B;9:00:00;2308
8/05/2021;A;9:00:00;6502
8/05/2021;B;9:00:00;968
9/05/2021;A;9:00:00;2982
9/05/2021;B;9:00:00;485
10/05/2021;A;9:00:00;15569
10/05/2021;B;9:00:00;2704
11/05/2021;A;9:00:00;15647
11/05/2021;B;9:00:00;2603
12/05/2021;A;9:00:00;14353
12/05/2021;B;9:00:00;2509
13/05/2021;A;9:00:00;15296
13/05/2021;B;9:00:00;2591
14/05/2021;A;9:00:00;15671
14/05/2021;B;9:00:00;2588
15/05/2021;A;9:00:00;13748
15/05/2021;B;9:00:00;2464
16/05/2021;A;9:00:00;8362
16/05/2021;B;9:00:00;1458
17/05/2021;A;9:00:00;7009
17/05/2021;B;9:00:00;1247
18/05/2021;A;9:00:00;17336
18/05/2021;B;9:00:00;2779
19/05/2021;A;9:00:00;14980
19/05/2021;B;9:00:00;2554
20/05/2021;A;9:00:00;16639
20/05/2021;B;9:00:00;2723
21/05/2021;A;9:00:00;16272
21/05/2021;B;9:00:00;2759
22/05/2021;A;9:00:00;14625
22/05/2021;B;9:00:00;2444
23/05/2021;A;9:00:00;7998
23/05/2021;B;9:00:00;1453
24/05/2021;A;9:00:00;15990
24/05/2021;B;9:00:00;2701
25/05/2021;A;9:00:00;16885
25/05/2021;B;9:00:00;2725
26/05/2021;A;9:00:00;16052
26/05/2021;B;9:00:00;2636
27/05/2021;A;9:00:00;15772
27/05/2021;B;9:00:00;2710
28/05/2021;A;9:00:00;16348
28/05/2021;B;9:00:00;2764
29/05/2021;A;9:00:00;15138
29/05/2021;B;9:00:00;2567
30/05/2021;A;9:00:00;8596
30/05/2021;B;9:00:00;1424
31/05/2021;A;9:00:00;16476
31/05/2021;B;9:00:00;2704
1/06/2021;A;9:00:00;17507
1/06/2021;B;9:00:00;2955
2/06/2021;A;9:00:00;17291
2/06/2021;B;9:00:00;2734
3/06/2021;A;9:00:00;16783
3/06/2021;B;9:00:00;2846
4/06/2021;A;9:00:00;17024
4/06/2021;B;9:00:00;2803
5/06/2021;A;9:00:00;15345
5/06/2021;B;9:00:00;2646
6/06/2021;A;9:00:00;9753
6/06/2021;B;9:00:00;1770
7/06/2021;A;9:00:00;7332
7/06/2021;B;9:00:00;1362
8/06/2021;A;9:00:00;18327
8/06/2021;B;9:00:00;2913
9/06/2021;A;9:00:00;18272
9/06/2021;B;9:00:00;2937
10/06/2021;A;9:00:00;18012
10/06/2021;B;9:00:00;2894
11/06/2021;A;9:00:00;18145
11/06/2021;B;9:00:00;2919
12/06/2021;A;9:00:00;15978
12/06/2021;B;9:00:00;2601
13/06/2021;A;9:00:00;9995
13/06/2021;B;9:00:00;1813
14/06/2021;A;9:00:00;7640
14/06/2021;B;9:00:00;1372
15/06/2021;A;9:00:00;18783
15/06/2021;B;9:00:00;3004
16/06/2021;A;9:00:00;18570
16/06/2021;B;9:00:00;2911
17/06/2021;A;9:00:00;9022
17/06/2021;B;9:00:00;2631
18/06/2021;A;9:00:00;18277
18/06/2021;B;9:00:00;3000
19/06/2021;A;9:00:00;16617
19/06/2021;B;9:00:00;3169
20/06/2021;A;9:00:00;9530
20/06/2021;B;9:00:00;1963
21/06/2021;A;9:00:00;17437
21/06/2021;B;9:00:00;3248
22/06/2021;A;9:00:00;17731
22/06/2021;B;9:00:00;3209
23/06/2021;A;9:00:00;17366
23/06/2021;B;9:00:00;3238
24/06/2021;A;9:00:00;17430
24/06/2021;B;9:00:00;3144
25/06/2021;A;9:00:00;17769
25/06/2021;B;9:00:00;3036
26/06/2021;A;9:00:00;16343
26/06/2021;B;9:00:00;2756
27/06/2021;A;9:00:00;9425
27/06/2021;B;9:00:00;1914
28/06/2021;A;9:00:00;18570
28/06/2021;B;9:00:00;3063
29/06/2021;A;9:00:00;18114
29/06/2021;B;9:00:00;3007
30/06/2021;A;9:00:00;18357
30/06/2021;B;9:00:00;2870
1/07/2021;A;9:00:00;18597
1/07/2021;B;9:00:00;2991
2/07/2021;A;9:00:00;18337
2/07/2021;B;9:00:00;3002
3/07/2021;A;9:00:00;16914
3/07/2021;B;9:00:00;3006
4/07/2021;A;9:00:00;11785
4/07/2021;B;9:00:00;2344
5/07/2021;A;9:00:00;8812
5/07/2021;B;9:00:00;1557
6/07/2021;A;9:00:00;18735
6/07/2021;B;9:00:00;3123
7/07/2021;A;9:00:00;18748
7/07/2021;B;9:00:00;3015
8/07/2021;A;9:00:00;18213
8/07/2021;B;9:00:00;3054
9/07/2021;A;9:00:00;18412
9/07/2021;B;9:00:00;3137
10/07/2021;A;9:00:00;16973
10/07/2021;B;9:00:00;2904
11/07/2021;A;9:00:00;9645
11/07/2021;B;9:00:00;1785
12/07/2021;A;9:00:00;18202
12/07/2021;B;9:00:00;3035
13/07/2021;A;9:00:00;18167
13/07/2021;B;9:00:00;3112
14/07/2021;A;9:00:00;17745
14/07/2021;B;9:00:00;2950
15/07/2021;A;9:00:00;18114
15/07/2021;B;9:00:00;3007
16/07/2021;A;9:00:00;18579
16/07/2021;B;9:00:00;3167
17/07/2021;A;9:00:00;17314
17/07/2021;B;9:00:00;3149
18/07/2021;A;9:00:00;10834
18/07/2021;B;9:00:00;2132
19/07/2021;A;9:00:00;18064
19/07/2021;B;9:00:00;3067
20/07/2021;A;9:00:00;8196
20/07/2021;B;9:00:00;1462
21/07/2021;A;9:00:00;19867
21/07/2021;B;9:00:00;3174
22/07/2021;A;9:00:00;18705
22/07/2021;B;9:00:00;3141
23/07/2021;A;9:00:00;18982
23/07/2021;B;9:00:00;3084
24/07/2021;A;9:00:00;17276
24/07/2021;B;9:00:00;2959
25/07/2021;A;9:00:00;8258
25/07/2021;B;9:00:00;1619
26/07/2021;A;9:00:00;18894
26/07/2021;B;9:00:00;3008
27/07/2021;A;9:00:00;18388
27/07/2021;B;9:00:00;2920
28/07/2021;A;9:00:00;18360
28/07/2021;B;9:00:00;3074
29/07/2021;A;9:00:00;18718
29/07/2021;B;9:00:00;3011
30/07/2021;A;9:00:00;19182
30/07/2021;B;9:00:00;3027
31/07/2021;A;9:00:00;18221
31/07/2021;B;9:00:00;3193
1/08/2021;A;9:00:00;10349
1/08/2021;B;9:00:00;1977
2/08/2021;A;9:00:00;20249
2/08/2021;B;9:00:00;3335
3/08/2021;A;9:00:00;19408
3/08/2021;B;9:00:00;3152
4/08/2021;A;9:00:00;19449
4/08/2021;B;9:00:00;3255
5/08/2021;A;9:00:00;19523
5/08/2021;B;9:00:00;3236
6/08/2021;A;9:00:00;20235
6/08/2021;B;9:00:00;3152
7/08/2021;A;9:00:00;14008
7/08/2021;B;9:00:00;2553
8/08/2021;A;9:00:00;9474
8/08/2021;B;9:00:00;1942
9/08/2021;A;9:00:00;20181
9/08/2021;B;9:00:00;3303
10/08/2021;A;9:00:00;20310
10/08/2021;B;9:00:00;3319
11/08/2021;A;9:00:00;19656
11/08/2021;B;9:00:00;3178
12/08/2021;A;9:00:00;19806
12/08/2021;B;9:00:00;3312
13/08/2021;A;9:00:00;20086
13/08/2021;B;9:00:00;3343
14/08/2021;A;9:00:00;19089
14/08/2021;B;9:00:00;3316
15/08/2021;A;9:00:00;11452
15/08/2021;B;9:00:00;2404
16/08/2021;A;9:00:00;8920
16/08/2021;B;9:00:00;1705
17/08/2021;A;9:00:00;22115
17/08/2021;B;9:00:00;3508
18/08/2021;A;9:00:00;21188
18/08/2021;B;9:00:00;3363
19/08/2021;A;9:00:00;19530
19/08/2021;B;9:00:00;3104
20/08/2021;A;9:00:00;20275
20/08/2021;B;9:00:00;3271
21/08/2021;A;9:00:00;18978
21/08/2021;B;9:00:00;3276
22/08/2021;A;9:00:00;10635
22/08/2021;B;9:00:00;1955
23/08/2021;A;9:00:00;20597
23/08/2021;B;9:00:00;3436
24/08/2021;A;9:00:00;20485
24/08/2021;B;9:00:00;3472
25/08/2021;A;9:00:00;20254
25/08/2021;B;9:00:00;3307
26/08/2021;A;9:00:00;20641
26/08/2021;B;9:00:00;3437
27/08/2021;A;9:00:00;20368
27/08/2021;B;9:00:00;3315
28/08/2021;A;9:00:00;18003
28/08/2021;B;9:00:00;3239
29/08/2021;A;9:00:00;10247
29/08/2021;B;9:00:00;1980
30/08/2021;A;9:00:00;20555
30/08/2021;B;9:00:00;3334
31/08/2021;A;9:00:00;20734
31/08/2021;B;9:00:00;3395
1/09/2021;A;9:00:00;20871
1/09/2021;B;9:00:00;3322
2/09/2021;A;9:00:00;21013
2/09/2021;B;9:00:00;3313
3/09/2021;A;9:00:00;21259
3/09/2021;B;9:00:00;3463
4/09/2021;A;9:00:00;19145
4/09/2021;B;9:00:00;3263
5/09/2021;A;9:00:00;10508
5/09/2021;B;9:00:00;1849
6/09/2021;A;9:00:00;21150
6/09/2021;B;9:00:00;3413
7/09/2021;A;9:00:00;21067
7/09/2021;B;9:00:00;3549
8/09/2021;A;9:00:00;21202
8/09/2021;B;9:00:00;3441
9/09/2021;A;9:00:00;20927
9/09/2021;B;9:00:00;3529
10/09/2021;A;9:00:00;20842
10/09/2021;B;9:00:00;3481
11/09/2021;A;9:00:00;19155
11/09/2021;B;9:00:00;3293
12/09/2021;A;9:00:00;9833
12/09/2021;B;9:00:00;1968
13/09/2021;A;9:00:00;21001
13/09/2021;B;9:00:00;3655
14/09/2021;A;9:00:00;21275
14/09/2021;B;9:00:00;3530
15/09/2021;A;9:00:00;21420
15/09/2021;B;9:00:00;3574
16/09/2021;A;9:00:00;22022
16/09/2021;B;9:00:00;3606
17/09/2021;A;9:00:00;21736
17/09/2021;B;9:00:00;3580
18/09/2021;A;9:00:00;19496
18/09/2021;B;9:00:00;3321
19/09/2021;A;9:00:00;10326
19/09/2021;B;9:00:00;1956
20/09/2021;A;9:00:00;20875
20/09/2021;B;9:00:00;3489
21/09/2021;A;9:00:00;21439
21/09/2021;B;9:00:00;3599
22/09/2021;A;9:00:00;21146
22/09/2021;B;9:00:00;3543
23/09/2021;A;9:00:00;20917
23/09/2021;B;9:00:00;3460
24/09/2021;A;9:00:00;21400
24/09/2021;B;9:00:00;3403
25/09/2021;A;9:00:00;18972
25/09/2021;B;9:00:00;3310
26/09/2021;A;9:00:00;10518
26/09/2021;B;9:00:00;2039
27/09/2021;A;9:00:00;21281
27/09/2021;B;9:00:00;3466
28/09/2021;A;9:00:00;21576
28/09/2021;B;9:00:00;3500
29/09/2021;A;9:00:00;21369
29/09/2021;B;9:00:00;3442
30/09/2021;A;9:00:00;20968
30/09/2021;B;9:00:00;3565
1/10/2021;A;9:00:00;22176
1/10/2021;B;9:00:00;3800
2/10/2021;A;9:00:00;18896
2/10/2021;B;9:00:00;3304
3/10/2021;A;9:00:00;10924
3/10/2021;B;9:00:00;2088
4/10/2021;A;9:00:00;21793
4/10/2021;B;9:00:00;3697
5/10/2021;A;9:00:00;21758
5/10/2021;B;9:00:00;3566
6/10/2021;A;9:00:00;21701
6/10/2021;B;9:00:00;3528
7/10/2021;A;9:00:00;22033
7/10/2021;B;9:00:00;3589
8/10/2021;A;9:00:00;22278
8/10/2021;B;9:00:00;3520
9/10/2021;A;9:00:00;19926
9/10/2021;B;9:00:00;3323
10/10/2021;A;9:00:00;10685
10/10/2021;B;9:00:00;2216
11/10/2021;A;9:00:00;21634
11/10/2021;B;9:00:00;3578
12/10/2021;A;9:00:00;22034
12/10/2021;B;9:00:00;3698
13/10/2021;A;9:00:00;22124
13/10/2021;B;9:00:00;3786
14/10/2021;A;9:00:00;22306
14/10/2021;B;9:00:00;3687
15/10/2021;A;9:00:00;22253
15/10/2021;B;9:00:00;3937
16/10/2021;A;9:00:00;19729
16/10/2021;B;9:00:00;3585
17/10/2021;A;9:00:00;11965
17/10/2021;B;9:00:00;2490
18/10/2021;A;9:00:00;9245
18/10/2021;B;9:00:00;1770
19/10/2021;A;9:00:00;23440
19/10/2021;B;9:00:00;3702
20/10/2021;A;9:00:00;22586
20/10/2021;B;9:00:00;3678
21/10/2021;A;9:00:00;22232
21/10/2021;B;9:00:00;3687
22/10/2021;A;9:00:00;23077
22/10/2021;B;9:00:00;3684
23/10/2021;A;9:00:00;20171
23/10/2021;B;9:00:00;3609
24/10/2021;A;9:00:00;10511
24/10/2021;B;9:00:00;2030
25/10/2021;A;9:00:00;22553
25/10/2021;B;9:00:00;3736
26/10/2021;A;9:00:00;22185
26/10/2021;B;9:00:00;3713
27/10/2021;A;9:00:00;22125
27/10/2021;B;9:00:00;3736
28/10/2021;A;9:00:00;22583
28/10/2021;B;9:00:00;3693
29/10/2021;A;9:00:00;22876
29/10/2021;B;9:00:00;3634
30/10/2021;A;9:00:00;20953
30/10/2021;B;9:00:00;3585
31/10/2021;A;9:00:00;11397
31/10/2021;B;9:00:00;2041
1/11/2021;A;9:00:00;8542
1/11/2021;B;9:00:00;1606
2/11/2021;A;9:00:00;23671
2/11/2021;B;9:00:00;3912
3/11/2021;A;9:00:00;23573
3/11/2021;B;9:00:00;3847
4/11/2021;A;9:00:00;22585
4/11/2021;B;9:00:00;3779
5/11/2021;A;9:00:00;23253
5/11/2021;B;9:00:00;3833
6/11/2021;A;9:00:00;20702
6/11/2021;B;9:00:00;3799
7/11/2021;A;9:00:00;11261
7/11/2021;B;9:00:00;2098
8/11/2021;A;9:00:00;22986
8/11/2021;B;9:00:00;3795
9/11/2021;A;9:00:00;23306
9/11/2021;B;9:00:00;3738
10/11/2021;A;9:00:00;23266
10/11/2021;B;9:00:00;3833
11/11/2021;A;9:00:00;23361
11/11/2021;B;9:00:00;3880
12/11/2021;A;9:00:00;23475
12/11/2021;B;9:00:00;4028
13/11/2021;A;9:00:00;21544
13/11/2021;B;9:00:00;3794
14/11/2021;A;9:00:00;12839
14/11/2021;B;9:00:00;2734
15/11/2021;A;9:00:00;9567
15/11/2021;B;9:00:00;1982
16/11/2021;A;9:00:00;25207
16/11/2021;B;9:00:00;4148
17/11/2021;A;9:00:00;24351
17/11/2021;B;9:00:00;4128
18/11/2021;A;9:00:00;23986
18/11/2021;B;9:00:00;3999
19/11/2021;A;9:00:00;24709
19/11/2021;B;9:00:00;4119
20/11/2021;A;9:00:00;21692
20/11/2021;B;9:00:00;3656
21/11/2021;A;9:00:00;11731
21/11/2021;B;9:00:00;2375
22/11/2021;A;9:00:00;23858
22/11/2021;B;9:00:00;3826
23/11/2021;A;9:00:00;23909
23/11/2021;B;9:00:00;3984
24/11/2021;A;9:00:00;24258
24/11/2021;B;9:00:00;4079
25/11/2021;A;9:00:00;24037
25/11/2021;B;9:00:00;4076
26/11/2021;A;9:00:00;24371
26/11/2021;B;9:00:00;4014
27/11/2021;A;9:00:00;21913
27/11/2021;B;9:00:00;3888
28/11/2021;A;9:00:00;12404
28/11/2021;B;9:00:00;2605
29/11/2021;A;9:00:00;24055
29/11/2021;B;9:00:00;3904
30/11/2021;A;9:00:00;25837
30/11/2021;B;9:00:00;4188
1/12/2021;A;9:00:00;25641
1/12/2021;B;9:00:00;4258
2/12/2021;A;9:00:00;25679
2/12/2021;B;9:00:00;4503
3/12/2021;A;9:00:00;27827
3/12/2021;B;9:00:00;4452
4/12/2021;A;9:00:00;22998
4/12/2021;B;9:00:00;4043
5/12/2021;A;9:00:00;14942
5/12/2021;B;9:00:00;2899
6/12/2021;A;9:00:00;26368
6/12/2021;B;9:00:00;4239
7/12/2021;A;9:00:00;26372
7/12/2021;B;9:00:00;4527
8/12/2021;A;9:00:00;12462
8/12/2021;B;9:00:00;2302
9/12/2021;A;9:00:00;25867
9/12/2021;B;9:00:00;4368
10/12/2021;A;9:00:00;26063
10/12/2021;B;9:00:00;4353
11/12/2021;A;9:00:00;22761
11/12/2021;B;9:00:00;4316
12/12/2021;A;9:00:00;14444
12/12/2021;B;9:00:00;3115
13/12/2021;A;9:00:00;25871
13/12/2021;B;9:00:00;4295
14/12/2021;A;9:00:00;25434
14/12/2021;B;9:00:00;4226
15/12/2021;A;9:00:00;25905
15/12/2021;B;9:00:00;4571
16/12/2021;A;9:00:00;26828
16/12/2021;B;9:00:00;4528
17/12/2021;A;9:00:00;26597
17/12/2021;B;9:00:00;4216
18/12/2021;A;9:00:00;24121
18/12/2021;B;9:00:00;4252
19/12/2021;A;9:00:00;17037
19/12/2021;B;9:00:00;3405
20/12/2021;A;9:00:00;26468
20/12/2021;B;9:00:00;4302
21/12/2021;A;9:00:00;27067
21/12/2021;B;9:00:00;4360
22/12/2021;A;9:00:00;26959
22/12/2021;B;9:00:00;4307
23/12/2021;A;9:00:00;26357
23/12/2021;B;9:00:00;4385
24/12/2021;A;9:00:00;21489
24/12/2021;B;9:00:00;1332
25/12/2021;A;9:00:00;5634
25/12/2021;B;9:00:00;992
26/12/2021;A;9:00:00;9990
26/12/2021;B;9:00:00;1851
27/12/2021;A;9:00:00;22530
27/12/2021;B;9:00:00;3517
28/12/2021;A;9:00:00;22931
28/12/2021;B;9:00:00;3831
29/12/2021;A;9:00:00;22181
29/12/2021;B;9:00:00;3617
30/12/2021;A;9:00:00;21582
30/12/2021;B;9:00:00;3525
31/12/2021;A;9:00:00;16515
31/12/2021;B;9:00:00;2855
1/01/2022;A;9:00:00;4033
1/01/2022;B;9:00:00;667
2/01/2022;A;9:00:00;7623
2/01/2022;B;9:00:00;1497
3/01/2022;A;9:00:00;18310
3/01/2022;B;9:00:00;3104
4/01/2022;A;9:00:00;19240
4/01/2022;B;9:00:00;3216
5/01/2022;A;9:00:00;19661
5/01/2022;B;9:00:00;3342
6/01/2022;A;9:00:00;19122
6/01/2022;B;9:00:00;3322
7/01/2022;A;9:00:00;19056
7/01/2022;B;9:00:00;3213
8/01/2022;A;9:00:00;13440
8/01/2022;B;9:00:00;2886
9/01/2022;A;9:00:00;10600
9/01/2022;B;9:00:00;2078
10/01/2022;A;9:00:00;8346
10/01/2022;B;9:00:00;1521
11/01/2022;A;9:00:00;21161
11/01/2022;B;9:00:00;3642
12/01/2022;A;9:00:00;20809
12/01/2022;B;9:00:00;3572
13/01/2022;A;9:00:00;20565
13/01/2022;B;9:00:00;3535
14/01/2022;A;9:00:00;20781
14/01/2022;B;9:00:00;3492
15/01/2022;A;9:00:00;18675
15/01/2022;B;9:00:00;3358
16/01/2022;A;9:00:00;10466
16/01/2022;B;9:00:00;1944
17/01/2022;A;9:00:00;23059
17/01/2022;B;9:00:00;3740
18/01/2022;A;9:00:00;22647
18/01/2022;B;9:00:00;3827
19/01/2022;A;9:00:00;22605
19/01/2022;B;9:00:00;3684
20/01/2022;A;9:00:00;22747
20/01/2022;B;9:00:00;3518
21/01/2022;A;9:00:00;22218
21/01/2022;B;9:00:00;3778
22/01/2022;A;9:00:00;18953
22/01/2022;B;9:00:00;3340
23/01/2022;A;9:00:00;10629
23/01/2022;B;9:00:00;2060
24/01/2022;A;9:00:00;22992
24/01/2022;B;9:00:00;3783
25/01/2022;A;9:00:00;23521
25/01/2022;B;9:00:00;3857
26/01/2022;A;9:00:00;22782
26/01/2022;B;9:00:00;3919
27/01/2022;A;9:00:00;22839
27/01/2022;B;9:00:00;3783
28/01/2022;A;9:00:00;22984
28/01/2022;B;9:00:00;3967
29/01/2022;A;9:00:00;20073
29/01/2022;B;9:00:00;3357
30/01/2022;A;9:00:00;11337
30/01/2022;B;9:00:00;2134
31/01/2022;A;9:00:00;24398
31/01/2022;B;9:00:00;3931
1/02/2022;A;9:00:00;24881
1/02/2022;B;9:00:00;4103
2/02/2022;A;9:00:00;24829
2/02/2022;B;9:00:00;4001
3/02/2022;A;9:00:00;23436
3/02/2022;B;9:00:00;4052
4/02/2022;A;9:00:00;24573
4/02/2022;B;9:00:00;3996
5/02/2022;A;9:00:00;20543
5/02/2022;B;9:00:00;3722
6/02/2022;A;9:00:00;11288
6/02/2022;B;9:00:00;2154
7/02/2022;A;9:00:00;26022
7/02/2022;B;9:00:00;4331
8/02/2022;A;9:00:00;26331
8/02/2022;B;9:00:00;4392
9/02/2022;A;9:00:00;25390
9/02/2022;B;9:00:00;4201
10/02/2022;A;9:00:00;25570
10/02/2022;B;9:00:00;4300
11/02/2022;A;9:00:00;25271
11/02/2022;B;9:00:00;4223
12/02/2022;A;9:00:00;20220
12/02/2022;B;9:00:00;3653
13/02/2022;A;9:00:00;10243
13/02/2022;B;9:00:00;2044
14/02/2022;A;9:00:00;24595
14/02/2022;B;9:00:00;4247
15/02/2022;A;9:00:00;25573
15/02/2022;B;9:00:00;4514
16/02/2022;A;9:00:00;25932
16/02/2022;B;9:00:00;4380
17/02/2022;A;9:00:00;26252
17/02/2022;B;9:00:00;4433
18/02/2022;A;9:00:00;25701
18/02/2022;B;9:00:00;4274
19/02/2022;A;9:00:00;22269
19/02/2022;B;9:00:00;3960
20/02/2022;A;9:00:00;11736
20/02/2022;B;9:00:00;2092
21/02/2022;A;9:00:00;25732
21/02/2022;B;9:00:00;4416
22/02/2022;A;9:00:00;26371
22/02/2022;B;9:00:00;4292
23/02/2022;A;9:00:00;25514
23/02/2022;B;9:00:00;4335
24/02/2022;A;9:00:00;25360
24/02/2022;B;9:00:00;4197
25/02/2022;A;9:00:00;25826
25/02/2022;B;9:00:00;4020
26/02/2022;A;9:00:00;20871
26/02/2022;B;9:00:00;3769
27/02/2022;A;9:00:00;11363
27/02/2022;B;9:00:00;2408
28/02/2022;A;9:00:00;26059
28/02/2022;B;9:00:00;4432
1/03/2022;A;9:00:00;26770
1/03/2022;B;9:00:00;4509
2/03/2022;A;9:00:00;26461
2/03/2022;B;9:00:00;4454
3/03/2022;A;9:00:00;26548
3/03/2022;B;9:00:00;4459
4/03/2022;A;9:00:00;26676
4/03/2022;B;9:00:00;4452
5/03/2022;A;9:00:00;21419
5/03/2022;B;9:00:00;3586
6/03/2022;A;9:00:00;10942
6/03/2022;B;9:00:00;1989
7/03/2022;A;9:00:00;27161
7/03/2022;B;9:00:00;4235
8/03/2022;A;9:00:00;26719
8/03/2022;B;9:00:00;4546
9/03/2022;A;9:00:00;26276
9/03/2022;B;9:00:00;4343
10/03/2022;A;9:00:00;26294
10/03/2022;B;9:00:00;4306
11/03/2022;A;9:00:00;26380
11/03/2022;B;9:00:00;4467
12/03/2022;A;9:00:00;20487
12/03/2022;B;9:00:00;3693
13/03/2022;A;9:00:00;319
13/03/2022;B;9:00:00;24
14/03/2022;A;9:00:00;26119
14/03/2022;B;9:00:00;4291
15/03/2022;A;9:00:00;26754
15/03/2022;B;9:00:00;4489
16/03/2022;A;9:00:00;26488
16/03/2022;B;9:00:00;4461
17/03/2022;A;9:00:00;27066
17/03/2022;B;9:00:00;4488
18/03/2022;A;9:00:00;26380
18/03/2022;B;9:00:00;4535
19/03/2022;A;9:00:00;21946
19/03/2022;B;9:00:00;3867
20/03/2022;A;9:00:00;13024
20/03/2022;B;9:00:00;2765
21/03/2022;A;9:00:00;9372
21/03/2022;B;9:00:00;1901
22/03/2022;A;9:00:00;28415
22/03/2022;B;9:00:00;4599
23/03/2022;A;9:00:00;27080
23/03/2022;B;9:00:00;4504
24/03/2022;A;9:00:00;26758
24/03/2022;B;9:00:00;4477
25/03/2022;A;9:00:00;26053
25/03/2022;B;9:00:00;4288
26/03/2022;A;9:00:00;21535
26/03/2022;B;9:00:00;3876
27/03/2022;A;9:00:00;11409
27/03/2022;B;9:00:00;2052
28/03/2022;A;9:00:00;26469
28/03/2022;B;9:00:00;4407
29/03/2022;A;9:00:00;26724
29/03/2022;B;9:00:00;4384
30/03/2022;A;9:00:00;26478
30/03/2022;B;9:00:00;4550
31/03/2022;A;9:00:00;27030
31/03/2022;B;9:00:00;4483
1/04/2022;A;9:00:00;27646
1/04/2022;B;9:00:00;4529
2/04/2022;A;9:00:00;22348
2/04/2022;B;9:00:00;3893
3/04/2022;A;9:00:00;11870
3/04/2022;B;9:00:00;2129
4/04/2022;A;9:00:00;27251
4/04/2022;B;9:00:00;4362
5/04/2022;A;9:00:00;27923
5/04/2022;B;9:00:00;4521
6/04/2022;A;9:00:00;27552
6/04/2022;B;9:00:00;5175
7/04/2022;A;9:00:00;27554
7/04/2022;B;9:00:00;5143
8/04/2022;A;9:00:00;27804
8/04/2022;B;9:00:00;4509
9/04/2022;A;9:00:00;22139
9/04/2022;B;9:00:00;3623
10/04/2022;A;9:00:00;11667
10/04/2022;B;9:00:00;2196
11/04/2022;A;9:00:00;23162
11/04/2022;B;9:00:00;3976
12/04/2022;A;9:00:00;23709
12/04/2022;B;9:00:00;3888
13/04/2022;A;9:00:00;23018
13/04/2022;B;9:00:00;3826
14/04/2022;A;9:00:00;11738
14/04/2022;B;9:00:00;2233
15/04/2022;A;9:00:00;8856
15/04/2022;B;9:00:00;2090
16/04/2022;A;9:00:00;15595
16/04/2022;B;9:00:00;2945
17/04/2022;A;9:00:00;10657
17/04/2022;B;9:00:00;1863
18/04/2022;A;9:00:00;26150
18/04/2022;B;9:00:00;4355
19/04/2022;A;9:00:00;26954
19/04/2022;B;9:00:00;4642
20/04/2022;A;9:00:00;27291
20/04/2022;B;9:00:00;4422
21/04/2022;A;9:00:00;27166
21/04/2022;B;9:00:00;4450
22/04/2022;A;9:00:00;26885
22/04/2022;B;9:00:00;4431
23/04/2022;A;9:00:00;21733
23/04/2022;B;9:00:00;3899
24/04/2022;A;9:00:00;11542
24/04/2022;B;9:00:00;2311
25/04/2022;A;9:00:00;27310
25/04/2022;B;9:00:00;4272
26/04/2022;A;9:00:00;26497
26/04/2022;B;9:00:00;4528
27/04/2022;A;9:00:00;27336
27/04/2022;B;9:00:00;5386
28/04/2022;A;9:00:00;25397
28/04/2022;B;9:00:00;3964
29/04/2022;A;9:00:00;27054
29/04/2022;B;9:00:00;4530
30/04/2022;A;9:00:00;23384
30/04/2022;B;9:00:00;4155
1/05/2022;A;9:00:00;12071
1/05/2022;B;9:00:00;2391
2/05/2022;A;9:00:00;27181
2/05/2022;B;9:00:00;4378
3/05/2022;A;9:00:00;27738
3/05/2022;B;9:00:00;4661
4/05/2022;A;9:00:00;27498
4/05/2022;B;9:00:00;4565
5/05/2022;A;9:00:00;27589
5/05/2022;B;9:00:00;4591
6/05/2022;A;9:00:00;26908
6/05/2022;B;9:00:00;4445
7/05/2022;A;9:00:00;21692
7/05/2022;B;9:00:00;3945
8/05/2022;A;9:00:00;11434
8/05/2022;B;9:00:00;2153
9/05/2022;A;9:00:00;25102
9/05/2022;B;9:00:00;4139
10/05/2022;A;9:00:00;26875
10/05/2022;B;9:00:00;4452
11/05/2022;A;9:00:00;27018
11/05/2022;B;9:00:00;4352
12/05/2022;A;9:00:00;27132
12/05/2022;B;9:00:00;4505
13/05/2022;A;9:00:00;26888
13/05/2022;B;9:00:00;4611
14/05/2022;A;9:00:00;22941
14/05/2022;B;9:00:00;3763
15/05/2022;A;9:00:00;12608
15/05/2022;B;9:00:00;2422
16/05/2022;A;9:00:00;26497
16/05/2022;B;9:00:00;4444
17/05/2022;A;9:00:00;27657
17/05/2022;B;9:00:00;4613
18/05/2022;A;9:00:00;27614
18/05/2022;B;9:00:00;4517
19/05/2022;A;9:00:00;27006
19/05/2022;B;9:00:00;4648
20/05/2022;A;9:00:00;26521
20/05/2022;B;9:00:00;4444
21/05/2022;A;9:00:00;22078
21/05/2022;B;9:00:00;3971
22/05/2022;A;9:00:00;12301
22/05/2022;B;9:00:00;2236
23/05/2022;A;9:00:00;25759
23/05/2022;B;9:00:00;4293
24/05/2022;A;9:00:00;27258
24/05/2022;B;9:00:00;4500
25/05/2022;A;9:00:00;27055
25/05/2022;B;9:00:00;4437
26/05/2022;A;9:00:00;26697
26/05/2022;B;9:00:00;4381
27/05/2022;A;9:00:00;26285
27/05/2022;B;9:00:00;4430
28/05/2022;A;9:00:00;21797
28/05/2022;B;9:00:00;3666
29/05/2022;A;9:00:00;213
29/05/2022;B;9:00:00;94
30/05/2022;A;9:00:00;8989
30/05/2022;B;9:00:00;1671
31/05/2022;A;9:00:00;27632
31/05/2022;B;9:00:00;4454
1/06/2022;A;9:00:00;26833
1/06/2022;B;9:00:00;4426
2/06/2022;A;9:00:00;26527
2/06/2022;B;9:00:00;4414
3/06/2022;A;9:00:00;26945
3/06/2022;B;9:00:00;4368
4/06/2022;A;9:00:00;22131
4/06/2022;B;9:00:00;4086
5/06/2022;A;9:00:00;11633
5/06/2022;B;9:00:00;2306
6/06/2022;A;9:00:00;25953
6/06/2022;B;9:00:00;4144
7/06/2022;A;9:00:00;25792
7/06/2022;B;9:00:00;4550
8/06/2022;A;9:00:00;25783
8/06/2022;B;9:00:00;4287
9/06/2022;A;9:00:00;25044
9/06/2022;B;9:00:00;4395
10/06/2022;A;9:00:00;25860
10/06/2022;B;9:00:00;4387
11/06/2022;A;9:00:00;21974
11/06/2022;B;9:00:00;3673
12/06/2022;A;9:00:00;11483
12/06/2022;B;9:00:00;2263
13/06/2022;A;9:00:00;24730
13/06/2022;B;9:00:00;4029
14/06/2022;A;9:00:00;25906
14/06/2022;B;9:00:00;4310
15/06/2022;A;9:00:00;25597
15/06/2022;B;9:00:00;4343
16/06/2022;A;9:00:00;22985
16/06/2022;B;9:00:00;4409
17/06/2022;A;9:00:00;19879
17/06/2022;B;9:00:00;4266
18/06/2022;A;9:00:00;16266
18/06/2022;B;9:00:00;3777
19/06/2022;A;9:00:00;141
19/06/2022;B;9:00:00;15
20/06/2022;A;9:00:00;6994
20/06/2022;B;9:00:00;1678
21/06/2022;A;9:00:00;22929
21/06/2022;B;9:00:00;4327
22/06/2022;A;9:00:00;24965
22/06/2022;B;9:00:00;4433
23/06/2022;A;9:00:00;25196
23/06/2022;B;9:00:00;4383
24/06/2022;A;9:00:00;26383
24/06/2022;B;9:00:00;4462
25/06/2022;A;9:00:00;21877
25/06/2022;B;9:00:00;4062
26/06/2022;A;9:00:00;12717
26/06/2022;B;9:00:00;2641
27/06/2022;A;9:00:00;9463
27/06/2022;B;9:00:00;1935
28/06/2022;A;9:00:00;25150
28/06/2022;B;9:00:00;4287
29/06/2022;A;9:00:00;26368
29/06/2022;B;9:00:00;4276
30/06/2022;A;9:00:00;26211
30/06/2022;B;9:00:00;4339
1/07/2022;A;9:00:00;26263
1/07/2022;B;9:00:00;4540
2/07/2022;A;9:00:00;22759
2/07/2022;B;9:00:00;4125
3/07/2022;A;9:00:00;13948
3/07/2022;B;9:00:00;2914
4/07/2022;A;9:00:00;10619
4/07/2022;B;9:00:00;2165
5/07/2022;A;9:00:00;26244
5/07/2022;B;9:00:00;4266
6/07/2022;A;9:00:00;25783
6/07/2022;B;9:00:00;4240
7/07/2022;A;9:00:00;25582
7/07/2022;B;9:00:00;4089
8/07/2022;A;9:00:00;25677
8/07/2022;B;9:00:00;4196
9/07/2022;A;9:00:00;22872
9/07/2022;B;9:00:00;3971
10/07/2022;A;9:00:00;12778
10/07/2022;B;9:00:00;2465
11/07/2022;A;9:00:00;24830
11/07/2022;B;9:00:00;4042
12/07/2022;A;9:00:00;24711
12/07/2022;B;9:00:00;4258
13/07/2022;A;9:00:00;24996
13/07/2022;B;9:00:00;4136
14/07/2022;A;9:00:00;25552
14/07/2022;B;9:00:00;4151
15/07/2022;A;9:00:00;25099
15/07/2022;B;9:00:00;4303
16/07/2022;A;9:00:00;22748
16/07/2022;B;9:00:00;4240
17/07/2022;A;9:00:00;12402
17/07/2022;B;9:00:00;2416
18/07/2022;A;9:00:00;25462
18/07/2022;B;9:00:00;4008
19/07/2022;A;9:00:00;26085
19/07/2022;B;9:00:00;4523
20/07/2022;A;9:00:00;11927
20/07/2022;B;9:00:00;2231
21/07/2022;A;9:00:00;25878
21/07/2022;B;9:00:00;4334
22/07/2022;A;9:00:00;25760
22/07/2022;B;9:00:00;4112
23/07/2022;A;9:00:00;20186
23/07/2022;B;9:00:00;3434
24/07/2022;A;9:00:00;10498
24/07/2022;B;9:00:00;1882
25/07/2022;A;9:00:00;25644
25/07/2022;B;9:00:00;4191
26/07/2022;A;9:00:00;25945
26/07/2022;B;9:00:00;4454
27/07/2022;A;9:00:00;25716
27/07/2022;B;9:00:00;4296
28/07/2022;A;9:00:00;26509
28/07/2022;B;9:00:00;4430
29/07/2022;A;9:00:00;25995
29/07/2022;B;9:00:00;4411
30/07/2022;A;9:00:00;22094
30/07/2022;B;9:00:00;3868
31/07/2022;A;9:00:00;12106
31/07/2022;B;9:00:00;2375
1/08/2022;A;9:00:00;26386
1/08/2022;B;9:00:00;4415
2/08/2022;A;9:00:00;27742
2/08/2022;B;9:00:00;4653
3/08/2022;A;9:00:00;26317
3/08/2022;B;9:00:00;4394
4/08/2022;A;9:00:00;26727
4/08/2022;B;9:00:00;4442
5/08/2022;A;9:00:00;26333
5/08/2022;B;9:00:00;4361
6/08/2022;A;9:00:00;19940
6/08/2022;B;9:00:00;3360
7/08/2022;A;9:00:00;11632
7/08/2022;B;9:00:00;2191
8/08/2022;A;9:00:00;27186
8/08/2022;B;9:00:00;4619
9/08/2022;A;9:00:00;27816
9/08/2022;B;9:00:00;4797
10/08/2022;A;9:00:00;27844
10/08/2022;B;9:00:00;4556
11/08/2022;A;9:00:00;27273
11/08/2022;B;9:00:00;4564
12/08/2022;A;9:00:00;27299
12/08/2022;B;9:00:00;4739
13/08/2022;A;9:00:00;23928
13/08/2022;B;9:00:00;4429
14/08/2022;A;9:00:00;15656
14/08/2022;B;9:00:00;3358
15/08/2022;A;9:00:00;12838
15/08/2022;B;9:00:00;2489
16/08/2022;A;9:00:00;30797
16/08/2022;B;9:00:00;7767
17/08/2022;A;9:00:00;28810
17/08/2022;B;9:00:00;4800
18/08/2022;A;9:00:00;28692
18/08/2022;B;9:00:00;4897
19/08/2022;A;9:00:00;28166
19/08/2022;B;9:00:00;4773
20/08/2022;A;9:00:00;23565
20/08/2022;B;9:00:00;4105
21/08/2022;A;9:00:00;11464
21/08/2022;B;9:00:00;2563
22/08/2022;A;9:00:00;29474
22/08/2022;B;9:00:00;4571
23/08/2022;A;9:00:00;28967
23/08/2022;B;9:00:00;4979
24/08/2022;A;9:00:00;28509
24/08/2022;B;9:00:00;4863
25/08/2022;A;9:00:00;28460
25/08/2022;B;9:00:00;4778
26/08/2022;A;9:00:00;27770
26/08/2022;B;9:00:00;4589
27/08/2022;A;9:00:00;23156
27/08/2022;B;9:00:00;4079
28/08/2022;A;9:00:00;12228
28/08/2022;B;9:00:00;2311
29/08/2022;A;9:00:00;27719
29/08/2022;B;9:00:00;4328
30/08/2022;A;9:00:00;28574
30/08/2022;B;9:00:00;4740
31/08/2022;A;9:00:00;28177
31/08/2022;B;9:00:00;4635
1/09/2022;A;9:00:00;28340
1/09/2022;B;9:00:00;4767
2/09/2022;A;9:00:00;28447
2/09/2022;B;9:00:00;4838
3/09/2022;A;9:00:00;23982
3/09/2022;B;9:00:00;4269
4/09/2022;A;9:00:00;13288
4/09/2022;B;9:00:00;2598
5/09/2022;A;9:00:00;28128
5/09/2022;B;9:00:00;4677
6/09/2022;A;9:00:00;29474
6/09/2022;B;9:00:00;4876
7/09/2022;A;9:00:00;28566
7/09/2022;B;9:00:00;4784
8/09/2022;A;9:00:00;28626
8/09/2022;B;9:00:00;4732
9/09/2022;A;9:00:00;28056
9/09/2022;B;9:00:00;4826
10/09/2022;A;9:00:00;23342
10/09/2022;B;9:00:00;4071
11/09/2022;A;9:00:00;12508
11/09/2022;B;9:00:00;2383
12/09/2022;A;9:00:00;27491
12/09/2022;B;9:00:00;4569
13/09/2022;A;9:00:00;28602
13/09/2022;B;9:00:00;4864
14/09/2022;A;9:00:00;28543
14/09/2022;B;9:00:00;4663
15/09/2022;A;9:00:00;27827
15/09/2022;B;9:00:00;4762
16/09/2022;A;9:00:00;29104
16/09/2022;B;9:00:00;4677
17/09/2022;A;9:00:00;23845
17/09/2022;B;9:00:00;4205
18/09/2022;A;9:00:00;12372
18/09/2022;B;9:00:00;2401
19/09/2022;A;9:00:00;26246
19/09/2022;B;9:00:00;4303
20/09/2022;A;9:00:00;27561
20/09/2022;B;9:00:00;4460
21/09/2022;A;9:00:00;27611
21/09/2022;B;9:00:00;4630
22/09/2022;A;9:00:00;27642
22/09/2022;B;9:00:00;4411
23/09/2022;A;9:00:00;27319
23/09/2022;B;9:00:00;4535
24/09/2022;A;9:00:00;23492
24/09/2022;B;9:00:00;4291
25/09/2022;A;9:00:00;11962
25/09/2022;B;9:00:00;2236
26/09/2022;A;9:00:00;28177
26/09/2022;B;9:00:00;4622
27/09/2022;A;9:00:00;28110
27/09/2022;B;9:00:00;4534
28/09/2022;A;9:00:00;26843
28/09/2022;B;9:00:00;4663
29/09/2022;A;9:00:00;27663
29/09/2022;B;9:00:00;4577
30/09/2022;A;9:00:00;27402
30/09/2022;B;9:00:00;4511
1/10/2022;A;9:00:00;23651
1/10/2022;B;9:00:00;4054
2/10/2022;A;9:00:00;13254
2/10/2022;B;9:00:00;2430
3/10/2022;A;9:00:00;27340
3/10/2022;B;9:00:00;4436
4/10/2022;A;9:00:00;28497
4/10/2022;B;9:00:00;4748
5/10/2022;A;9:00:00;28017
5/10/2022;B;9:00:00;4707
6/10/2022;A;9:00:00;28250
6/10/2022;B;9:00:00;4574
7/10/2022;A;9:00:00;27758
7/10/2022;B;9:00:00;4573
8/10/2022;A;9:00:00;23512
8/10/2022;B;9:00:00;4108
9/10/2022;A;9:00:00;12298
9/10/2022;B;9:00:00;2437
10/10/2022;A;9:00:00;27370
10/10/2022;B;9:00:00;4521
11/10/2022;A;9:00:00;29763
11/10/2022;B;9:00:00;4897
12/10/2022;A;9:00:00;28609
12/10/2022;B;9:00:00;4768
13/10/2022;A;9:00:00;27982
13/10/2022;B;9:00:00;4831
14/10/2022;A;9:00:00;27668
14/10/2022;B;9:00:00;4967
15/10/2022;A;9:00:00;23453
15/10/2022;B;9:00:00;4485
16/10/2022;A;9:00:00;14152
16/10/2022;B;9:00:00;2839
17/10/2022;A;9:00:00;10390
17/10/2022;B;9:00:00;1999
18/10/2022;A;9:00:00;28860
18/10/2022;B;9:00:00;6463
19/10/2022;A;9:00:00;28296
19/10/2022;B;9:00:00;5056
20/10/2022;A;9:00:00;28682
20/10/2022;B;9:00:00;5227
21/10/2022;A;9:00:00;27075
21/10/2022;B;9:00:00;5058
22/10/2022;A;9:00:00;24340
22/10/2022;B;9:00:00;4634
23/10/2022;A;9:00:00;11652
23/10/2022;B;9:00:00;2426
24/10/2022;A;9:00:00;27438
24/10/2022;B;9:00:00;4376
25/10/2022;A;9:00:00;27260
25/10/2022;B;9:00:00;4575
26/10/2022;A;9:00:00;28632
26/10/2022;B;9:00:00;4657
27/10/2022;A;9:00:00;27886
27/10/2022;B;9:00:00;4559
28/10/2022;A;9:00:00;26580
28/10/2022;B;9:00:00;4185
29/10/2022;A;9:00:00;24644
29/10/2022;B;9:00:00;4279
30/10/2022;A;9:00:00;11510
30/10/2022;B;9:00:00;2154
31/10/2022;A;9:00:00;27656
31/10/2022;B;9:00:00;4366
1/11/2022;A;9:00:00;28205
1/11/2022;B;9:00:00;4648
2/11/2022;A;9:00:00;28784
2/11/2022;B;9:00:00;4657
3/11/2022;A;9:00:00;28290
3/11/2022;B;9:00:00;4581
4/11/2022;A;9:00:00;27747
4/11/2022;B;9:00:00;4581
5/11/2022;A;9:00:00;24086
5/11/2022;B;9:00:00;4210
6/11/2022;A;9:00:00;12433
6/11/2022;B;9:00:00;2475
7/11/2022;A;9:00:00;9494
7/11/2022;B;9:00:00;1765
8/11/2022;A;9:00:00;30947
8/11/2022;B;9:00:00;4904
9/11/2022;A;9:00:00;28486
9/11/2022;B;9:00:00;4583
10/11/2022;A;9:00:00;30925
10/11/2022;B;9:00:00;4652
11/11/2022;A;9:00:00;28194
11/11/2022;B;9:00:00;4633
12/11/2022;A;9:00:00;23114
12/11/2022;B;9:00:00;4063
13/11/2022;A;9:00:00;12650
13/11/2022;B;9:00:00;2424
14/11/2022;A;9:00:00;9507
14/11/2022;B;9:00:00;1743
15/11/2022;A;9:00:00;28853
15/11/2022;B;9:00:00;4847
16/11/2022;A;9:00:00;28490
16/11/2022;B;9:00:00;4591
17/11/2022;A;9:00:00;28164
17/11/2022;B;9:00:00;4651
18/11/2022;A;9:00:00;28258
18/11/2022;B;9:00:00;4632
19/11/2022;A;9:00:00;24144
19/11/2022;B;9:00:00;4300
20/11/2022;A;9:00:00;12187
20/11/2022;B;9:00:00;2272
21/11/2022;A;9:00:00;27559
21/11/2022;B;9:00:00;4422
22/11/2022;A;9:00:00;28204
22/11/2022;B;9:00:00;4511
23/11/2022;A;9:00:00;28192
23/11/2022;B;9:00:00;4538
24/11/2022;A;9:00:00;27486
24/11/2022;B;9:00:00;4481
25/11/2022;A;9:00:00;27982
25/11/2022;B;9:00:00;4724
26/11/2022;A;9:00:00;23143
26/11/2022;B;9:00:00;4119
27/11/2022;A;9:00:00;13312
27/11/2022;B;9:00:00;2517
28/11/2022;A;9:00:00;27023
28/11/2022;B;9:00:00;4430
29/11/2022;A;9:00:00;27775
29/11/2022;B;9:00:00;4635
30/11/2022;A;9:00:00;28857
30/11/2022;B;9:00:00;4727
1/12/2022;A;9:00:00;28103
1/12/2022;B;9:00:00;4669
2/12/2022;A;9:00:00;28589
2/12/2022;B;9:00:00;4821
3/12/2022;A;9:00:00;25167
3/12/2022;B;9:00:00;4093
4/12/2022;A;9:00:00;14704
4/12/2022;B;9:00:00;2742
5/12/2022;A;9:00:00;28629
5/12/2022;B;9:00:00;4735
6/12/2022;A;9:00:00;29614
6/12/2022;B;9:00:00;4892
7/12/2022;A;9:00:00;28560
7/12/2022;B;9:00:00;4842
8/12/2022;A;9:00:00;12977
8/12/2022;B;9:00:00;2435
9/12/2022;A;9:00:00;28451
9/12/2022;B;9:00:00;4562
10/12/2022;A;9:00:00;23952
10/12/2022;B;9:00:00;4465
11/12/2022;A;9:00:00;15142
11/12/2022;B;9:00:00;2910
12/12/2022;A;9:00:00;28123
12/12/2022;B;9:00:00;4306
13/12/2022;A;9:00:00;29452
13/12/2022;B;9:00:00;4524
14/12/2022;A;9:00:00;28628
14/12/2022;B;9:00:00;4447
15/12/2022;A;9:00:00;28162
15/12/2022;B;9:00:00;4442
16/12/2022;A;9:00:00;29760
16/12/2022;B;9:00:00;4675
17/12/2022;A;9:00:00;26477
17/12/2022;B;9:00:00;4555
18/12/2022;A;9:00:00;18268
18/12/2022;B;9:00:00;3301
19/12/2022;A;9:00:00;28114
19/12/2022;B;9:00:00;4475
20/12/2022;A;9:00:00;28634
20/12/2022;B;9:00:00;4595
21/12/2022;A;9:00:00;28530
21/12/2022;B;9:00:00;4555
22/12/2022;A;9:00:00;28184
22/12/2022;B;9:00:00;4548
23/12/2022;A;9:00:00;27268
23/12/2022;B;9:00:00;4457
24/12/2022;A;9:00:00;20373
24/12/2022;B;9:00:00;3605
25/12/2022;A;9:00:00;6282
25/12/2022;B;9:00:00;1122
26/12/2022;A;9:00:00;21213
26/12/2022;B;9:00:00;3581
27/12/2022;A;9:00:00;22344
27/12/2022;B;9:00:00;3799
28/12/2022;A;9:00:00;23474
28/12/2022;B;9:00:00;3811
29/12/2022;A;9:00:00;22946
29/12/2022;B;9:00:00;3712
30/12/2022;A;9:00:00;22013
30/12/2022;B;9:00:00;3637
31/12/2022;A;9:00:00;15655
31/12/2022;B;9:00:00;2750
1/01/2023;A;9:00:00;4852
1/01/2024;B;9:00:00;863
1/02/2023;A;9:00:00;17084
1/02/2023;B;9:00:00;2996
1/03/2023;A;9:00:00;18418
1/03/2023;B;9:00:00;3316
1/04/2023;A;9:00:00;21609
1/04/2023;B;9:00:00;3741
1/05/2023;A;9:00:00;21415
1/05/2023;B;9:00:00;3594
1/06/2023;A;9:00:00;21802
1/06/2023;B;9:00:00;3776
1/07/2023;A;9:00:00;18843
1/07/2023;B;9:00:00;3447
1/08/2023;A;9:00:00;12098
1/08/2023;B;9:00:00;2518
1/09/2023;A;9:00:00;9574
1/09/2023;B;9:00:00;1926
1/10/2023;A;9:00:00;23947
1/10/2023;B;9:00:00;3945
1/11/2023;A;9:00:00;23425
1/11/2023;B;9:00:00;4006
1/12/2023;A;9:00:00;23537
1/12/2023;B;9:00:00;3863
13/01/2023;A;9:00:00;23623
13/01/2023;B;9:00:00;3869
14/01/2023;A;9:00:00;20929
14/01/2023;B;9:00:00;3763
15/01/2023;A;9:00:00;12282
15/01/2023;B;9:00:00;2602
16/01/2023;A;9:00:00;25459
16/01/2023;B;9:00:00;4186
17/01/2023;A;9:00:00;26570
17/01/2023;B;9:00:00;4293
18/01/2023;A;9:00:00;25888
18/01/2023;B;9:00:00;4248
19/01/2023;A;9:00:00;23817
19/01/2023;B;9:00:00;4355
20/01/2023;A;9:00:00;26403
20/01/2023;B;9:00:00;4503
21/01/2023;A;9:00:00;21396
21/01/2023;B;9:00:00;3944
22/01/2023;A;9:00:00;11898
22/01/2023;B;9:00:00;2387
23/01/2023;A;9:00:00;26339
23/01/2023;B;9:00:00;4464
24/01/2023;A;9:00:00;26231
24/01/2023;B;9:00:00;4417
25/01/2023;A;9:00:00;26024
25/01/2023;B;9:00:00;4403
26/01/2023;A;9:00:00;25998
26/01/2023;B;9:00:00;4337
27/01/2023;A;9:00:00;26280
27/01/2023;B;9:00:00;4370
28/01/2023;A;9:00:00;21808
28/01/2023;B;9:00:00;3904
29/01/2023;A;9:00:00;11408
29/01/2023;B;9:00:00;2312
30/01/2023;A;9:00:00;26371
30/01/2023;B;9:00:00;4251
31/01/2023;A;9:00:00;27016
31/01/2023;B;9:00:00;4517
2/01/2023;A;9:00:00;27352
2/01/2023;B;9:00:00;4573
2/02/2023;A;9:00:00;27465
2/02/2023;B;9:00:00;4464
2/03/2023;A;9:00:00;27544
2/03/2023;B;9:00:00;4587
2/04/2023;A;9:00:00;22946
2/04/2023;B;9:00:00;4038
2/05/2023;A;9:00:00;12534
2/05/2023;B;9:00:00;2420
2/06/2023;A;9:00:00;28981
2/06/2023;B;9:00:00;4843
2/07/2023;A;9:00:00;29342
2/07/2023;B;9:00:00;4978
2/08/2023;A;9:00:00;29018
2/08/2023;B;9:00:00;4831
2/09/2023;A;9:00:00;28799
2/09/2023;B;9:00:00;4962
2/10/2023;A;9:00:00;28309
2/10/2023;B;9:00:00;4938
2/11/2023;A;9:00:00;22982
2/11/2023;B;9:00:00;3989
2/12/2023;A;9:00:00;10963
2/12/2023;B;9:00:00;2206
13/02/2023;A;9:00:00;27563
13/02/2023;B;9:00:00;4679
14/02/2023;A;9:00:00;28109
14/02/2023;B;9:00:00;4748
15/02/2023;A;9:00:00;28927
15/02/2023;B;9:00:00;5010
16/02/2023;A;9:00:00;29308
16/02/2023;B;9:00:00;4857
17/02/2023;A;9:00:00;28854
17/02/2023;B;9:00:00;4855
18/02/2023;A;9:00:00;23018
18/02/2023;B;9:00:00;4097
19/02/2023;A;9:00:00;12192
19/02/2023;B;9:00:00;2399
20/02/2023;A;9:00:00;28620
20/02/2023;B;9:00:00;4874
21/02/2023;A;9:00:00;30036
21/02/2023;B;9:00:00;5188
22/02/2023;A;9:00:00;25927
22/02/2023;B;9:00:00;4620
23/02/2023;A;9:00:00;29479
23/02/2023;B;9:00:00;5026
24/02/2023;A;9:00:00;28396
24/02/2023;B;9:00:00;4959
25/02/2023;A;9:00:00;23268
25/02/2023;B;9:00:00;3988
26/02/2023;A;9:00:00;11701
26/02/2023;B;9:00:00;2377
27/02/2023;A;9:00:00;28386
27/02/2023;B;9:00:00;4750
28/02/2023;A;9:00:00;30161
28/02/2023;B;9:00:00;5044
3/01/2023;A;9:00:00;29759
3/01/2023;B;9:00:00;5045
3/02/2023;A;9:00:00;30112
3/02/2023;B;9:00:00;5037
3/03/2023;A;9:00:00;29337
3/03/2023;B;9:00:00;5141
3/04/2023;A;9:00:00;23401
3/04/2023;B;9:00:00;4159
3/05/2023;A;9:00:00;12593
3/05/2023;B;9:00:00;2374
3/06/2023;A;9:00:00;28640
3/06/2023;B;9:00:00;4793
3/07/2023;A;9:00:00;29270
3/07/2023;B;9:00:00;4966
3/08/2023;A;9:00:00;28990
3/08/2023;B;9:00:00;5095
3/09/2023;A;9:00:00;28416
3/09/2023;B;9:00:00;4877
3/10/2023;A;9:00:00;28124
3/10/2023;B;9:00:00;4769
3/11/2023;A;9:00:00;22575
3/11/2023;B;9:00:00;3940
3/12/2023;A;9:00:00;11465
3/12/2023;B;9:00:00;2493
13/03/2023;A;9:00:00;26502
13/03/2023;B;9:00:00;4293
14/03/2023;A;9:00:00;29055
14/03/2023;B;9:00:00;4952
15/03/2023;A;9:00:00;29253
15/03/2023;B;9:00:00;4913
16/03/2023;A;9:00:00;29686
16/03/2023;B;9:00:00;5027
17/03/2023;A;9:00:00;29379
17/03/2023;B;9:00:00;4915
18/03/2023;A;9:00:00;23371
18/03/2023;B;9:00:00;4076
19/03/2023;A;9:00:00;12638
19/03/2023;B;9:00:00;2773
20/03/2023;A;9:00:00;9742
20/03/2023;B;9:00:00;1867
21/03/2023;A;9:00:00;30324
21/03/2023;B;9:00:00;5098
22/03/2023;A;9:00:00;29927
22/03/2023;B;9:00:00;4954
23/03/2023;A;9:00:00;29284
23/03/2023;B;9:00:00;4924
24/03/2023;A;9:00:00;28562
24/03/2023;B;9:00:00;4851
25/03/2023;A;9:00:00;22607
25/03/2023;B;9:00:00;4012
26/03/2023;A;9:00:00;11683
26/03/2023;B;9:00:00;2225
27/03/2023;A;9:00:00;28689
27/03/2023;B;9:00:00;6458
28/03/2023;A;9:00:00;28813
28/03/2023;B;9:00:00;4855
29/03/2023;A;9:00:00;28819
29/03/2023;B;9:00:00;4902
30/03/2023;A;9:00:00;28791
30/03/2023;B;9:00:00;4668
31/03/2023;A;9:00:00;28894
31/03/2023;B;9:00:00;4635
4/01/2023;A;9:00:00;23622
4/01/2023;B;9:00:00;4149
4/02/2023;A;9:00:00;12644
4/02/2023;B;9:00:00;2208
4/03/2023;A;9:00:00;25410
4/03/2023;B;9:00:00;4134
4/04/2023;A;9:00:00;24881
4/04/2023;B;9:00:00;4172
4/05/2023;A;9:00:00;23896
4/05/2023;B;9:00:00;4146
4/06/2023;A;9:00:00;11675
4/06/2023;B;9:00:00;2247
4/07/2023;A;9:00:00;8889
4/07/2023;B;9:00:00;1945
4/08/2023;A;9:00:00;15518
4/08/2023;B;9:00:00;2900
4/09/2023;A;9:00:00;10390
4/09/2023;B;9:00:00;1906
4/10/2023;A;9:00:00;27841
4/10/2023;B;9:00:00;4526
4/11/2023;A;9:00:00;29203
4/11/2023;B;9:00:00;4865
4/12/2023;A;9:00:00;28812
4/12/2023;B;9:00:00;4795
13/04/2023;A;9:00:00;28698
13/04/2023;B;9:00:00;4953
14/04/2023;A;9:00:00;28764
14/04/2023;B;9:00:00;4619
15/04/2023;A;9:00:00;23935
15/04/2023;B;9:00:00;4253
16/04/2023;A;9:00:00;12781
16/04/2023;B;9:00:00;2366
17/04/2023;A;9:00:00;28224
17/04/2023;B;9:00:00;4696
18/04/2023;A;9:00:00;29113
18/04/2023;B;9:00:00;4966
19/04/2023;A;9:00:00;28725
19/04/2023;B;9:00:00;4754
20/04/2023;A;9:00:00;28556
20/04/2023;B;9:00:00;4829
21/04/2023;A;9:00:00;27977
21/04/2023;B;9:00:00;4623
22/04/2023;A;9:00:00;23281
22/04/2023;B;9:00:00;3945
23/04/2023;A;9:00:00;12364
23/04/2023;B;9:00:00;2425
24/04/2023;A;9:00:00;28327
24/04/2023;B;9:00:00;4525
25/04/2023;A;9:00:00;29148
25/04/2023;B;9:00:00;4686
26/04/2023;A;9:00:00;28712
26/04/2023;B;9:00:00;4759
27/04/2023;A;9:00:00;29014
27/04/2023;B;9:00:00;4512
28/04/2023;A;9:00:00;28716
28/04/2023;B;9:00:00;4714
29/04/2023;A;9:00:00;23923
29/04/2023;B;9:00:00;4186
30/04/2023;A;9:00:00;14054
30/04/2023;B;9:00:00;2587
5/01/2023;A;9:00:00;10354
5/01/2023;B;9:00:00;2021
5/02/2023;A;9:00:00;30542
5/02/2023;B;9:00:00;4868
5/03/2023;A;9:00:00;29556
5/03/2023;B;9:00:00;4677
5/04/2023;A;9:00:00;29540
5/04/2023;B;9:00:00;4672
5/05/2023;A;9:00:00;29238
5/05/2023;B;9:00:00;4794
5/06/2023;A;9:00:00;24471
5/06/2023;B;9:00:00;4192
5/07/2023;A;9:00:00;12707
5/07/2023;B;9:00:00;2487
5/08/2023;A;9:00:00;28527
5/08/2023;B;9:00:00;4744
5/09/2023;A;9:00:00;29369
5/09/2023;B;9:00:00;4687
5/10/2023;A;9:00:00;28888
5/10/2023;B;9:00:00;4749
5/11/2023;A;9:00:00;28917
5/11/2023;B;9:00:00;4708
5/12/2023;A;9:00:00;28999
5/12/2023;B;9:00:00;4751
13/05/2023;A;9:00:00;23585
13/05/2023;B;9:00:00;4069
14/05/2023;A;9:00:00;12022
14/05/2023;B;9:00:00;2186
15/05/2023;A;9:00:00;26649
15/05/2023;B;9:00:00;4307
16/05/2023;A;9:00:00;28946
16/05/2023;B;9:00:00;4880
17/05/2023;A;9:00:00;29046
17/05/2023;B;9:00:00;4722
18/05/2023;A;9:00:00;28372
18/05/2023;B;9:00:00;4675
19/05/2023;A;9:00:00;28514
19/05/2023;B;9:00:00;4686
20/05/2023;A;9:00:00;23352
20/05/2023;B;9:00:00;4037
21/05/2023;A;9:00:00;12802
21/05/2023;B;9:00:00;2480
22/05/2023;A;9:00:00;9716
22/05/2023;B;9:00:00;2018
23/05/2023;A;9:00:00;29164
23/05/2023;B;9:00:00;4678
24/05/2023;A;9:00:00;28685
24/05/2023;B;9:00:00;4792
25/05/2023;A;9:00:00;27765
25/05/2023;B;9:00:00;4603
26/05/2023;A;9:00:00;28272
26/05/2023;B;9:00:00;4621
27/05/2023;A;9:00:00;22888
27/05/2023;B;9:00:00;4010
28/05/2023;A;9:00:00;11455
28/05/2023;B;9:00:00;2158
29/05/2023;A;9:00:00;27566
29/05/2023;B;9:00:00;4201
30/05/2023;A;9:00:00;27743
30/05/2023;B;9:00:00;4554
31/05/2023;A;9:00:00;27638
31/05/2023;B;9:00:00;4364
6/01/2023;A;9:00:00;28026
6/01/2023;B;9:00:00;4471
6/02/2023;A;9:00:00;28103
6/02/2023;B;9:00:00;4568
6/03/2023;A;9:00:00;23268
6/03/2023;B;9:00:00;3970
6/04/2023;A;9:00:00;11804
6/04/2023;B;9:00:00;2270
6/05/2023;A;9:00:00;26446
6/05/2023;B;9:00:00;4415
6/06/2023;A;9:00:00;27938
6/06/2023;B;9:00:00;4514
6/07/2023;A;9:00:00;28062
6/07/2023;B;9:00:00;4451
6/08/2023;A;9:00:00;26914
6/08/2023;B;9:00:00;4393
6/09/2023;A;9:00:00;26655
6/09/2023;B;9:00:00;4330
6/10/2023;A;9:00:00;22751
6/10/2023;B;9:00:00;3796
6/11/2023;A;9:00:00;12526
6/11/2023;B;9:00:00;2561
6/12/2023;A;9:00:00;9356
6/12/2023;B;9:00:00;1880
13/06/2023;A;9:00:00;27738
13/06/2023;B;9:00:00;4428
14/06/2023;A;9:00:00;27415
14/06/2023;B;9:00:00;4452
15/06/2023;A;9:00:00;26799
15/06/2023;B;9:00:00;4339
16/06/2023;A;9:00:00;26110
16/06/2023;B;9:00:00;4373
17/06/2023;A;9:00:00;23962
17/06/2023;B;9:00:00;4049
18/06/2023;A;9:00:00;14016
18/06/2023;B;9:00:00;2781
19/06/2023;A;9:00:00;10445
19/06/2023;B;9:00:00;1996
20/06/2023;A;9:00:00;30615
20/06/2023;B;9:00:00;4894
21/06/2023;A;9:00:00;27812
21/06/2023;B;9:00:00;4540
22/06/2023;A;9:00:00;26106
22/06/2023;B;9:00:00;4338
23/06/2023;A;9:00:00;27071
23/06/2023;B;9:00:00;4437
24/06/2023;A;9:00:00;22550
24/06/2023;B;9:00:00;4051
25/06/2023;A;9:00:00;12173
25/06/2023;B;9:00:00;2391
26/06/2023;A;9:00:00;25289
26/06/2023;B;9:00:00;3959
27/06/2023;A;9:00:00;26330
27/06/2023;B;9:00:00;4346
28/06/2023;A;9:00:00;26572
28/06/2023;B;9:00:00;4369
29/06/2023;A;9:00:00;25981
29/06/2023;B;9:00:00;4273
30/06/2023;A;9:00:00;27185
30/06/2023;B;9:00:00;4703
7/01/2023;A;9:00:00;24173
7/01/2023;B;9:00:00;4245
7/02/2023;A;9:00:00;14818
7/02/2023;B;9:00:00;2964
7/03/2023;A;9:00:00;10730
7/03/2023;B;9:00:00;2136
7/04/2023;A;9:00:00;26507
7/04/2023;B;9:00:00;4355
7/05/2023;A;9:00:00;26393
7/05/2023;B;9:00:00;4383
7/06/2023;A;9:00:00;25996
7/06/2023;B;9:00:00;4219
7/07/2023;A;9:00:00;26404
7/07/2023;B;9:00:00;4469
7/08/2023;A;9:00:00;22567
7/08/2023;B;9:00:00;4054
7/09/2023;A;9:00:00;12512
7/09/2023;B;9:00:00;2535
7/10/2023;A;9:00:00;26136
7/10/2023;B;9:00:00;4361
7/11/2023;A;9:00:00;26550
7/11/2023;B;9:00:00;4459
7/12/2023;A;9:00:00;26683
7/12/2023;B;9:00:00;4234
13/07/2023;A;9:00:00;26217
13/07/2023;B;9:00:00;4153
14/07/2023;A;9:00:00;26432
14/07/2023;B;9:00:00;4203
15/07/2023;A;9:00:00;23548
15/07/2023;B;9:00:00;4136
16/07/2023;A;9:00:00;13679
16/07/2023;B;9:00:00;2501
17/07/2023;A;9:00:00;26920
17/07/2023;B;9:00:00;4205
18/07/2023;A;9:00:00;27558
18/07/2023;B;9:00:00;4343
19/07/2023;A;9:00:00;28284
19/07/2023;B;9:00:00;4715
20/07/2023;A;9:00:00;12927
20/07/2023;B;9:00:00;2490
21/07/2023;A;9:00:00;26466
21/07/2023;B;9:00:00;4474
22/07/2023;A;9:00:00;22970
22/07/2023;B;9:00:00;4340
23/07/2023;A;9:00:00;12487
23/07/2023;B;9:00:00;2445
24/07/2023;A;9:00:00;27252
24/07/2023;B;9:00:00;4476
25/07/2023;A;9:00:00;26904
25/07/2023;B;9:00:00;4488
26/07/2023;A;9:00:00;26148
26/07/2023;B;9:00:00;4487
27/07/2023;A;9:00:00;27508
27/07/2023;B;9:00:00;4473
28/07/2023;A;9:00:00;27454
28/07/2023;B;9:00:00;4444
29/07/2023;A;9:00:00;23476
29/07/2023;B;9:00:00;3914
30/07/2023;A;9:00:00;13001
30/07/2023;B;9:00:00;2587
31/07/2023;A;9:00:00;27351
31/07/2023;B;9:00:00;4398
8/01/2023;A;9:00:00;29722
8/01/2023;B;9:00:00;4806
8/02/2023;A;9:00:00;29168
8/02/2023;B;9:00:00;4415
8/03/2023;A;9:00:00;28949
8/03/2023;B;9:00:00;4926
8/04/2023;A;9:00:00;28897
8/04/2023;B;9:00:00;4842
8/05/2023;A;9:00:00;28373
8/05/2023;B;9:00:00;5008
8/06/2023;A;9:00:00;15620
8/06/2023;B;9:00:00;3064
8/07/2023;A;9:00:00;13178
8/07/2023;B;9:00:00;2588
8/08/2023;A;9:00:00;30809
8/08/2023;B;9:00:00;9409
8/09/2023;A;9:00:00;31962
8/09/2023;B;9:00:00;5380
8/10/2023;A;9:00:00;30730
8/10/2023;B;9:00:00;5034
8/11/2023;A;9:00:00;29428
8/11/2023;B;9:00:00;5025
8/12/2023;A;9:00:00;24409
8/12/2023;B;9:00:00;4168
13/08/2023;A;9:00:00;11479
13/08/2023;B;9:00:00;2359
14/08/2023;A;9:00:00;28728
14/08/2023;B;9:00:00;4636
15/08/2023;A;9:00:00;29592
15/08/2023;B;9:00:00;5012
16/08/2023;A;9:00:00;30318
16/08/2023;B;9:00:00;5006
17/08/2023;A;9:00:00;29318
17/08/2023;B;9:00:00;5131
18/08/2023;A;9:00:00;28726
18/08/2023;B;9:00:00;4695
19/08/2023;A;9:00:00;25246
19/08/2023;B;9:00:00;4344
20/08/2023;A;9:00:00;13832
20/08/2023;B;9:00:00;2730
21/08/2023;A;9:00:00;10176
21/08/2023;B;9:00:00;2085
22/08/2023;A;9:00:00;29596
22/08/2023;B;9:00:00;4657
23/08/2023;A;9:00:00;30005
23/08/2023;B;9:00:00;4880
24/08/2023;A;9:00:00;29164
24/08/2023;B;9:00:00;4827
25/08/2023;A;9:00:00;28491
25/08/2023;B;9:00:00;4621
26/08/2023;A;9:00:00;23860
26/08/2023;B;9:00:00;4035
27/08/2023;A;9:00:00;12246
27/08/2023;B;9:00:00;2325
28/08/2023;A;9:00:00;27912
28/08/2023;B;9:00:00;4543
29/08/2023;A;9:00:00;28755
29/08/2023;B;9:00:00;4619
30/08/2023;A;9:00:00;28908
30/08/2023;B;9:00:00;4793
31/08/2023;A;9:00:00;29102
31/08/2023;B;9:00:00;4674
9/01/2023;A;9:00:00;28708
9/01/2023;B;9:00:00;4728
9/02/2023;A;9:00:00;24263
9/02/2023;B;9:00:00;4083
9/03/2023;A;9:00:00;14250
9/03/2023;B;9:00:00;2595
9/04/2023;A;9:00:00;29041
9/04/2023;B;9:00:00;4533
9/05/2023;A;9:00:00;29852
9/05/2023;B;9:00:00;4683
9/06/2023;A;9:00:00;29260
9/06/2023;B;9:00:00;4596
9/07/2023;A;9:00:00;28853
9/07/2023;B;9:00:00;4774
9/08/2023;A;9:00:00;28524
9/08/2023;B;9:00:00;4665
9/09/2023;A;9:00:00;24334
9/09/2023;B;9:00:00;4092
9/10/2023;A;9:00:00;12602
9/10/2023;B;9:00:00;2346
9/11/2023;A;9:00:00;28680
9/11/2023;B;9:00:00;4528
9/12/2023;A;9:00:00;29325
9/12/2023;B;9:00:00;4644
13/09/2023;A;9:00:00;28962
13/09/2023;B;9:00:00;4641
14/09/2023;A;9:00:00;28853
14/09/2023;B;9:00:00;4736
15/09/2023;A;9:00:00;29112
15/09/2023;B;9:00:00;4813
16/09/2023;A;9:00:00;25120
16/09/2023;B;9:00:00;4344
17/09/2023;A;9:00:00;12402
17/09/2023;B;9:00:00;2279
18/09/2023;A;9:00:00;27868
18/09/2023;B;9:00:00;4548
19/09/2023;A;9:00:00;28621
19/09/2023;B;9:00:00;4561
20/09/2023;A;9:00:00;28611
20/09/2023;B;9:00:00;4634
21/09/2023;A;9:00:00;28776
21/09/2023;B;9:00:00;4799
22/09/2023;A;9:00:00;27958
22/09/2023;B;9:00:00;4645
23/09/2023;A;9:00:00;20603
23/09/2023;B;9:00:00;2864
24/09/2023;A;9:00:00;12204
24/09/2023;B;9:00:00;2363
25/09/2023;A;9:00:00;27135
25/09/2023;B;9:00:00;4571
26/09/2023;A;9:00:00;28681
26/09/2023;B;9:00:00;4648
27/09/2023;A;9:00:00;30336
27/09/2023;B;9:00:00;5299
28/09/2023;A;9:00:00;29622
28/09/2023;B;9:00:00;5222
29/09/2023;A;9:00:00;28513
29/09/2023;B;9:00:00;4424
30/09/2023;A;9:00:00;23889
30/09/2023;B;9:00:00;4185
10/01/2023;A;9:00:00;14152
10/01/2023;B;9:00:00;2418
10/02/2023;A;9:00:00;28020
10/02/2023;B;9:00:00;4479
10/03/2023;A;9:00:00;29087
10/03/2023;B;9:00:00;4684
10/04/2023;A;9:00:00;26943
10/04/2023;B;9:00:00;3821
10/05/2023;A;9:00:00;28882
10/05/2023;B;9:00:00;4792
10/06/2023;A;9:00:00;28334
10/06/2023;B;9:00:00;4796
10/07/2023;A;9:00:00;24339
10/07/2023;B;9:00:00;4048
10/08/2023;A;9:00:00;11881
10/08/2023;B;9:00:00;2233
10/09/2023;A;9:00:00;28149
10/09/2023;B;9:00:00;4544
10/10/2023;A;9:00:00;28796
10/10/2023;B;9:00:00;5385
10/11/2023;A;9:00:00;28783
10/11/2023;B;9:00:00;4867
10/12/2023;A;9:00:00;29191
10/12/2023;B;9:00:00;4730
13/10/2023;A;9:00:00;28374
13/10/2023;B;9:00:00;4975
14/10/2023;A;9:00:00;23786
14/10/2023;B;9:00:00;4276
15/10/2023;A;9:00:00;13465
15/10/2023;B;9:00:00;2812
16/10/2023;A;9:00:00;9876
16/10/2023;B;9:00:00;1805
17/10/2023;A;9:00:00;29338
17/10/2023;B;9:00:00;4660
18/10/2023;A;9:00:00;29394
18/10/2023;B;9:00:00;4688
19/10/2023;A;9:00:00;29049
19/10/2023;B;9:00:00;4666
20/10/2023;A;9:00:00;29264
20/10/2023;B;9:00:00;4560
21/10/2023;A;9:00:00;22996
21/10/2023;B;9:00:00;4131
22/10/2023;A;9:00:00;11845
22/10/2023;B;9:00:00;2209
23/10/2023;A;9:00:00;27665
23/10/2023;B;9:00:00;4410
24/10/2023;A;9:00:00;28480
24/10/2023;B;9:00:00;4733
25/10/2023;A;9:00:00;28599
25/10/2023;B;9:00:00;4723
26/10/2023;A;9:00:00;28698
26/10/2023;B;9:00:00;4613
27/10/2023;A;9:00:00;27649
27/10/2023;B;9:00:00;4642
28/10/2023;A;9:00:00;22782
28/10/2023;B;9:00:00;3767
29/10/2023;A;9:00:00;13
29/10/2023;B;9:00:00;1
30/10/2023;A;9:00:00;26879
30/10/2023;B;9:00:00;4666
31/10/2023;A;9:00:00;28384
31/10/2023;B;9:00:00;5082
11/01/2023;A;9:00:00;28672
11/01/2023;B;9:00:00;5001
11/02/2023;A;9:00:00;29672
11/02/2023;B;9:00:00;5088
11/03/2023;A;9:00:00;30123
11/03/2023;B;9:00:00;5346
11/04/2023;A;9:00:00;25585
11/04/2023;B;9:00:00;4668
11/05/2023;A;9:00:00;14560
11/05/2023;B;9:00:00;3126
11/06/2023;A;9:00:00;11441
11/06/2023;B;9:00:00;2334
11/07/2023;A;9:00:00;30836
11/07/2023;B;9:00:00;5100
11/08/2023;A;9:00:00;30721
11/08/2023;B;9:00:00;4892
11/09/2023;A;9:00:00;30593
11/09/2023;B;9:00:00;4723
11/10/2023;A;9:00:00;30120
11/10/2023;B;9:00:00;4750
11/11/2023;A;9:00:00;25384
11/11/2023;B;9:00:00;4397
11/12/2023;A;9:00:00;13427
11/12/2023;B;9:00:00;2607
13/11/2023;A;9:00:00;10440
13/11/2023;B;9:00:00;1768
14/11/2023;A;9:00:00;31253
14/11/2023;B;9:00:00;4895
15/11/2023;A;9:00:00;29810
15/11/2023;B;9:00:00;4598
16/11/2023;A;9:00:00;29357
16/11/2023;B;9:00:00;4782
17/11/2023;A;9:00:00;29392
17/11/2023;B;9:00:00;4683
18/11/2023;A;9:00:00;25010
18/11/2023;B;9:00:00;4340
19/11/2023;A;9:00:00;13441
19/11/2023;B;9:00:00;2448
20/11/2023;A;9:00:00;28593
20/11/2023;B;9:00:00;5145
21/11/2023;A;9:00:00;29509
21/11/2023;B;9:00:00;4773
22/11/2023;A;9:00:00;29428
22/11/2023;B;9:00:00;4715
23/11/2023;A;9:00:00;29163
23/11/2023;B;9:00:00;4782
24/11/2023;A;9:00:00;28609
24/11/2023;B;9:00:00;4918
25/11/2023;A;9:00:00;24575
25/11/2023;B;9:00:00;4276
26/11/2023;A;9:00:00;13863
26/11/2023;B;9:00:00;2579
27/11/2023;A;9:00:00;28625
27/11/2023;B;9:00:00;4456
28/11/2023;A;9:00:00;29631
28/11/2023;B;9:00:00;4780
29/11/2023;A;9:00:00;29128
29/11/2023;B;9:00:00;4745
30/11/2023;A;9:00:00;30036
30/11/2023;B;9:00:00;4999
12/01/2023;A;9:00:00;29433
12/01/2023;B;9:00:00;4719
12/02/2023;A;9:00:00;26703
12/02/2023;B;9:00:00;4215
12/03/2023;A;9:00:00;15523
12/03/2023;B;9:00:00;2794
12/04/2023;A;9:00:00;29533
12/04/2023;B;9:00:00;4881
12/05/2023;A;9:00:00;30484
12/05/2023;B;9:00:00;4758
12/06/2023;A;9:00:00;30821
12/06/2023;B;9:00:00;4741
12/07/2023;A;9:00:00;29697
12/07/2023;B;9:00:00;4895
12/08/2023;A;9:00:00;15252
12/08/2023;B;9:00:00;2841
12/09/2023;A;9:00:00;24020
12/09/2023;B;9:00:00;4467
12/10/2023;A;9:00:00;15299
12/10/2023;B;9:00:00;2986
12/11/2023;A;9:00:00;29213
12/11/2023;B;9:00:00;4884
12/12/2023;A;9:00:00;29656
12/12/2023;B;9:00:00;5173
13/12/2023;A;9:00:00;29674
13/12/2023;B;9:00:00;5012
14/12/2023;A;9:00:00;57940
14/12/2023;B;9:00:00;9698
15/12/2023;A;9:00:00;28658
15/12/2023;B;9:00:00;4735
16/12/2023;A;9:00:00;27071
16/12/2023;B;9:00:00;4600
17/12/2023;A;9:00:00;18846
17/12/2023;B;9:00:00;3189
18/12/2023;A;9:00:00;29152
18/12/2023;B;9:00:00;4941
19/12/2023;A;9:00:00;29727
19/12/2023;B;9:00:00;5025
20/12/2023;A;9:00:00;29811
20/12/2023;B;9:00:00;5065
21/12/2023;A;9:00:00;29896
21/12/2023;B;9:00:00;4918
22/12/2023;A;9:00:00;29728
22/12/2023;B;9:00:00;4918
23/12/2023;A;9:00:00;25654
23/12/2023;B;9:00:00;4403
24/12/2023;A;9:00:00;15470
24/12/2023;B;9:00:00;2881
25/12/2023;A;9:00:00;5910
25/12/2023;B;9:00:00;1134
26/12/2023;A;9:00:00;21674
26/12/2023;B;9:00:00;3777
27/12/2023;A;9:00:00;25822
27/12/2023;B;9:00:00;4172
28/12/2023;A;9:00:00;25544
28/12/2023;B;9:00:00;4114
29/12/2023;A;9:00:00;24673
29/12/2023;B;9:00:00;4129
30/12/2023;A;9:00:00;19379
30/12/2023;B;9:00:00;3363
31/12/2023;A;9:00:00;12550
31/12/2023;B;9:00:00;2246
1/01/2024;A;9:00:00;4512
1/01/2024;B;9:00:00;818
2/01/2024;A;9:00:00;18187
2/01/2024;B;9:00:00;2775
3/01/2024;A;9:00:00;21143
3/01/2024;B;9:00:00;3482
4/01/2024;A;9:00:00;21419
4/01/2024;B;9:00:00;3698
5/01/2024;A;9:00:00;21866
5/01/2024;B;9:00:00;3988
6/01/2024;A;9:00:00;18828
6/01/2024;B;9:00:00;3436
7/01/2024;A;9:00:00;12711
7/01/2024;B;9:00:00;2481
8/01/2024;A;9:00:00;9381
8/01/2024;B;9:00:00;1781
9/01/2024;A;9:00:00;23904
9/01/2024;B;9:00:00;3859
10/01/2024;A;9:00:00;23783
10/01/2024;B;9:00:00;3805
11/01/2024;A;9:00:00;23271
11/01/2024;B;9:00:00;3616
12/01/2024;A;9:00:00;23510
12/01/2024;B;9:00:00;3804
13/01/2024;A;9:00:00;20468
13/01/2024;B;9:00:00;3457
14/01/2024;A;9:00:00;11026
14/01/2024;B;9:00:00;2005
15/01/2024;A;9:00:00;24912
15/01/2024;B;9:00:00;3870
16/01/2024;A;9:00:00;25970
16/01/2024;B;9:00:00;4215
17/01/2024;A;9:00:00;25814
17/01/2024;B;9:00:00;4040
18/01/2024;A;9:00:00;25900
18/01/2024;B;9:00:00;4195
19/01/2024;A;9:00:00;25762
19/01/2024;B;9:00:00;4214
20/01/2024;A;9:00:00;21718
20/01/2024;B;9:00:00;3805
21/01/2024;A;9:00:00;11841
21/01/2024;B;9:00:00;2352
22/01/2024;A;9:00:00;26008
22/01/2024;B;9:00:00;4123
23/01/2024;A;9:00:00;26237
23/01/2024;B;9:00:00;4273
24/01/2024;A;9:00:00;26189
24/01/2024;B;9:00:00;3992
25/01/2024;A;9:00:00;25749
25/01/2024;B;9:00:00;4080
26/01/2024;A;9:00:00;25711
26/01/2024;B;9:00:00;4162
27/01/2024;A;9:00:00;22367
27/01/2024;B;9:00:00;3796
28/01/2024;A;9:00:00;11610
28/01/2024;B;9:00:00;2108
29/01/2024;A;9:00:00;26557
29/01/2024;B;9:00:00;4054
30/01/2024;A;9:00:00;26950
30/01/2024;B;9:00:00;4290
31/01/2024;A;9:00:00;27215
31/01/2024;B;9:00:00;4250
1/02/2024;A;9:00:00;26320
1/02/2024;B;9:00:00;4268
2/02/2024;A;9:00:00;26696
2/02/2024;B;9:00:00;4410
3/02/2024;A;9:00:00;22469
3/02/2024;B;9:00:00;3841
4/02/2024;A;9:00:00;11352
4/02/2024;B;9:00:00;2035
5/02/2024;A;9:00:00;28509
5/02/2024;B;9:00:00;4684
6/02/2024;A;9:00:00;28948
6/02/2024;B;9:00:00;4842
7/02/2024;A;9:00:00;28755
7/02/2024;B;9:00:00;4868
8/02/2024;A;9:00:00;29578
8/02/2024;B;9:00:00;4834
9/02/2024;A;9:00:00;28383
9/02/2024;B;9:00:00;4779
10/02/2024;A;9:00:00;23204
10/02/2024;B;9:00:00;3825
11/02/2024;A;9:00:00;11607
11/02/2024;B;9:00:00;2248
12/02/2024;A;9:00:00;27789
12/02/2024;B;9:00:00;4764
13/02/2024;A;9:00:00;29012
13/02/2024;B;9:00:00;4839
14/02/2024;A;9:00:00;28651
14/02/2024;B;9:00:00;4527
15/02/2024;A;9:00:00;28426
15/02/2024;B;9:00:00;4700
16/02/2024;A;9:00:00;29166
16/02/2024;B;9:00:00;4909
17/02/2024;A;9:00:00;23973
17/02/2024;B;9:00:00;3976
18/02/2024;A;9:00:00;12389
18/02/2024;B;9:00:00;2255
19/02/2024;A;9:00:00;28270
19/02/2024;B;9:00:00;4779
20/02/2024;A;9:00:00;29336
20/02/2024;B;9:00:00;4796
21/02/2024;A;9:00:00;29116
21/02/2024;B;9:00:00;4818
22/02/2024;A;9:00:00;28561
22/02/2024;B;9:00:00;4811
23/02/2024;A;9:00:00;28126
23/02/2024;B;9:00:00;4603
24/02/2024;A;9:00:00;23327
24/02/2024;B;9:00:00;3918
25/02/2024;A;9:00:00;11781
25/02/2024;B;9:00:00;2079
26/02/2024;A;9:00:00;27691
26/02/2024;B;9:00:00;4670
27/02/2024;A;9:00:00;28643
27/02/2024;B;9:00:00;4765
28/02/2024;A;9:00:00;27947
28/02/2024;B;9:00:00;4588
29/02/2024;A;9:00:00;28404
29/02/2024;B;9:00:00;4644
1/03/2024;A;9:00:00;29107
1/03/2024;B;9:00:00;4522
2/03/2024;A;9:00:00;23535
2/03/2024;B;9:00:00;3989
3/03/2024;A;9:00:00;12184
3/03/2024;B;9:00:00;2313
4/03/2024;A;9:00:00;28212
4/03/2024;B;9:00:00;4570
5/03/2024;A;9:00:00;29074
5/03/2024;B;9:00:00;4749
6/03/2024;A;9:00:00;31749
6/03/2024;B;9:00:00;5087
7/03/2024;A;9:00:00;28506
7/03/2024;B;9:00:00;4604
8/03/2024;A;9:00:00;28731
8/03/2024;B;9:00:00;4745
9/03/2024;A;9:00:00;22291
9/03/2024;B;9:00:00;3746
10/03/2024;A;9:00:00;12057
10/03/2024;B;9:00:00;2543
11/03/2024;A;9:00:00;27648
11/03/2024;B;9:00:00;4356
12/03/2024;A;9:00:00;28798
12/03/2024;B;9:00:00;4547
13/03/2024;A;9:00:00;28239
13/03/2024;B;9:00:00;4544
14/03/2024;A;9:00:00;28007
14/03/2024;B;9:00:00;4555
15/03/2024;A;9:00:00;28006
15/03/2024;B;9:00:00;4562
16/03/2024;A;9:00:00;23509
16/03/2024;B;9:00:00;3989
17/03/2024;A;9:00:00;12095
17/03/2024;B;9:00:00;2116
18/03/2024;A;9:00:00;28102
18/03/2024;B;9:00:00;4469
19/03/2024;A;9:00:00;28499
19/03/2024;B;9:00:00;4436
20/03/2024;A;9:00:00;28100
20/03/2024;B;9:00:00;4408
21/03/2024;A;9:00:00;28536
21/03/2024;B;9:00:00;4486
22/03/2024;A;9:00:00;27926
22/03/2024;B;9:00:00;4690
23/03/2024;A;9:00:00;22839
23/03/2024;B;9:00:00;3769
24/03/2024;A;9:00:00;12448
24/03/2024;B;9:00:00;2615
25/03/2024;A;9:00:00;10252
25/03/2024;B;9:00:00;2188
26/03/2024;A;9:00:00;23795
26/03/2024;B;9:00:00;3924
27/03/2024;A;9:00:00;22451
27/03/2024;B;9:00:00;3764
28/03/2024;A;9:00:00;10679
28/03/2024;B;9:00:00;1962
29/03/2024;A;9:00:00;8929
29/03/2024;B;9:00:00;2036
30/03/2024;A;9:00:00;15894
30/03/2024;B;9:00:00;2767
31/03/2024;A;9:00:00;10280
31/03/2024;B;9:00:00;1635
1/04/2024;A;9:00:00;27197
1/04/2024;B;9:00:00;4225
2/04/2024;A;9:00:00;27984
2/04/2024;B;9:00:00;4450
3/04/2024;A;9:00:00;28120
3/04/2024;B;9:00:00;4438
4/04/2024;A;9:00:00;28035
4/04/2024;B;9:00:00;4576
5/04/2024;A;9:00:00;28483
5/04/2024;B;9:00:00;4493
6/04/2024;A;9:00:00;22924
6/04/2024;B;9:00:00;3766
7/04/2024;A;9:00:00;11296
7/04/2024;B;9:00:00;2161
8/04/2024;A;9:00:00;27051
8/04/2024;B;9:00:00;4234
9/04/2024;A;9:00:00;28490
9/04/2024;B;9:00:00;4708
10/04/2024;A;9:00:00;27429
10/04/2024;B;9:00:00;4374
11/04/2024;A;9:00:00;27574
11/04/2024;B;9:00:00;4418
12/04/2024;A;9:00:00;27340
12/04/2024;B;9:00:00;4459
13/04/2024;A;9:00:00;22355
13/04/2024;B;9:00:00;3806
14/04/2024;A;9:00:00;11399
14/04/2024;B;9:00:00;2181
15/04/2024;A;9:00:00;27339
15/04/2024;B;9:00:00;4312
16/04/2024;A;9:00:00;28350
16/04/2024;B;9:00:00;4576
17/04/2024;A;9:00:00;28111
17/04/2024;B;9:00:00;4524
18/04/2024;A;9:00:00;27668
18/04/2024;B;9:00:00;4402
19/04/2024;A;9:00:00;26902
19/04/2024;B;9:00:00;4378
20/04/2024;A;9:00:00;22767
20/04/2024;B;9:00:00;3936
21/04/2024;A;9:00:00;17954
21/04/2024;B;9:00:00;3057
22/04/2024;A;9:00:00;26909
22/04/2024;B;9:00:00;4373
23/04/2024;A;9:00:00;27618
23/04/2024;B;9:00:00;4600
24/04/2024;A;9:00:00;27853
24/04/2024;B;9:00:00;4389
25/04/2024;A;9:00:00;27568
25/04/2024;B;9:00:00;4308
26/04/2024;A;9:00:00;27752
26/04/2024;B;9:00:00;4326
27/04/2024;A;9:00:00;22298
27/04/2024;B;9:00:00;3822
28/04/2024;A;9:00:00;10838
28/04/2024;B;9:00:00;1990
29/04/2024;A;9:00:00;26724
29/04/2024;B;9:00:00;4321
30/04/2024;A;9:00:00;28728
30/04/2024;B;9:00:00;4634
1/05/2024;A;9:00:00;11757
1/05/2024;B;9:00:00;2129
2/05/2024;A;9:00:00;28956
2/05/2024;B;9:00:00;4689
3/05/2024;A;9:00:00;28714
3/05/2024;B;9:00:00;4824
4/05/2024;A;9:00:00;23571
4/05/2024;B;9:00:00;3780
5/05/2024;A;9:00:00;11925
5/05/2024;B;9:00:00;2225
6/05/2024;A;9:00:00;27275
6/05/2024;B;9:00:00;4578
7/05/2024;A;9:00:00;28081
7/05/2024;B;9:00:00;4490
8/05/2024;A;9:00:00;27827
8/05/2024;B;9:00:00;4521
9/05/2024;A;9:00:00;28005
9/05/2024;B;9:00:00;4470
10/05/2024;A;9:00:00;28125
10/05/2024;B;9:00:00;4577
11/05/2024;A;9:00:00;24087
11/05/2024;B;9:00:00;4153
12/05/2024;A;9:00:00;11459
12/05/2024;B;9:00:00;1969
13/05/2024;A;9:00:00;8968
13/05/2024;B;9:00:00;1552
14/05/2024;A;9:00:00;28447
14/05/2024;B;9:00:00;4434
15/05/2024;A;9:00:00;28583
15/05/2024;B;9:00:00;4430
16/05/2024;A;9:00:00;27742
16/05/2024;B;9:00:00;4439
17/05/2024;A;9:00:00;27862
17/05/2024;B;9:00:00;4446
18/05/2024;A;9:00:00;22873
18/05/2024;B;9:00:00;3970
19/05/2024;A;9:00:00;11517
19/05/2024;B;9:00:00;2069
20/05/2024;A;9:00:00;26654
20/05/2024;B;9:00:00;4329
21/05/2024;A;9:00:00;29224
21/05/2024;B;9:00:00;4995
22/05/2024;A;9:00:00;27135
22/05/2024;B;9:00:00;4631
23/05/2024;A;9:00:00;26644
23/05/2024;B;9:00:00;4401
24/05/2024;A;9:00:00;26581
24/05/2024;B;9:00:00;4326
25/05/2024;A;9:00:00;21562
25/05/2024;B;9:00:00;3848
26/05/2024;A;9:00:00;11888
26/05/2024;B;9:00:00;2118
27/05/2024;A;9:00:00;25133
27/05/2024;B;9:00:00;4149
28/05/2024;A;9:00:00;26857
28/05/2024;B;9:00:00;4270
29/05/2024;A;9:00:00;26553
29/05/2024;B;9:00:00;4255
30/05/2024;A;9:00:00;25696
30/05/2024;B;9:00:00;4042
31/05/2024;A;9:00:00;27283
31/05/2024;B;9:00:00;4415
1/06/2024;A;9:00:00;23172
1/06/2024;B;9:00:00;3854
2/06/2024;A;9:00:00;12693
2/06/2024;B;9:00:00;2408
3/06/2024;A;9:00:00;9273
3/06/2024;B;9:00:00;1730
4/06/2024;A;9:00:00;27117
4/06/2024;B;9:00:00;4310
5/06/2024;A;9:00:00;27378
5/06/2024;B;9:00:00;4282
6/06/2024;A;9:00:00;26536
6/06/2024;B;9:00:00;4321
7/06/2024;A;9:00:00;26234
7/06/2024;B;9:00:00;4217
8/06/2024;A;9:00:00;22989
8/06/2024;B;9:00:00;3955
9/06/2024;A;9:00:00;12590
9/06/2024;B;9:00:00;2208
10/06/2024;A;9:00:00;9425
10/06/2024;B;9:00:00;1858
11/06/2024;A;9:00:00;27167
11/06/2024;B;9:00:00;4326
12/06/2024;A;9:00:00;27711
12/06/2024;B;9:00:00;4168
13/06/2024;A;9:00:00;26789
13/06/2024;B;9:00:00;4138
14/06/2024;A;9:00:00;25619
14/06/2024;B;9:00:00;4266
15/06/2024;A;9:00:00;22783
15/06/2024;B;9:00:00;3904
16/06/2024;A;9:00:00;11813
16/06/2024;B;9:00:00;2179
17/06/2024;A;9:00:00;25038
17/06/2024;B;9:00:00;4194
18/06/2024;A;9:00:00;26119
18/06/2024;B;9:00:00;4386
19/06/2024;A;9:00:00;25600
19/06/2024;B;9:00:00;4060
20/06/2024;A;9:00:00;26215
20/06/2024;B;9:00:00;4262
21/06/2024;A;9:00:00;26356
21/06/2024;B;9:00:00;4465
22/06/2024;A;9:00:00;22051
22/06/2024;B;9:00:00;3694
23/06/2024;A;9:00:00;12114
23/06/2024;B;9:00:00;2413
24/06/2024;A;9:00:00;24962
24/06/2024;B;9:00:00;4096
25/06/2024;A;9:00:00;25447
25/06/2024;B;9:00:00;4073
26/06/2024;A;9:00:00;26201
26/06/2024;B;9:00:00;4028
27/06/2024;A;9:00:00;26135
27/06/2024;B;9:00:00;4155
28/06/2024;A;9:00:00;26416
28/06/2024;B;9:00:00;4427
29/06/2024;A;9:00:00;23103
29/06/2024;B;9:00:00;4202
30/06/2024;A;9:00:00;14245
30/06/2024;B;9:00:00;2659
1/07/2024;A;9:00:00;10762
1/07/2024;B;9:00:00;1894
2/07/2024;A;9:00:00;26565
2/07/2024;B;9:00:00;4302
3/07/2024;A;9:00:00;25883
3/07/2024;B;9:00:00;4052
4/07/2024;A;9:00:00;25758
4/07/2024;B;9:00:00;4291
5/07/2024;A;9:00:00;26642
5/07/2024;B;9:00:00;4043
6/07/2024;A;9:00:00;22958
6/07/2024;B;9:00:00;3797
7/07/2024;A;9:00:00;12136
7/07/2024;B;9:00:00;2213
8/07/2024;A;9:00:00;25818
8/07/2024;B;9:00:00;3848
9/07/2024;A;9:00:00;26163
9/07/2024;B;9:00:00;4116
10/07/2024;A;9:00:00;26156
10/07/2024;B;9:00:00;4107
11/07/2024;A;9:00:00;24759
11/07/2024;B;9:00:00;3999
12/07/2024;A;9:00:00;26227
12/07/2024;B;9:00:00;4110
13/07/2024;A;9:00:00;23292
13/07/2024;B;9:00:00;3979
14/07/2024;A;9:00:00;12271
14/07/2024;B;9:00:00;2418
15/07/2024;A;9:00:00;24631
15/07/2024;B;9:00:00;3817
16/07/2024;A;9:00:00;26854
16/07/2024;B;9:00:00;4213
17/07/2024;A;9:00:00;26381
17/07/2024;B;9:00:00;4152
18/07/2024;A;9:00:00;26211
18/07/2024;B;9:00:00;4286
19/07/2024;A;9:00:00;25925
19/07/2024;B;9:00:00;4114
20/07/2024;A;9:00:00;16123
20/07/2024;B;9:00:00;2820
21/07/2024;A;9:00:00;11150
21/07/2024;B;9:00:00;2222
22/07/2024;A;9:00:00;25660
22/07/2024;B;9:00:00;4271
23/07/2024;A;9:00:00;26520
23/07/2024;B;9:00:00;4344
24/07/2024;A;9:00:00;26076
24/07/2024;B;9:00:00;4231
25/07/2024;A;9:00:00;26247
25/07/2024;B;9:00:00;4340
26/07/2024;A;9:00:00;25724
26/07/2024;B;9:00:00;4238
27/07/2024;A;9:00:00;22722
27/07/2024;B;9:00:00;3912
28/07/2024;A;9:00:00;11592
28/07/2024;B;9:00:00;2254
29/07/2024;A;9:00:00;25759
29/07/2024;B;9:00:00;4117
30/07/2024;A;9:00:00;26325
30/07/2024;B;9:00:00;4384
31/07/2024;A;9:00:00;26992
31/07/2024;B;9:00:00;4482
1/08/2024;A;9:00:00;26466
1/08/2024;B;9:00:00;4375
2/08/2024;A;9:00:00;27381
2/08/2024;B;9:00:00;4465
3/08/2024;A;9:00:00;23624
3/08/2024;B;9:00:00;4068
4/08/2024;A;9:00:00;12491
4/08/2024;B;9:00:00;2512
5/08/2024;A;9:00:00;29152
5/08/2024;B;9:00:00;4860
6/08/2024;A;9:00:00;28316
6/08/2024;B;9:00:00;4954
7/08/2024;A;9:00:00;12454
7/08/2024;B;9:00:00;2240
8/08/2024;A;9:00:00;29423
8/08/2024;B;9:00:00;5093
9/08/2024;A;9:00:00;28963
9/08/2024;B;9:00:00;4991
10/08/2024;A;9:00:00;27810
10/08/2024;B;9:00:00;4722
11/08/2024;A;9:00:00;14263
11/08/2024;B;9:00:00;2905
12/08/2024;A;9:00:00;27921
12/08/2024;B;9:00:00;4805
13/08/2024;A;9:00:00;27782
13/08/2024;B;9:00:00;4762
14/08/2024;A;9:00:00;28101
14/08/2024;B;9:00:00;4751
15/08/2024;A;9:00:00;29148
15/08/2024;B;9:00:00;4798
16/08/2024;A;9:00:00;28987
16/08/2024;B;9:00:00;4597
17/08/2024;A;9:00:00;24048
17/08/2024;B;9:00:00;4308
18/08/2024;A;9:00:00;13424
18/08/2024;B;9:00:00;2573
19/08/2024;A;9:00:00;10310
19/08/2024;B;9:00:00;1933
20/08/2024;A;9:00:00;29109
20/08/2024;B;9:00:00;4762
21/08/2024;A;9:00:00;28997
21/08/2024;B;9:00:00;4775
22/08/2024;A;9:00:00;28313
22/08/2024;B;9:00:00;4725
23/08/2024;A;9:00:00;28412
23/08/2024;B;9:00:00;4680
24/08/2024;A;9:00:00;23570
24/08/2024;B;9:00:00;3981
25/08/2024;A;9:00:00;11392
25/08/2024;B;9:00:00;2316
26/08/2024;A;9:00:00;27410
26/08/2024;B;9:00:00;4881
27/08/2024;A;9:00:00;28193
27/08/2024;B;9:00:00;4919
28/08/2024;A;9:00:00;27929
28/08/2024;B;9:00:00;4980
29/08/2024;A;9:00:00;27967
29/08/2024;B;9:00:00;4907
30/08/2024;A;9:00:00;28647
30/08/2024;B;9:00:00;5071
31/08/2024;A;9:00:00;24724
31/08/2024;B;9:00:00;4672
1/09/2024;A;9:00:00;13277
1/09/2024;B;9:00:00;2233
2/09/2024;A;9:00:00;29291
2/09/2024;B;9:00:00;4747
3/09/2024;A;9:00:00;29406
3/09/2024;B;9:00:00;4758
4/09/2024;A;9:00:00;29964
4/09/2024;B;9:00:00;4624
5/09/2024;A;9:00:00;27435
5/09/2024;B;9:00:00;4476
6/09/2024;A;9:00:00;26011
6/09/2024;B;9:00:00;4264
7/09/2024;A;9:00:00;23042
7/09/2024;B;9:00:00;4155
8/09/2024;A;9:00:00;12103
8/09/2024;B;9:00:00;2175
9/09/2024;A;9:00:00;27388
9/09/2024;B;9:00:00;4452
10/09/2024;A;9:00:00;29276
10/09/2024;B;9:00:00;4692
11/09/2024;A;9:00:00;28933
11/09/2024;B;9:00:00;4777
12/09/2024;A;9:00:00;21559
12/09/2024;B;9:00:00;4491
13/09/2024;A;9:00:00;28740
13/09/2024;B;9:00:00;4476
14/09/2024;A;9:00:00;24495
14/09/2024;B;9:00:00;4256
15/09/2024;A;9:00:00;13091
15/09/2024;B;9:00:00;2585
16/09/2024;A;9:00:00;27773
16/09/2024;B;9:00:00;4430
17/09/2024;A;9:00:00;28876
17/09/2024;B;9:00:00;4780
18/09/2024;A;9:00:00;28471
18/09/2024;B;9:00:00;4644
19/09/2024;A;9:00:00;29389
19/09/2024;B;9:00:00;4857
20/09/2024;A;9:00:00;28092
20/09/2024;B;9:00:00;4558
21/09/2024;A;9:00:00;23613
21/09/2024;B;9:00:00;3974
22/09/2024;A;9:00:00;11889
22/09/2024;B;9:00:00;2455
23/09/2024;A;9:00:00;27386
23/09/2024;B;9:00:00;4254
24/09/2024;A;9:00:00;28601
24/09/2024;B;9:00:00;4517
25/09/2024;A;9:00:00;27955
25/09/2024;B;9:00:00;4589
26/09/2024;A;9:00:00;27680
26/09/2024;B;9:00:00;4451
27/09/2024;A;9:00:00;27237
27/09/2024;B;9:00:00;4453
28/09/2024;A;9:00:00;22546
28/09/2024;B;9:00:00;3898
29/09/2024;A;9:00:00;12107
29/09/2024;B;9:00:00;2185
30/09/2024;A;9:00:00;27190
30/09/2024;B;9:00:00;4329
1/10/2024;A;9:00:00;28473
1/10/2024;B;9:00:00;4574
2/10/2024;A;9:00:00;27730
2/10/2024;B;9:00:00;4541
3/10/2024;A;9:00:00;28030
3/10/2024;B;9:00:00;4493
4/10/2024;A;9:00:00;27838
4/10/2024;B;9:00:00;4417
5/10/2024;A;9:00:00;24598
5/10/2024;B;9:00:00;3963
6/10/2024;A;9:00:00;12859
6/10/2024;B;9:00:00;2304
7/10/2024;A;9:00:00;27159
7/10/2024;B;9:00:00;4431
8/10/2024;A;9:00:00;28357
8/10/2024;B;9:00:00;4636
9/10/2024;A;9:00:00;28864
9/10/2024;B;9:00:00;4907
10/10/2024;A;9:00:00;28877
10/10/2024;B;9:00:00;4564
11/10/2024;A;9:00:00;27663
11/10/2024;B;9:00:00;4799
12/10/2024;A;9:00:00;23260
12/10/2024;B;9:00:00;3995
13/10/2024;A;9:00:00;12799
13/10/2024;B;9:00:00;2509
14/10/2024;A;9:00:00;9394
14/10/2024;B;9:00:00;1698
15/10/2024;A;9:00:00;28971
15/10/2024;B;9:00:00;4425
16/10/2024;A;9:00:00;29117
16/10/2024;B;9:00:00;4659
17/10/2024;A;9:00:00;29762
17/10/2024;B;9:00:00;4658
18/10/2024;A;9:00:00;28287
18/10/2024;B;9:00:00;4540
19/10/2024;A;9:00:00;23959
19/10/2024;B;9:00:00;3942
20/10/2024;A;9:00:00;12135
20/10/2024;B;9:00:00;2296
21/10/2024;A;9:00:00;27813
21/10/2024;B;9:00:00;4401
22/10/2024;A;9:00:00;27297
22/10/2024;B;9:00:00;4653
23/10/2024;A;9:00:00;29105
23/10/2024;B;9:00:00;4877
24/10/2024;A;9:00:00;27852
24/10/2024;B;9:00:00;4389
25/10/2024;A;9:00:00;27855
25/10/2024;B;9:00:00;4692
26/10/2024;A;9:00:00;23873
26/10/2024;B;9:00:00;4184
27/10/2024;A;9:00:00;11909
27/10/2024;B;9:00:00;2108
28/10/2024;A;9:00:00;27257
28/10/2024;B;9:00:00;4272
29/10/2024;A;9:00:00;27814
29/10/2024;B;9:00:00;4537
30/10/2024;A;9:00:00;28543
30/10/2024;B;9:00:00;4595
31/10/2024;A;9:00:00;28348
31/10/2024;B;9:00:00;4536
1/01/2019;A;10:00:00;6650
2/01/2019;A;10:00:00;20122
3/01/2019;A;10:00:00;23515
4/01/2019;A;10:00:00;24300
5/01/2019;A;10:00:00;21808
6/01/2019;A;10:00:00;16366
7/01/2019;A;10:00:00;13436
8/01/2019;A;10:00:00;25304
9/01/2019;A;10:00:00;24514
10/01/2019;A;10:00:00;23781
11/01/2019;A;10:00:00;25112
12/01/2019;A;10:00:00;21603
13/01/2019;A;10:00:00;13805
14/01/2019;A;10:00:00;25390
15/01/2019;A;10:00:00;24897
16/01/2019;A;10:00:00;25560
17/01/2019;A;10:00:00;23412
18/01/2019;A;10:00:00;25898
19/01/2019;A;10:00:00;25481
20/01/2019;A;10:00:00;15878
21/01/2019;A;10:00:00;26012
22/01/2019;A;10:00:00;25890
23/01/2019;A;10:00:00;25340
24/01/2019;A;10:00:00;25229
25/01/2019;A;10:00:00;25737
26/01/2019;A;10:00:00;23910
27/01/2019;A;10:00:00;15307
28/01/2019;A;10:00:00;26061
29/01/2019;A;10:00:00;25503
30/01/2019;A;10:00:00;24782
31/01/2019;A;10:00:00;25336
1/02/2019;A;10:00:00;26476
2/02/2019;A;10:00:00;24255
3/02/2019;A;10:00:00;15690
4/02/2019;A;10:00:00;26993
5/02/2019;A;10:00:00;28072
6/02/2019;A;10:00:00;26444
7/02/2019;A;10:00:00;26049
8/02/2019;A;10:00:00;26307
9/02/2019;A;10:00:00;23505
10/02/2019;A;10:00:00;14465
11/02/2019;A;10:00:00;26435
12/02/2019;A;10:00:00;32965
13/02/2019;A;10:00:00;26329
14/02/2019;A;10:00:00;26421
15/02/2019;A;10:00:00;31607
16/02/2019;A;10:00:00;25503
17/02/2019;A;10:00:00;17153
18/02/2019;A;10:00:00;27945
19/02/2019;A;10:00:00;26650
20/02/2019;A;10:00:00;26418
21/02/2019;A;10:00:00;26447
22/02/2019;A;10:00:00;27210
23/02/2019;A;10:00:00;23738
24/02/2019;A;10:00:00;14972
25/02/2019;A;10:00:00;26449
26/02/2019;A;10:00:00;26217
27/02/2019;A;10:00:00;25735
28/02/2019;A;10:00:00;26494
1/03/2019;A;10:00:00;27798
2/03/2019;A;10:00:00;25448
3/03/2019;A;10:00:00;16088
4/03/2019;A;10:00:00;
5/03/2019;A;10:00:00;27764
6/03/2019;A;10:00:00;27396
7/03/2019;A;10:00:00;26527
8/03/2019;A;10:00:00;63115
9/03/2019;A;10:00:00;24470
10/03/2019;A;10:00:00;15202
11/03/2019;A;10:00:00;26577
12/03/2019;A;10:00:00;26592
13/03/2019;A;10:00:00;
14/03/2019;A;10:00:00;25403
15/03/2019;A;10:00:00;26055
16/03/2019;A;10:00:00;25420
17/03/2019;A;10:00:00;15199
18/03/2019;A;10:00:00;27084
19/03/2019;A;10:00:00;27524
20/03/2019;A;10:00:00;27609
21/03/2019;A;10:00:00;26326
22/03/2019;A;10:00:00;26967
23/03/2019;A;10:00:00;24666
24/03/2019;A;10:00:00;16370
25/03/2019;A;10:00:00;12814
26/03/2019;A;10:00:00;27691
27/03/2019;A;10:00:00;26107
28/03/2019;A;10:00:00;26296
29/03/2019;A;10:00:00;27009
30/03/2019;A;10:00:00;24823
31/03/2019;A;10:00:00;15443
1/04/2019;A;10:00:00;26469
2/04/2019;A;10:00:00;10716
3/04/2019;A;10:00:00;26578
4/04/2019;A;10:00:00;26088
5/04/2019;A;10:00:00;26692
6/04/2019;A;10:00:00;25047
7/04/2019;A;10:00:00;15589
8/04/2019;A;10:00:00;26481
9/04/2019;A;10:00:00;27080
10/04/2019;A;10:00:00;26314
11/04/2019;A;10:00:00;26278
12/04/2019;A;10:00:00;27484
13/04/2019;A;10:00:00;24716
14/04/2019;A;10:00:00;14709
15/04/2019;A;10:00:00;24469
16/04/2019;A;10:00:00;26074
17/04/2019;A;10:00:00;25169
18/04/2019;A;10:00:00;15422
19/04/2019;A;10:00:00;12142
20/04/2019;A;10:00:00;19370
21/04/2019;A;10:00:00;13852
22/04/2019;A;10:00:00;26145
23/04/2019;A;10:00:00;30713
24/04/2019;A;10:00:00;25711
25/04/2019;A;10:00:00;3886
26/04/2019;A;10:00:00;125343
27/04/2019;A;10:00:00;24482
28/04/2019;A;10:00:00;15546
29/04/2019;A;10:00:00;25913
30/04/2019;A;10:00:00;26809
1/05/2019;A;10:00:00;16175
2/05/2019;A;10:00:00;27805
3/05/2019;A;10:00:00;27597
4/05/2019;A;10:00:00;26042
5/05/2019;A;10:00:00;16100
6/05/2019;A;10:00:00;27348
7/05/2019;A;10:00:00;27045
8/05/2019;A;10:00:00;23774
9/05/2019;A;10:00:00;26510
10/05/2019;A;10:00:00;27277
11/05/2019;A;10:00:00;25837
12/05/2019;A;10:00:00;16641
13/05/2019;A;10:00:00;
14/05/2019;A;10:00:00;25662
15/05/2019;A;10:00:00;26044
16/05/2019;A;10:00:00;26598
17/05/2019;A;10:00:00;20376
18/05/2019;A;10:00:00;25057
19/05/2019;A;10:00:00;15579
20/05/2019;A;10:00:00;26465
21/05/2019;A;10:00:00;26609
22/05/2019;A;10:00:00;26092
23/05/2019;A;10:00:00;25679
24/05/2019;A;10:00:00;26547
25/05/2019;A;10:00:00;24025
26/05/2019;A;10:00:00;14724
27/05/2019;A;10:00:00;26070
28/05/2019;A;10:00:00;25376
29/05/2019;A;10:00:00;25963
30/05/2019;A;10:00:00;23241
31/05/2019;A;10:00:00;26196
1/06/2019;A;10:00:00;25455
2/06/2019;A;10:00:00;16455
3/06/2019;A;10:00:00;13620
4/06/2019;A;10:00:00;27592
5/06/2019;A;10:00:00;26604
6/06/2019;A;10:00:00;26311
7/06/2019;A;10:00:00;26302
8/06/2019;A;10:00:00;24341
9/06/2019;A;10:00:00;15504
10/06/2019;A;10:00:00;26292
11/06/2019;A;10:00:00;26724
12/06/2019;A;10:00:00;26229
13/06/2019;A;10:00:00;25091
14/06/2019;A;10:00:00;27371
15/06/2019;A;10:00:00;27709
16/06/2019;A;10:00:00;17300
17/06/2019;A;10:00:00;26734
18/06/2019;A;10:00:00;27498
19/06/2019;A;10:00:00;27352
20/06/2019;A;10:00:00;26708
21/06/2019;A;10:00:00;27435
22/06/2019;A;10:00:00;25556
23/06/2019;A;10:00:00;17829
24/06/2019;A;10:00:00;13933
25/06/2019;A;10:00:00;26953
26/06/2019;A;10:00:00;26763
27/06/2019;A;10:00:00;26775
28/06/2019;A;10:00:00;27761
29/06/2019;A;10:00:00;25744
30/06/2019;A;10:00:00;19463
1/07/2019;A;10:00:00;14562
2/07/2019;A;10:00:00;27729
3/07/2019;A;10:00:00;26968
4/07/2019;A;10:00:00;26629
5/07/2019;A;10:00:00;26830
6/07/2019;A;10:00:00;25429
7/07/2019;A;10:00:00;16187
8/07/2019;A;10:00:00;25690
9/07/2019;A;10:00:00;25863
10/07/2019;A;10:00:00;29413
11/07/2019;A;10:00:00;26517
12/07/2019;A;10:00:00;26565
13/07/2019;A;10:00:00;24448
14/07/2019;A;10:00:00;15543
15/07/2019;A;10:00:00;25802
16/07/2019;A;10:00:00;26904
17/07/2019;A;10:00:00;64937
18/07/2019;A;10:00:00;26315
19/07/2019;A;10:00:00;26956
20/07/2019;A;10:00:00;20066
21/07/2019;A;10:00:00;16274
22/07/2019;A;10:00:00;26934
23/07/2019;A;10:00:00;26563
24/07/2019;A;10:00:00;26275
25/07/2019;A;10:00:00;26369
26/07/2019;A;10:00:00;27942
27/07/2019;A;10:00:00;24906
28/07/2019;A;10:00:00;15851
29/07/2019;A;10:00:00;27027
30/07/2019;A;10:00:00;26446
31/07/2019;A;10:00:00;26984
1/08/2019;A;10:00:00;27242
2/08/2019;A;10:00:00;28421
3/08/2019;A;10:00:00;27360
4/08/2019;A;10:00:00;18258
5/08/2019;A;10:00:00;28865
6/08/2019;A;10:00:00;30096
7/08/2019;A;10:00:00;17648
8/08/2019;A;10:00:00;29908
9/08/2019;A;10:00:00;29781
10/08/2019;A;10:00:00;35344
11/08/2019;A;10:00:00;22366
12/08/2019;A;10:00:00;28558
13/08/2019;A;10:00:00;27503
14/08/2019;A;10:00:00;27883
15/08/2019;A;10:00:00;27264
16/08/2019;A;10:00:00;27761
17/08/2019;A;10:00:00;26104
18/08/2019;A;10:00:00;17343
19/08/2019;A;10:00:00;13516
20/08/2019;A;10:00:00;29188
21/08/2019;A;10:00:00;23356
22/08/2019;A;10:00:00;30407
23/08/2019;A;10:00:00;27399
24/08/2019;A;10:00:00;25178
25/08/2019;A;10:00:00;15661
26/08/2019;A;10:00:00;26346
27/08/2019;A;10:00:00;27306
28/08/2019;A;10:00:00;26402
29/08/2019;A;10:00:00;26847
30/08/2019;A;10:00:00;26675
31/08/2019;A;10:00:00;26239
1/09/2019;A;10:00:00;16196
2/09/2019;A;10:00:00;27963
3/09/2019;A;10:00:00;27524
4/09/2019;A;10:00:00;1455
5/09/2019;A;10:00:00;117673
6/09/2019;A;10:00:00;28197
7/09/2019;A;10:00:00;26785
8/09/2019;A;10:00:00;18381
9/09/2019;A;10:00:00;27642
10/09/2019;A;10:00:00;27748
11/09/2019;A;10:00:00;26945
12/09/2019;A;10:00:00;27102
13/09/2019;A;10:00:00;27304
14/09/2019;A;10:00:00;26072
15/09/2019;A;10:00:00;16310
16/09/2019;A;10:00:00;27524
17/09/2019;A;10:00:00;28060
18/09/2019;A;10:00:00;26724
19/09/2019;A;10:00:00;26695
20/09/2019;A;10:00:00;27736
21/09/2019;A;10:00:00;25877
22/09/2019;A;10:00:00;15197
23/09/2019;A;10:00:00;
24/09/2019;A;10:00:00;26245
25/09/2019;A;10:00:00;26561
26/09/2019;A;10:00:00;26006
27/09/2019;A;10:00:00;27338
28/09/2019;A;10:00:00;25764
29/09/2019;A;10:00:00;15283
30/09/2019;A;10:00:00;27649
1/10/2019;A;10:00:00;28327
2/10/2019;A;10:00:00;27283
3/10/2019;A;10:00:00;27691
4/10/2019;A;10:00:00;27912
5/10/2019;A;10:00:00;26766
6/10/2019;A;10:00:00;16708
7/10/2019;A;10:00:00;27579
8/10/2019;A;10:00:00;28058
9/10/2019;A;10:00:00;28148
10/10/2019;A;10:00:00;27740
11/10/2019;A;10:00:00;29078
12/10/2019;A;10:00:00;26671
13/10/2019;A;10:00:00;16487
14/10/2019;A;10:00:00;13174
15/10/2019;A;10:00:00;28472
16/10/2019;A;10:00:00;27749
17/10/2019;A;10:00:00;28489
18/10/2019;A;10:00:00;28167
19/10/2019;A;10:00:00;27558
20/10/2019;A;10:00:00;16213
21/10/2019;A;10:00:00;27200
22/10/2019;A;10:00:00;27874
23/10/2019;A;10:00:00;67441
24/10/2019;A;10:00:00;26191
25/10/2019;A;10:00:00;27419
26/10/2019;A;10:00:00;25618
27/10/2019;A;10:00:00;234
28/10/2019;A;10:00:00;27003
29/10/2019;A;10:00:00;26863
30/10/2019;A;10:00:00;24048
31/10/2019;A;10:00:00;27638
1/11/2019;A;10:00:00;28044
2/11/2019;A;10:00:00;28807
3/11/2019;A;10:00:00;16388
4/11/2019;A;10:00:00;13146
5/11/2019;A;10:00:00;30272
6/11/2019;A;10:00:00;28904
7/11/2019;A;10:00:00;28417
8/11/2019;A;10:00:00;28459
9/11/2019;A;10:00:00;26335
10/11/2019;A;10:00:00;17200
11/11/2019;A;10:00:00;13177
12/11/2019;A;10:00:00;20769
13/11/2019;A;10:00:00;28212
14/11/2019;A;10:00:00;28133
15/11/2019;A;10:00:00;28917
16/11/2019;A;10:00:00;28217
17/11/2019;A;10:00:00;17042
18/11/2019;A;10:00:00;30081
19/11/2019;A;10:00:00;29889
20/11/2019;A;10:00:00;
21/11/2019;A;10:00:00;36595
22/11/2019;A;10:00:00;30321
23/11/2019;A;10:00:00;28148
24/11/2019;A;10:00:00;18653
25/11/2019;A;10:00:00;29840
26/11/2019;A;10:00:00;30346
27/11/2019;A;10:00:00;29849
28/11/2019;A;10:00:00;30795
29/11/2019;A;10:00:00;31820
30/11/2019;A;10:00:00;29251
1/12/2019;A;10:00:00;18389
2/12/2019;A;10:00:00;31118
3/12/2019;A;10:00:00;22371
4/12/2019;A;10:00:00;32150
5/12/2019;A;10:00:00;32080
6/12/2019;A;10:00:00;32329
7/12/2019;A;10:00:00;29191
8/12/2019;A;10:00:00;18382
9/12/2019;A;10:00:00;30153
10/12/2019;A;10:00:00;31547
11/12/2019;A;10:00:00;29643
12/12/2019;A;10:00:00;31064
13/12/2019;A;10:00:00;31546
14/12/2019;A;10:00:00;31401
15/12/2019;A;10:00:00;22513
16/12/2019;A;10:00:00;31990
17/12/2019;A;10:00:00;31933
18/12/2019;A;10:00:00;32318
19/12/2019;A;10:00:00;31736
20/12/2019;A;10:00:00;34040
21/12/2019;A;10:00:00;32615
22/12/2019;A;10:00:00;24181
23/12/2019;A;10:00:00;35085
24/12/2019;A;10:00:00;26378
25/12/2019;A;10:00:00;8796
26/12/2019;A;10:00:00;27507
27/12/2019;A;10:00:00;27979
28/12/2019;A;10:00:00;24781
29/12/2019;A;10:00:00;18115
30/12/2019;A;10:00:00;27219
31/12/2019;A;10:00:00;20797
1/01/2019;B;10:00:00;1306
2/01/2019;B;10:00:00;3559
3/01/2019;B;10:00:00;4220
4/01/2019;B;10:00:00;4494
5/01/2019;B;10:00:00;4081
6/01/2019;B;10:00:00;3259
7/01/2019;B;10:00:00;2830
8/01/2019;B;10:00:00;4263
9/01/2019;B;10:00:00;4184
10/01/2019;B;10:00:00;4328
11/01/2019;B;10:00:00;4379
12/01/2019;B;10:00:00;3964
13/01/2019;B;10:00:00;2633
14/01/2019;B;10:00:00;4255
15/01/2019;B;10:00:00;4374
16/01/2019;B;10:00:00;4296
17/01/2019;B;10:00:00;4016
18/01/2019;B;10:00:00;4192
19/01/2019;B;10:00:00;4303
20/01/2019;B;10:00:00;2911
21/01/2019;B;10:00:00;4151
22/01/2019;B;10:00:00;4270
23/01/2019;B;10:00:00;4211
24/01/2019;B;10:00:00;4143
25/01/2019;B;10:00:00;4171
26/01/2019;B;10:00:00;4170
27/01/2019;B;10:00:00;2742
28/01/2019;B;10:00:00;4294
29/01/2019;B;10:00:00;4364
30/01/2019;B;10:00:00;4113
31/01/2019;B;10:00:00;4406
1/02/2019;B;10:00:00;4500
2/02/2019;B;10:00:00;4491
3/02/2019;B;10:00:00;2816
4/02/2019;B;10:00:00;4803
5/02/2019;B;10:00:00;4449
6/02/2019;B;10:00:00;4497
7/02/2019;B;10:00:00;4325
8/02/2019;B;10:00:00;4574
9/02/2019;B;10:00:00;4463
10/02/2019;B;10:00:00;2809
11/02/2019;B;10:00:00;4506
12/02/2019;B;10:00:00;5499
13/02/2019;B;10:00:00;4414
14/02/2019;B;10:00:00;4367
15/02/2019;B;10:00:00;6390
16/02/2019;B;10:00:00;4260
17/02/2019;B;10:00:00;3210
18/02/2019;B;10:00:00;4629
19/02/2019;B;10:00:00;4287
20/02/2019;B;10:00:00;4372
21/02/2019;B;10:00:00;4393
22/02/2019;B;10:00:00;4429
23/02/2019;B;10:00:00;4325
24/02/2019;B;10:00:00;3008
25/02/2019;B;10:00:00;4355
26/02/2019;B;10:00:00;4308
27/02/2019;B;10:00:00;4253
28/02/2019;B;10:00:00;4388
1/03/2019;B;10:00:00;4763
2/03/2019;B;10:00:00;4676
3/03/2019;B;10:00:00;3046
4/03/2019;B;10:00:00;
5/03/2019;B;10:00:00;4605
6/03/2019;B;10:00:00;4545
7/03/2019;B;10:00:00;4428
8/03/2019;B;10:00:00;10516
9/03/2019;B;10:00:00;4413
10/03/2019;B;10:00:00;2959
11/03/2019;B;10:00:00;4506
12/03/2019;B;10:00:00;4412
13/03/2019;B;10:00:00;
14/03/2019;B;10:00:00;4359
15/03/2019;B;10:00:00;4461
16/03/2019;B;10:00:00;4792
17/03/2019;B;10:00:00;2778
18/03/2019;B;10:00:00;4714
19/03/2019;B;10:00:00;4452
20/03/2019;B;10:00:00;4468
21/03/2019;B;10:00:00;4356
22/03/2019;B;10:00:00;4555
23/03/2019;B;10:00:00;4529
24/03/2019;B;10:00:00;3256
25/03/2019;B;10:00:00;2600
26/03/2019;B;10:00:00;4422
27/03/2019;B;10:00:00;4405
28/03/2019;B;10:00:00;4511
29/03/2019;B;10:00:00;4481
30/03/2019;B;10:00:00;4692
31/03/2019;B;10:00:00;2976
1/04/2019;B;10:00:00;4543
2/04/2019;B;10:00:00;1787
3/04/2019;B;10:00:00;4270
4/04/2019;B;10:00:00;4379
5/04/2019;B;10:00:00;4473
6/04/2019;B;10:00:00;4504
7/04/2019;B;10:00:00;3172
8/04/2019;B;10:00:00;4356
9/04/2019;B;10:00:00;4248
10/04/2019;B;10:00:00;4341
11/04/2019;B;10:00:00;4374
12/04/2019;B;10:00:00;4450
13/04/2019;B;10:00:00;4458
14/04/2019;B;10:00:00;2901
15/04/2019;B;10:00:00;4359
16/04/2019;B;10:00:00;4782
17/04/2019;B;10:00:00;4484
18/04/2019;B;10:00:00;3230
19/04/2019;B;10:00:00;2560
20/04/2019;B;10:00:00;3637
21/04/2019;B;10:00:00;2576
22/04/2019;B;10:00:00;4347
23/04/2019;B;10:00:00;5278
24/04/2019;B;10:00:00;4424
25/04/2019;B;10:00:00;287
26/04/2019;B;10:00:00;19082
27/04/2019;B;10:00:00;4597
28/04/2019;B;10:00:00;2891
29/04/2019;B;10:00:00;4613
30/04/2019;B;10:00:00;4505
1/05/2019;B;10:00:00;2900
2/05/2019;B;10:00:00;4761
3/05/2019;B;10:00:00;4731
4/05/2019;B;10:00:00;4721
5/05/2019;B;10:00:00;3066
6/05/2019;B;10:00:00;4643
7/05/2019;B;10:00:00;4382
8/05/2019;B;10:00:00;4080
9/05/2019;B;10:00:00;4395
10/05/2019;B;10:00:00;4605
11/05/2019;B;10:00:00;4611
12/05/2019;B;10:00:00;3059
13/05/2019;B;10:00:00;
14/05/2019;B;10:00:00;4384
15/05/2019;B;10:00:00;4220
16/05/2019;B;10:00:00;4377
17/05/2019;B;10:00:00;4696
18/05/2019;B;10:00:00;4479
19/05/2019;B;10:00:00;2898
20/05/2019;B;10:00:00;4412
21/05/2019;B;10:00:00;4447
22/05/2019;B;10:00:00;4187
23/05/2019;B;10:00:00;4412
24/05/2019;B;10:00:00;4388
25/05/2019;B;10:00:00;4487
26/05/2019;B;10:00:00;2906
27/05/2019;B;10:00:00;4105
28/05/2019;B;10:00:00;4282
29/05/2019;B;10:00:00;4184
30/05/2019;B;10:00:00;3503
31/05/2019;B;10:00:00;4220
1/06/2019;B;10:00:00;4499
2/06/2019;B;10:00:00;3125
3/06/2019;B;10:00:00;2551
4/06/2019;B;10:00:00;4490
5/06/2019;B;10:00:00;4440
6/06/2019;B;10:00:00;4230
7/06/2019;B;10:00:00;4232
8/06/2019;B;10:00:00;4251
9/06/2019;B;10:00:00;3048
10/06/2019;B;10:00:00;4218
11/06/2019;B;10:00:00;4277
12/06/2019;B;10:00:00;4112
13/06/2019;B;10:00:00;3943
14/06/2019;B;10:00:00;4336
15/06/2019;B;10:00:00;4329
16/06/2019;B;10:00:00;2968
17/06/2019;B;10:00:00;3978
18/06/2019;B;10:00:00;4276
19/06/2019;B;10:00:00;4522
20/06/2019;B;10:00:00;4203
21/06/2019;B;10:00:00;4395
22/06/2019;B;10:00:00;4485
23/06/2019;B;10:00:00;3442
24/06/2019;B;10:00:00;2669
25/06/2019;B;10:00:00;4432
26/06/2019;B;10:00:00;4461
27/06/2019;B;10:00:00;4273
28/06/2019;B;10:00:00;4602
29/06/2019;B;10:00:00;4521
30/06/2019;B;10:00:00;3629
1/07/2019;B;10:00:00;2710
2/07/2019;B;10:00:00;4548
3/07/2019;B;10:00:00;4304
4/07/2019;B;10:00:00;4388
5/07/2019;B;10:00:00;4479
6/07/2019;B;10:00:00;4400
7/07/2019;B;10:00:00;3178
8/07/2019;B;10:00:00;4073
9/07/2019;B;10:00:00;4321
10/07/2019;B;10:00:00;4509
11/07/2019;B;10:00:00;3913
12/07/2019;B;10:00:00;4185
13/07/2019;B;10:00:00;4192
14/07/2019;B;10:00:00;3125
15/07/2019;B;10:00:00;4285
16/07/2019;B;10:00:00;4345
17/07/2019;B;10:00:00;10429
18/07/2019;B;10:00:00;4404
19/07/2019;B;10:00:00;4398
20/07/2019;B;10:00:00;3986
21/07/2019;B;10:00:00;3296
22/07/2019;B;10:00:00;4177
23/07/2019;B;10:00:00;4340
24/07/2019;B;10:00:00;4269
25/07/2019;B;10:00:00;4162
26/07/2019;B;10:00:00;4401
27/07/2019;B;10:00:00;4496
28/07/2019;B;10:00:00;3256
29/07/2019;B;10:00:00;4266
30/07/2019;B;10:00:00;4305
31/07/2019;B;10:00:00;4198
1/08/2019;B;10:00:00;4484
2/08/2019;B;10:00:00;4759
3/08/2019;B;10:00:00;5056
4/08/2019;B;10:00:00;3616
5/08/2019;B;10:00:00;4650
6/08/2019;B;10:00:00;5145
7/08/2019;B;10:00:00;3301
8/08/2019;B;10:00:00;4992
9/08/2019;B;10:00:00;5206
10/08/2019;B;10:00:00;6404
11/08/2019;B;10:00:00;4077
12/08/2019;B;10:00:00;4603
13/08/2019;B;10:00:00;4570
14/08/2019;B;10:00:00;4399
15/08/2019;B;10:00:00;4504
16/08/2019;B;10:00:00;4770
17/08/2019;B;10:00:00;5017
18/08/2019;B;10:00:00;3683
19/08/2019;B;10:00:00;2648
20/08/2019;B;10:00:00;4681
21/08/2019;B;10:00:00;3827
22/08/2019;B;10:00:00;4453
23/08/2019;B;10:00:00;4496
24/08/2019;B;10:00:00;4655
25/08/2019;B;10:00:00;3082
26/08/2019;B;10:00:00;4193
27/08/2019;B;10:00:00;4350
28/08/2019;B;10:00:00;4273
29/08/2019;B;10:00:00;4299
30/08/2019;B;10:00:00;4461
31/08/2019;B;10:00:00;4663
1/09/2019;B;10:00:00;3154
2/09/2019;B;10:00:00;4479
3/09/2019;B;10:00:00;4631
4/09/2019;B;10:00:00;183
5/09/2019;B;10:00:00;16738
6/09/2019;B;10:00:00;4541
7/09/2019;B;10:00:00;4916
8/09/2019;B;10:00:00;3155
9/09/2019;B;10:00:00;4366
10/09/2019;B;10:00:00;4385
11/09/2019;B;10:00:00;4351
12/09/2019;B;10:00:00;4393
13/09/2019;B;10:00:00;4589
14/09/2019;B;10:00:00;4757
15/09/2019;B;10:00:00;3128
16/09/2019;B;10:00:00;4325
17/09/2019;B;10:00:00;4517
18/09/2019;B;10:00:00;4295
19/09/2019;B;10:00:00;4459
20/09/2019;B;10:00:00;4701
21/09/2019;B;10:00:00;4630
22/09/2019;B;10:00:00;3001
23/09/2019;B;10:00:00;
24/09/2019;B;10:00:00;4499
25/09/2019;B;10:00:00;4270
26/09/2019;B;10:00:00;4279
27/09/2019;B;10:00:00;4436
28/09/2019;B;10:00:00;4659
29/09/2019;B;10:00:00;3007
30/09/2019;B;10:00:00;4363
1/10/2019;B;10:00:00;4418
2/10/2019;B;10:00:00;4491
3/10/2019;B;10:00:00;4450
4/10/2019;B;10:00:00;4646
5/10/2019;B;10:00:00;4758
6/10/2019;B;10:00:00;3120
7/10/2019;B;10:00:00;4639
8/10/2019;B;10:00:00;4518
9/10/2019;B;10:00:00;4662
10/10/2019;B;10:00:00;4778
11/10/2019;B;10:00:00;4913
12/10/2019;B;10:00:00;4994
13/10/2019;B;10:00:00;3442
14/10/2019;B;10:00:00;2486
15/10/2019;B;10:00:00;4479
16/10/2019;B;10:00:00;4678
17/10/2019;B;10:00:00;4495
18/10/2019;B;10:00:00;4646
19/10/2019;B;10:00:00;5022
20/10/2019;B;10:00:00;3042
21/10/2019;B;10:00:00;4421
22/10/2019;B;10:00:00;4487
23/10/2019;B;10:00:00;11063
24/10/2019;B;10:00:00;6293
25/10/2019;B;10:00:00;4562
26/10/2019;B;10:00:00;4406
27/10/2019;B;10:00:00;9
28/10/2019;B;10:00:00;4038
29/10/2019;B;10:00:00;4285
30/10/2019;B;10:00:00;3919
31/10/2019;B;10:00:00;4532
1/11/2019;B;10:00:00;4492
2/11/2019;B;10:00:00;4908
3/11/2019;B;10:00:00;3327
4/11/2019;B;10:00:00;2614
5/11/2019;B;10:00:00;4551
6/11/2019;B;10:00:00;4594
7/11/2019;B;10:00:00;4616
8/11/2019;B;10:00:00;4837
9/11/2019;B;10:00:00;4388
10/11/2019;B;10:00:00;3299
11/11/2019;B;10:00:00;2400
12/11/2019;B;10:00:00;3425
13/11/2019;B;10:00:00;4582
14/11/2019;B;10:00:00;4690
15/11/2019;B;10:00:00;4884
16/11/2019;B;10:00:00;4830
17/11/2019;B;10:00:00;2950
18/11/2019;B;10:00:00;4670
19/11/2019;B;10:00:00;4667
20/11/2019;B;10:00:00;
21/11/2019;B;10:00:00;6012
22/11/2019;B;10:00:00;4936
23/11/2019;B;10:00:00;4808
24/11/2019;B;10:00:00;3179
25/11/2019;B;10:00:00;4725
26/11/2019;B;10:00:00;4643
27/11/2019;B;10:00:00;4688
28/11/2019;B;10:00:00;4786
29/11/2019;B;10:00:00;4850
30/11/2019;B;10:00:00;5252
1/12/2019;B;10:00:00;3452
2/12/2019;B;10:00:00;4944
3/12/2019;B;10:00:00;4774
4/12/2019;B;10:00:00;5023
5/12/2019;B;10:00:00;5041
6/12/2019;B;10:00:00;5092
7/12/2019;B;10:00:00;5439
8/12/2019;B;10:00:00;3364
9/12/2019;B;10:00:00;4740
10/12/2019;B;10:00:00;5016
11/12/2019;B;10:00:00;4773
12/12/2019;B;10:00:00;4926
13/12/2019;B;10:00:00;5111
14/12/2019;B;10:00:00;5350
15/12/2019;B;10:00:00;3912
16/12/2019;B;10:00:00;5038
17/12/2019;B;10:00:00;5114
18/12/2019;B;10:00:00;4822
19/12/2019;B;10:00:00;5056
20/12/2019;B;10:00:00;5188
21/12/2019;B;10:00:00;5644
22/12/2019;B;10:00:00;4228
23/12/2019;B;10:00:00;5580
24/12/2019;B;10:00:00;4600
25/12/2019;B;10:00:00;1575
26/12/2019;B;10:00:00;4224
27/12/2019;B;10:00:00;4580
28/12/2019;B;10:00:00;4583
29/12/2019;B;10:00:00;3488
30/12/2019;B;10:00:00;4641
31/12/2019;B;10:00:00;3985
1/01/2020;A;10:00:00;6467
1/01/2020;B;10:00:00;1161
2/01/2020;A;10:00:00;21087
2/01/2020;B;10:00:00;3724
3/01/2020;A;10:00:00;24833
3/01/2020;B;10:00:00;4321
4/01/2020;A;10:00:00;22009
4/01/2020;B;10:00:00;4159
5/01/2020;A;10:00:00;17295
5/01/2020;B;10:00:00;3296
6/01/2020;A;10:00:00;14275
6/01/2020;B;10:00:00;2930
7/01/2020;A;10:00:00;26883
7/01/2020;B;10:00:00;4352
8/01/2020;A;10:00:00;25741
8/01/2020;B;10:00:00;4306
9/01/2020;A;10:00:00;25571
9/01/2020;B;10:00:00;4201
10/01/2020;A;10:00:00;25645
10/01/2020;B;10:00:00;4414
11/01/2020;A;10:00:00;22639
11/01/2020;B;10:00:00;4040
12/01/2020;A;10:00:00;15210
12/01/2020;B;10:00:00;2757
13/01/2020;A;10:00:00;26488
13/01/2020;B;10:00:00;4212
14/01/2020;A;10:00:00;26376
14/01/2020;B;10:00:00;4165
15/01/2020;A;10:00:00;26111
15/01/2020;B;10:00:00;4031
16/01/2020;A;10:00:00;26608
16/01/2020;B;10:00:00;4143
17/01/2020;A;10:00:00;26967
17/01/2020;B;10:00:00;4308
18/01/2020;A;10:00:00;24588
18/01/2020;B;10:00:00;4238
19/01/2020;A;10:00:00;16047
19/01/2020;B;10:00:00;2925
20/01/2020;A;10:00:00;27408
20/01/2020;B;10:00:00;4411
21/01/2020;A;10:00:00;28409
21/01/2020;B;10:00:00;4571
22/01/2020;A;10:00:00;26379
22/01/2020;B;10:00:00;4151
23/01/2020;A;10:00:00;26140
23/01/2020;B;10:00:00;4282
24/01/2020;A;10:00:00;26681
24/01/2020;B;10:00:00;4466
25/01/2020;A;10:00:00;24308
25/01/2020;B;10:00:00;4411
26/01/2020;A;10:00:00;15131
26/01/2020;B;10:00:00;3026
27/01/2020;A;10:00:00;27227
27/01/2020;B;10:00:00;4390
28/01/2020;A;10:00:00;26737
28/01/2020;B;10:00:00;4307
29/01/2020;A;10:00:00;26379
29/01/2020;B;10:00:00;4144
30/01/2020;A;10:00:00;25890
30/01/2020;B;10:00:00;4290
31/01/2020;A;10:00:00;27667
31/01/2020;B;10:00:00;4461
1/02/2020;A;10:00:00;25355
1/02/2020;B;10:00:00;4560
2/02/2020;A;10:00:00;15930
2/02/2020;B;10:00:00;2901
3/02/2020;A;10:00:00;28564
3/02/2020;B;10:00:00;4612
4/02/2020;A;10:00:00;28348
4/02/2020;B;10:00:00;4558
5/02/2020;A;10:00:00;27609
5/02/2020;B;10:00:00;4219
6/02/2020;A;10:00:00;27351
6/02/2020;B;10:00:00;4498
7/02/2020;A;10:00:00;27956
7/02/2020;B;10:00:00;4508
8/02/2020;A;10:00:00;24979
8/02/2020;B;10:00:00;4412
9/02/2020;A;10:00:00;14969
9/02/2020;B;10:00:00;2950
10/02/2020;A;10:00:00;27614
10/02/2020;B;10:00:00;4337
11/02/2020;A;10:00:00;27845
11/02/2020;B;10:00:00;4322
12/02/2020;A;10:00:00;28126
12/02/2020;B;10:00:00;4709
13/02/2020;A;10:00:00;26813
13/02/2020;B;10:00:00;4323
14/02/2020;A;10:00:00;26691
14/02/2020;B;10:00:00;4435
15/02/2020;A;10:00:00;24662
15/02/2020;B;10:00:00;4920
16/02/2020;A;10:00:00;15061
16/02/2020;B;10:00:00;2845
17/02/2020;A;10:00:00;56924
17/02/2020;B;10:00:00;9190
18/02/2020;A;10:00:00;55662
18/02/2020;B;10:00:00;9076
19/02/2020;A;10:00:00;27867
19/02/2020;B;10:00:00;4301
20/02/2020;A;10:00:00;28615
20/02/2020;B;10:00:00;4594
21/02/2020;A;10:00:00;29061
21/02/2020;B;10:00:00;4839
22/02/2020;A;10:00:00;25812
22/02/2020;B;10:00:00;4682
23/02/2020;A;10:00:00;16004
23/02/2020;B;10:00:00;2859
24/02/2020;A;10:00:00;27968
24/02/2020;B;10:00:00;4479
25/02/2020;A;10:00:00;27315
25/02/2020;B;10:00:00;4465
26/02/2020;A;10:00:00;27049
26/02/2020;B;10:00:00;4331
27/02/2020;A;10:00:00;26655
27/02/2020;B;10:00:00;4332
28/02/2020;A;10:00:00;28008
28/02/2020;B;10:00:00;4606
29/02/2020;A;10:00:00;26341
29/02/2020;B;10:00:00;4845
1/03/2020;A;10:00:00;16381
1/03/2020;B;10:00:00;3107
2/03/2020;A;10:00:00;28082
2/03/2020;B;10:00:00;4587
3/03/2020;A;10:00:00;28290
3/03/2020;B;10:00:00;4761
4/03/2020;A;10:00:00;28290
4/03/2020;B;10:00:00;4488
5/03/2020;A;10:00:00;27928
5/03/2020;B;10:00:00;4647
6/03/2020;A;10:00:00;28401
6/03/2020;B;10:00:00;4593
7/03/2020;A;10:00:00;26017
7/03/2020;B;10:00:00;4620
8/03/2020;A;10:00:00;15046
8/03/2020;B;10:00:00;2762
9/03/2020;A;10:00:00;27624
9/03/2020;B;10:00:00;4678
10/03/2020;A;10:00:00;27569
10/03/2020;B;10:00:00;4444
11/03/2020;A;10:00:00;28934
11/03/2020;B;10:00:00;4753
12/03/2020;A;10:00:00;27056
12/03/2020;B;10:00:00;4279
13/03/2020;A;10:00:00;26872
13/03/2020;B;10:00:00;4315
14/03/2020;A;10:00:00;21625
14/03/2020;B;10:00:00;3697
15/03/2020;A;10:00:00;11911
15/03/2020;B;10:00:00;2173
16/03/2020;A;10:00:00;20709
16/03/2020;B;10:00:00;3109
17/03/2020;A;10:00:00;17549
17/03/2020;B;10:00:00;2811
18/03/2020;A;10:00:00;15448
18/03/2020;B;10:00:00;2392
19/03/2020;A;10:00:00;14190
19/03/2020;B;10:00:00;2120
20/03/2020;A;10:00:00;13083
20/03/2020;B;10:00:00;2074
21/03/2020;A;10:00:00;2262
21/03/2020;B;10:00:00;389
22/03/2020;A;10:00:00;1419
22/03/2020;B;10:00:00;218
23/03/2020;A;10:00:00;1856
23/03/2020;B;10:00:00;331
24/03/2020;A;10:00:00;8948
24/03/2020;B;10:00:00;1477
25/03/2020;A;10:00:00;2855
25/03/2020;B;10:00:00;466
26/03/2020;A;10:00:00;2893
26/03/2020;B;10:00:00;432
27/03/2020;A;10:00:00;3071
27/03/2020;B;10:00:00;488
28/03/2020;A;10:00:00;2489
28/03/2020;B;10:00:00;357
29/03/2020;A;10:00:00;942
29/03/2020;B;10:00:00;148
30/03/2020;A;10:00:00;3163
30/03/2020;B;10:00:00;547
31/03/2020;A;10:00:00;3053
31/03/2020;B;10:00:00;496
1/04/2020;A;10:00:00;3348
1/04/2020;B;10:00:00;519
2/04/2020;A;10:00:00;3102
2/04/2020;B;10:00:00;492
3/04/2020;A;10:00:00;3315
3/04/2020;B;10:00:00;530
4/04/2020;A;10:00:00;2604
4/04/2020;B;10:00:00;437
5/04/2020;A;10:00:00;1165
5/04/2020;B;10:00:00;207
6/04/2020;A;10:00:00;3545
6/04/2020;B;10:00:00;595
7/04/2020;A;10:00:00;3488
7/04/2020;B;10:00:00;614
8/04/2020;A;10:00:00;3681
8/04/2020;B;10:00:00;585
9/04/2020;A;10:00:00;1525
9/04/2020;B;10:00:00;283
10/04/2020;A;10:00:00;1158
10/04/2020;B;10:00:00;180
11/04/2020;A;10:00:00;2258
11/04/2020;B;10:00:00;394
12/04/2020;A;10:00:00;1090
12/04/2020;B;10:00:00;200
13/04/2020;A;10:00:00;3415
13/04/2020;B;10:00:00;575
14/04/2020;A;10:00:00;3474
14/04/2020;B;10:00:00;553
15/04/2020;A;10:00:00;3531
15/04/2020;B;10:00:00;543
16/04/2020;A;10:00:00;3610
16/04/2020;B;10:00:00;646
17/04/2020;A;10:00:00;3564
17/04/2020;B;10:00:00;603
18/04/2020;A;10:00:00;2936
18/04/2020;B;10:00:00;492
19/04/2020;A;10:00:00;1402
19/04/2020;B;10:00:00;261
20/04/2020;A;10:00:00;3569
20/04/2020;B;10:00:00;583
21/04/2020;A;10:00:00;3411
21/04/2020;B;10:00:00;556
22/04/2020;A;10:00:00;3388
22/04/2020;B;10:00:00;600
23/04/2020;A;10:00:00;3651
23/04/2020;B;10:00:00;589
24/04/2020;A;10:00:00;3916
24/04/2020;B;10:00:00;624
25/04/2020;A;10:00:00;3018
25/04/2020;B;10:00:00;474
26/04/2020;A;10:00:00;1489
26/04/2020;B;10:00:00;283
27/04/2020;A;10:00:00;3380
27/04/2020;B;10:00:00;509
28/04/2020;A;10:00:00;3286
28/04/2020;B;10:00:00;520
29/04/2020;A;10:00:00;3466
29/04/2020;B;10:00:00;589
30/04/2020;A;10:00:00;3758
30/04/2020;B;10:00:00;635
1/05/2020;A;10:00:00;1869
1/05/2020;B;10:00:00;306
2/05/2020;A;10:00:00;3279
2/05/2020;B;10:00:00;543
3/05/2020;A;10:00:00;1805
3/05/2020;B;10:00:00;325
4/05/2020;A;10:00:00;4007
4/05/2020;B;10:00:00;649
5/05/2020;A;10:00:00;4065
5/05/2020;B;10:00:00;595
6/05/2020;A;10:00:00;4204
6/05/2020;B;10:00:00;643
7/05/2020;A;10:00:00;4153
7/05/2020;B;10:00:00;682
8/05/2020;A;10:00:00;4254
8/05/2020;B;10:00:00;659
9/05/2020;A;10:00:00;3471
9/05/2020;B;10:00:00;557
10/05/2020;A;10:00:00;1465
10/05/2020;B;10:00:00;272
11/05/2020;A;10:00:00;3919
11/05/2020;B;10:00:00;626
12/05/2020;A;10:00:00;4229
12/05/2020;B;10:00:00;668
13/05/2020;A;10:00:00;4357
13/05/2020;B;10:00:00;678
14/05/2020;A;10:00:00;4569
14/05/2020;B;10:00:00;702
15/05/2020;A;10:00:00;4826
15/05/2020;B;10:00:00;763
16/05/2020;A;10:00:00;4262
16/05/2020;B;10:00:00;659
17/05/2020;A;10:00:00;2173
17/05/2020;B;10:00:00;349
18/05/2020;A;10:00:00;4479
18/05/2020;B;10:00:00;694
19/05/2020;A;10:00:00;4724
19/05/2020;B;10:00:00;702
20/05/2020;A;10:00:00;4746
20/05/2020;B;10:00:00;714
21/05/2020;A;10:00:00;4916
21/05/2020;B;10:00:00;736
22/05/2020;A;10:00:00;5271
22/05/2020;B;10:00:00;808
23/05/2020;A;10:00:00;4618
23/05/2020;B;10:00:00;699
24/05/2020;A;10:00:00;2187
24/05/2020;B;10:00:00;363
25/05/2020;A;10:00:00;1801
25/05/2020;B;10:00:00;321
26/05/2020;A;10:00:00;5059
26/05/2020;B;10:00:00;744
27/05/2020;A;10:00:00;5011
27/05/2020;B;10:00:00;854
28/05/2020;A;10:00:00;5218
28/05/2020;B;10:00:00;813
29/05/2020;A;10:00:00;5326
29/05/2020;B;10:00:00;862
30/05/2020;A;10:00:00;4795
30/05/2020;B;10:00:00;773
31/05/2020;A;10:00:00;2282
31/05/2020;B;10:00:00;433
1/06/2020;A;10:00:00;6007
1/06/2020;B;10:00:00;1006
2/06/2020;A;10:00:00;6805
2/06/2020;B;10:00:00;1121
3/06/2020;A;10:00:00;6176
3/06/2020;B;10:00:00;894
4/06/2020;A;10:00:00;6715
4/06/2020;B;10:00:00;985
5/06/2020;A;10:00:00;7124
5/06/2020;B;10:00:00;1094
6/06/2020;A;10:00:00;6202
6/06/2020;B;10:00:00;1047
7/06/2020;A;10:00:00;3122
7/06/2020;B;10:00:00;523
8/06/2020;A;10:00:00;6567
8/06/2020;B;10:00:00;1123
9/06/2020;A;10:00:00;7192
9/06/2020;B;10:00:00;1154
10/06/2020;A;10:00:00;7022
10/06/2020;B;10:00:00;1127
11/06/2020;A;10:00:00;7055
11/06/2020;B;10:00:00;1105
12/06/2020;A;10:00:00;7583
12/06/2020;B;10:00:00;1175
14/06/2020;A;10:00:00;3730
14/06/2020;B;10:00:00;619
15/06/2020;A;10:00:00;3466
15/06/2020;B;10:00:00;557
16/06/2020;A;10:00:00;7785
16/06/2020;B;10:00:00;1300
17/06/2020;A;10:00:00;8236
17/06/2020;B;10:00:00;1314
18/06/2020;A;10:00:00;7906
18/06/2020;B;10:00:00;1398
19/06/2020;A;10:00:00;9168
19/06/2020;B;10:00:00;1579
20/06/2020;A;10:00:00;7277
20/06/2020;B;10:00:00;1141
21/06/2020;A;10:00:00;3814
21/06/2020;B;10:00:00;616
22/06/2020;A;10:00:00;3369
22/06/2020;B;10:00:00;538
23/06/2020;A;10:00:00;7991
23/06/2020;B;10:00:00;1302
24/06/2020;A;10:00:00;8136
24/06/2020;B;10:00:00;1270
25/06/2020;A;10:00:00;8074
25/06/2020;B;10:00:00;1260
26/06/2020;A;10:00:00;8277
26/06/2020;B;10:00:00;1282
27/06/2020;A;10:00:00;7474
27/06/2020;B;10:00:00;1235
28/06/2020;A;10:00:00;3732
28/06/2020;B;10:00:00;665
29/06/2020;A;10:00:00;3611
29/06/2020;B;10:00:00;594
30/06/2020;A;10:00:00;8284
30/06/2020;B;10:00:00;1309
1/07/2020;A;10:00:00;8835
1/07/2020;B;10:00:00;1314
2/07/2020;A;10:00:00;8533
2/07/2020;B;10:00:00;1387
3/07/2020;A;10:00:00;8107
3/07/2020;B;10:00:00;1267
4/07/2020;A;10:00:00;7716
4/07/2020;B;10:00:00;1289
5/07/2020;A;10:00:00;3852
5/07/2020;B;10:00:00;601
6/07/2020;A;10:00:00;7977
6/07/2020;B;10:00:00;1281
7/07/2020;A;10:00:00;8476
7/07/2020;B;10:00:00;1326
8/07/2020;A;10:00:00;8017
8/07/2020;B;10:00:00;1228
9/07/2020;A;10:00:00;8223
9/07/2020;B;10:00:00;1274
10/07/2020;A;10:00:00;8090
10/07/2020;B;10:00:00;1237
11/07/2020;A;10:00:00;7430
11/07/2020;B;10:00:00;1121
12/07/2020;A;10:00:00;3819
12/07/2020;B;10:00:00;607
13/07/2020;A;10:00:00;5998
13/07/2020;B;10:00:00;926
14/07/2020;A;10:00:00;5843
14/07/2020;B;10:00:00;939
15/07/2020;A;10:00:00;6011
15/07/2020;B;10:00:00;881
16/07/2020;A;10:00:00;6790
16/07/2020;B;10:00:00;1113
17/07/2020;A;10:00:00;2726
17/07/2020;B;10:00:00;432
18/07/2020;A;10:00:00;2200
18/07/2020;B;10:00:00;361
19/07/2020;A;10:00:00;1112
19/07/2020;B;10:00:00;198
20/07/2020;A;10:00:00;1148
20/07/2020;B;10:00:00;197
21/07/2020;A;10:00:00;7220
21/07/2020;B;10:00:00;1146
22/07/2020;A;10:00:00;6502
22/07/2020;B;10:00:00;1090
23/07/2020;A;10:00:00;6295
23/07/2020;B;10:00:00;1063
24/07/2020;A;10:00:00;2836
24/07/2020;B;10:00:00;451
25/07/2020;A;10:00:00;2425
25/07/2020;B;10:00:00;391
26/07/2020;A;10:00:00;1183
26/07/2020;B;10:00:00;178
27/07/2020;A;10:00:00;7096
27/07/2020;B;10:00:00;1188
28/07/2020;A;10:00:00;6970
28/07/2020;B;10:00:00;1157
29/07/2020;A;10:00:00;6871
29/07/2020;B;10:00:00;1066
30/07/2020;A;10:00:00;6655
30/07/2020;B;10:00:00;1037
31/07/2020;A;10:00:00;3026
31/07/2020;B;10:00:00;470
1/08/2020;A;10:00:00;2741
1/08/2020;B;10:00:00;386
2/08/2020;A;10:00:00;1285
2/08/2020;B;10:00:00;205
3/08/2020;A;10:00:00;7090
3/08/2020;B;10:00:00;1168
4/08/2020;A;10:00:00;6736
4/08/2020;B;10:00:00;1150
5/08/2020;A;10:00:00;7342
5/08/2020;B;10:00:00;1249
6/08/2020;A;10:00:00;7625
6/08/2020;B;10:00:00;1242
7/08/2020;A;10:00:00;1640
7/08/2020;B;10:00:00;231
9/08/2020;A;10:00:00;1249
9/08/2020;B;10:00:00;203
10/08/2020;A;10:00:00;7101
10/08/2020;B;10:00:00;1157
11/08/2020;A;10:00:00;6809
11/08/2020;B;10:00:00;1148
12/08/2020;A;10:00:00;6749
12/08/2020;B;10:00:00;1070
13/08/2020;A;10:00:00;6981
13/08/2020;B;10:00:00;1135
14/08/2020;A;10:00:00;6674
14/08/2020;B;10:00:00;1054
15/08/2020;A;10:00:00;3002
15/08/2020;B;10:00:00;425
16/08/2020;A;10:00:00;1423
16/08/2020;B;10:00:00;220
17/08/2020;A;10:00:00;1439
17/08/2020;B;10:00:00;218
18/08/2020;A;10:00:00;7689
18/08/2020;B;10:00:00;1257
19/08/2020;A;10:00:00;7271
19/08/2020;B;10:00:00;1156
20/08/2020;A;10:00:00;14294
20/08/2020;B;10:00:00;2360
21/08/2020;A;10:00:00;7141
21/08/2020;B;10:00:00;1131
22/08/2020;A;10:00:00;6480
22/08/2020;B;10:00:00;1015
23/08/2020;A;10:00:00;3231
23/08/2020;B;10:00:00;474
24/08/2020;A;10:00:00;7193
24/08/2020;B;10:00:00;1150
25/08/2020;A;10:00:00;7326
25/08/2020;B;10:00:00;1128
26/08/2020;A;10:00:00;7359
26/08/2020;B;10:00:00;1151
27/08/2020;A;10:00:00;7401
27/08/2020;B;10:00:00;1178
28/08/2020;A;10:00:00;7702
28/08/2020;B;10:00:00;1161
29/08/2020;A;10:00:00;6893
29/08/2020;B;10:00:00;1115
30/08/2020;A;10:00:00;3570
30/08/2020;B;10:00:00;499
31/08/2020;A;10:00:00;8517
31/08/2020;B;10:00:00;1419
1/09/2020;A;10:00:00;10134
1/09/2020;B;10:00:00;1638
2/09/2020;A;10:00:00;10055
2/09/2020;B;10:00:00;1654
3/09/2020;A;10:00:00;10158
3/09/2020;B;10:00:00;1633
4/09/2020;A;10:00:00;10354
4/09/2020;B;10:00:00;1634
5/09/2020;A;10:00:00;10111
5/09/2020;B;10:00:00;1747
6/09/2020;A;10:00:00;5841
6/09/2020;B;10:00:00;961
7/09/2020;A;10:00:00;11043
7/09/2020;B;10:00:00;1707
8/09/2020;A;10:00:00;10761
8/09/2020;B;10:00:00;1712
9/09/2020;A;10:00:00;10659
9/09/2020;B;10:00:00;1733
10/09/2020;A;10:00:00;10363
10/09/2020;B;10:00:00;1668
11/09/2020;A;10:00:00;10815
11/09/2020;B;10:00:00;1743
12/09/2020;A;10:00:00;10632
12/09/2020;B;10:00:00;1693
13/09/2020;A;10:00:00;6351
13/09/2020;B;10:00:00;1084
14/09/2020;A;10:00:00;11638
14/09/2020;B;10:00:00;1832
15/09/2020;A;10:00:00;10965
15/09/2020;B;10:00:00;1737
16/09/2020;A;10:00:00;11466
16/09/2020;B;10:00:00;1769
17/09/2020;A;10:00:00;11868
17/09/2020;B;10:00:00;1868
18/09/2020;A;10:00:00;12033
18/09/2020;B;10:00:00;1805
19/09/2020;A;10:00:00;11817
19/09/2020;B;10:00:00;1847
20/09/2020;A;10:00:00;6869
20/09/2020;B;10:00:00;1175
21/09/2020;A;10:00:00;11912
21/09/2020;B;10:00:00;1927
22/09/2020;A;10:00:00;12217
22/09/2020;B;10:00:00;1928
23/09/2020;A;10:00:00;12016
23/09/2020;B;10:00:00;1896
24/09/2020;A;10:00:00;11840
24/09/2020;B;10:00:00;1944
25/09/2020;A;10:00:00;12363
25/09/2020;B;10:00:00;1871
26/09/2020;A;10:00:00;12139
26/09/2020;B;10:00:00;1938
27/09/2020;A;10:00:00;7444
27/09/2020;B;10:00:00;1285
28/09/2020;A;10:00:00;12570
28/09/2020;B;10:00:00;1980
29/09/2020;A;10:00:00;12621
29/09/2020;B;10:00:00;1947
30/09/2020;A;10:00:00;12531
30/09/2020;B;10:00:00;1936
1/10/2020;A;10:00:00;13116
1/10/2020;B;10:00:00;2045
2/10/2020;A;10:00:00;13392
2/10/2020;B;10:00:00;2121
3/10/2020;A;10:00:00;12855
3/10/2020;B;10:00:00;2053
4/10/2020;A;10:00:00;8165
4/10/2020;B;10:00:00;1554
5/10/2020;A;10:00:00;13802
5/10/2020;B;10:00:00;2250
6/10/2020;A;10:00:00;13085
6/10/2020;B;10:00:00;2187
7/10/2020;A;10:00:00;13206
7/10/2020;B;10:00:00;2124
8/10/2020;A;10:00:00;13091
8/10/2020;B;10:00:00;2169
9/10/2020;A;10:00:00;13586
9/10/2020;B;10:00:00;2134
10/10/2020;A;10:00:00;13064
10/10/2020;B;10:00:00;2125
11/10/2020;A;10:00:00;8666
11/10/2020;B;10:00:00;1639
12/10/2020;A;10:00:00;6828
12/10/2020;B;10:00:00;1145
13/10/2020;A;10:00:00;13547
13/10/2020;B;10:00:00;2136
14/10/2020;A;10:00:00;13159
14/10/2020;B;10:00:00;2010
15/10/2020;A;10:00:00;13295
15/10/2020;B;10:00:00;2096
16/10/2020;A;10:00:00;14198
16/10/2020;B;10:00:00;2106
17/10/2020;A;10:00:00;13649
17/10/2020;B;10:00:00;2218
18/10/2020;A;10:00:00;8572
18/10/2020;B;10:00:00;1469
19/10/2020;A;10:00:00;13518
19/10/2020;B;10:00:00;2119
20/10/2020;A;10:00:00;13538
20/10/2020;B;10:00:00;2028
21/10/2020;A;10:00:00;13235
21/10/2020;B;10:00:00;2110
22/10/2020;A;10:00:00;13456
22/10/2020;B;10:00:00;2137
23/10/2020;A;10:00:00;13749
23/10/2020;B;10:00:00;2104
24/10/2020;A;10:00:00;13288
24/10/2020;B;10:00:00;2216
25/10/2020;A;10:00:00;7889
25/10/2020;B;10:00:00;1367
26/10/2020;A;10:00:00;13545
26/10/2020;B;10:00:00;2202
27/10/2020;A;10:00:00;13395
27/10/2020;B;10:00:00;2039
28/10/2020;A;10:00:00;13387
28/10/2020;B;10:00:00;2007
29/10/2020;A;10:00:00;13551
29/10/2020;B;10:00:00;2116
30/10/2020;A;10:00:00;13952
30/10/2020;B;10:00:00;2219
31/10/2020;A;10:00:00;12658
31/10/2020;B;10:00:00;2194
1/11/2020;A;10:00:00;7376
1/11/2020;B;10:00:00;1376
2/11/2020;A;10:00:00;6176
2/11/2020;B;10:00:00;1133
3/11/2020;A;10:00:00;15189
3/11/2020;B;10:00:00;2574
4/11/2020;A;10:00:00;14136
4/11/2020;B;10:00:00;2496
5/11/2020;A;10:00:00;13868
5/11/2020;B;10:00:00;2277
6/11/2020;A;10:00:00;14195
6/11/2020;B;10:00:00;2166
7/11/2020;A;10:00:00;14436
7/11/2020;B;10:00:00;2452
8/11/2020;A;10:00:00;8517
8/11/2020;B;10:00:00;1777
9/11/2020;A;10:00:00;14438
9/11/2020;B;10:00:00;2277
10/11/2020;A;10:00:00;14629
10/11/2020;B;10:00:00;2194
11/11/2020;A;10:00:00;14126
11/11/2020;B;10:00:00;2280
13/11/2020;A;10:00:00;15096
13/11/2020;B;10:00:00;2301
14/11/2020;A;10:00:00;15392
14/11/2020;B;10:00:00;2326
15/11/2020;A;10:00:00;10531
15/11/2020;B;10:00:00;1800
16/11/2020;A;10:00:00;8055
16/11/2020;B;10:00:00;1382
17/11/2020;A;10:00:00;16128
17/11/2020;B;10:00:00;2392
18/11/2020;A;10:00:00;15457
18/11/2020;B;10:00:00;2374
19/11/2020;A;10:00:00;15681
19/11/2020;B;10:00:00;2389
20/11/2020;A;10:00:00;16034
20/11/2020;B;10:00:00;2354
21/11/2020;A;10:00:00;16291
21/11/2020;B;10:00:00;2571
22/11/2020;A;10:00:00;11315
22/11/2020;B;10:00:00;2278
23/11/2020;A;10:00:00;15633
23/11/2020;B;10:00:00;2516
24/11/2020;A;10:00:00;15663
24/11/2020;B;10:00:00;2378
25/11/2020;A;10:00:00;16257
25/11/2020;B;10:00:00;2680
26/11/2020;A;10:00:00;16051
26/11/2020;B;10:00:00;2574
27/11/2020;A;10:00:00;16697
27/11/2020;B;10:00:00;2580
28/11/2020;A;10:00:00;16701
28/11/2020;B;10:00:00;2701
29/11/2020;A;10:00:00;11239
29/11/2020;B;10:00:00;1923
30/11/2020;A;10:00:00;16687
30/11/2020;B;10:00:00;2622
1/12/2020;A;10:00:00;16858
1/12/2020;B;10:00:00;2531
2/12/2020;A;10:00:00;16642
2/12/2020;B;10:00:00;2661
3/12/2020;A;10:00:00;17040
3/12/2020;B;10:00:00;2670
4/12/2020;A;10:00:00;17626
4/12/2020;B;10:00:00;2775
5/12/2020;A;10:00:00;17878
5/12/2020;B;10:00:00;2914
6/12/2020;A;10:00:00;12270
6/12/2020;B;10:00:00;2263
7/12/2020;A;10:00:00;17719
7/12/2020;B;10:00:00;2864
8/12/2020;A;10:00:00;9897
8/12/2020;B;10:00:00;1808
9/12/2020;A;10:00:00;17995
9/12/2020;B;10:00:00;2957
10/12/2020;A;10:00:00;17832
10/12/2020;B;10:00:00;2760
11/12/2020;A;10:00:00;18118
11/12/2020;B;10:00:00;2877
12/12/2020;A;10:00:00;17581
12/12/2020;B;10:00:00;2781
13/12/2020;A;10:00:00;12099
13/12/2020;B;10:00:00;2073
14/12/2020;A;10:00:00;17898
14/12/2020;B;10:00:00;2827
15/12/2020;A;10:00:00;17875
15/12/2020;B;10:00:00;2884
16/12/2020;A;10:00:00;18487
16/12/2020;B;10:00:00;2885
17/12/2020;A;10:00:00;18338
17/12/2020;B;10:00:00;2938
18/12/2020;A;10:00:00;18640
18/12/2020;B;10:00:00;2901
19/12/2020;A;10:00:00;19168
19/12/2020;B;10:00:00;3283
20/12/2020;A;10:00:00;14109
20/12/2020;B;10:00:00;2476
21/12/2020;A;10:00:00;20320
21/12/2020;B;10:00:00;3129
22/12/2020;A;10:00:00;16883
22/12/2020;B;10:00:00;2590
23/12/2020;A;10:00:00;18363
23/12/2020;B;10:00:00;2733
24/12/2020;A;10:00:00;15238
24/12/2020;B;10:00:00;2426
25/12/2020;A;10:00:00;2688
25/12/2020;B;10:00:00;440
26/12/2020;A;10:00:00;13353
26/12/2020;B;10:00:00;2230
27/12/2020;A;10:00:00;18752
27/12/2020;B;10:00:00;3382
28/12/2020;A;10:00:00;14733
28/12/2020;B;10:00:00;2430
29/12/2020;A;10:00:00;16679
29/12/2020;B;10:00:00;2637
30/12/2020;A;10:00:00;15862
30/12/2020;B;10:00:00;2587
31/12/2020;A;10:00:00;13844
31/12/2020;B;10:00:00;2147
1/01/2021;A;10:00:00;888
1/01/2021;B;10:00:00;135
2/01/2021;A;10:00:00;2831
2/01/2021;B;10:00:00;394
3/01/2021;A;10:00:00;9788
3/01/2021;B;10:00:00;1660
4/01/2021;A;10:00:00;14434
4/01/2021;B;10:00:00;2211
5/01/2021;A;10:00:00;14506
5/01/2021;B;10:00:00;2327
6/01/2021;A;10:00:00;13972
6/01/2021;B;10:00:00;2223
7/01/2021;A;10:00:00;14098
7/01/2021;B;10:00:00;2128
8/01/2021;A;10:00:00;13703
8/01/2021;B;10:00:00;2240
9/01/2021;A;10:00:00;3524
9/01/2021;B;10:00:00;468
10/01/2021;A;10:00:00;1639
10/01/2021;B;10:00:00;225
11/01/2021;A;10:00:00;1821
11/01/2021;B;10:00:00;273
12/01/2021;A;10:00:00;16280
12/01/2021;B;10:00:00;2514
13/01/2021;A;10:00:00;14985
13/01/2021;B;10:00:00;2311
14/01/2021;A;10:00:00;14608
14/01/2021;B;10:00:00;2395
15/01/2021;A;10:00:00;14708
15/01/2021;B;10:00:00;2462
16/01/2021;A;10:00:00;6508
16/01/2021;B;10:00:00;850
17/01/2021;A;10:00:00;2250
17/01/2021;B;10:00:00;357
18/01/2021;A;10:00:00;16638
18/01/2021;B;10:00:00;2529
19/01/2021;A;10:00:00;15342
19/01/2021;B;10:00:00;2406
20/01/2021;A;10:00:00;14764
20/01/2021;B;10:00:00;2372
21/01/2021;A;10:00:00;14779
21/01/2021;B;10:00:00;2331
22/01/2021;A;10:00:00;14731
22/01/2021;B;10:00:00;2360
23/01/2021;A;10:00:00;13592
23/01/2021;B;10:00:00;2288
24/01/2021;A;10:00:00;8285
24/01/2021;B;10:00:00;1510
25/01/2021;A;10:00:00;14670
25/01/2021;B;10:00:00;2292
26/01/2021;A;10:00:00;14712
26/01/2021;B;10:00:00;2257
27/01/2021;A;10:00:00;14587
27/01/2021;B;10:00:00;2236
28/01/2021;A;10:00:00;14435
28/01/2021;B;10:00:00;2266
29/01/2021;A;10:00:00;15030
29/01/2021;B;10:00:00;2303
30/01/2021;A;10:00:00;14932
30/01/2021;B;10:00:00;2446
31/01/2021;A;10:00:00;9496
31/01/2021;B;10:00:00;1630
1/02/2021;A;10:00:00;15386
1/02/2021;B;10:00:00;2468
2/02/2021;A;10:00:00;15426
2/02/2021;B;10:00:00;2344
3/02/2021;A;10:00:00;15200
3/02/2021;B;10:00:00;2245
4/02/2021;A;10:00:00;14695
4/02/2021;B;10:00:00;2345
5/02/2021;A;10:00:00;15021
5/02/2021;B;10:00:00;2522
6/02/2021;A;10:00:00;15035
6/02/2021;B;10:00:00;2450
7/02/2021;A;10:00:00;9648
7/02/2021;B;10:00:00;1625
8/02/2021;A;10:00:00;15541
8/02/2021;B;10:00:00;2413
9/02/2021;A;10:00:00;15327
9/02/2021;B;10:00:00;2445
10/02/2021;A;10:00:00;14539
10/02/2021;B;10:00:00;2351
11/02/2021;A;10:00:00;14868
11/02/2021;B;10:00:00;2347
12/02/2021;A;10:00:00;15205
12/02/2021;B;10:00:00;2474
13/02/2021;A;10:00:00;15189
13/02/2021;B;10:00:00;2483
14/02/2021;A;10:00:00;9516
14/02/2021;B;10:00:00;1652
15/02/2021;A;10:00:00;15189
15/02/2021;B;10:00:00;2468
16/02/2021;A;10:00:00;15518
16/02/2021;B;10:00:00;2406
17/02/2021;A;10:00:00;15394
17/02/2021;B;10:00:00;2415
18/02/2021;A;10:00:00;15008
18/02/2021;B;10:00:00;2416
19/02/2021;A;10:00:00;15738
19/02/2021;B;10:00:00;2510
20/02/2021;A;10:00:00;15589
20/02/2021;B;10:00:00;2638
21/02/2021;A;10:00:00;9658
21/02/2021;B;10:00:00;1824
22/02/2021;A;10:00:00;15610
22/02/2021;B;10:00:00;2558
23/02/2021;A;10:00:00;15300
23/02/2021;B;10:00:00;2444
24/02/2021;A;10:00:00;15307
24/02/2021;B;10:00:00;2413
25/02/2021;A;10:00:00;15096
25/02/2021;B;10:00:00;2384
26/02/2021;A;10:00:00;15710
26/02/2021;B;10:00:00;2478
27/02/2021;A;10:00:00;16032
27/02/2021;B;10:00:00;2778
28/02/2021;A;10:00:00;11710
28/02/2021;B;10:00:00;2464
1/03/2021;A;10:00:00;16693
1/03/2021;B;10:00:00;2645
2/03/2021;A;10:00:00;16192
2/03/2021;B;10:00:00;2532
3/03/2021;A;10:00:00;16259
3/03/2021;B;10:00:00;2527
4/03/2021;A;10:00:00;16086
4/03/2021;B;10:00:00;2436
5/03/2021;A;10:00:00;16369
5/03/2021;B;10:00:00;2580
6/03/2021;A;10:00:00;16125
6/03/2021;B;10:00:00;2731
7/03/2021;A;10:00:00;10339
7/03/2021;B;10:00:00;1846
8/03/2021;A;10:00:00;16271
8/03/2021;B;10:00:00;2519
9/03/2021;A;10:00:00;15593
9/03/2021;B;10:00:00;2521
10/03/2021;A;10:00:00;15592
10/03/2021;B;10:00:00;2492
11/03/2021;A;10:00:00;15813
11/03/2021;B;10:00:00;2490
12/03/2021;A;10:00:00;16003
12/03/2021;B;10:00:00;2541
13/03/2021;A;10:00:00;15907
13/03/2021;B;10:00:00;2761
14/03/2021;A;10:00:00;9828
14/03/2021;B;10:00:00;1747
15/03/2021;A;10:00:00;16306
15/03/2021;B;10:00:00;2526
16/03/2021;A;10:00:00;16939
16/03/2021;B;10:00:00;2608
17/03/2021;A;10:00:00;16494
17/03/2021;B;10:00:00;2744
18/03/2021;A;10:00:00;16493
18/03/2021;B;10:00:00;2712
19/03/2021;A;10:00:00;17075
19/03/2021;B;10:00:00;2639
20/03/2021;A;10:00:00;17006
20/03/2021;B;10:00:00;2886
21/03/2021;A;10:00:00;11168
21/03/2021;B;10:00:00;2059
22/03/2021;A;10:00:00;6376
22/03/2021;B;10:00:00;1617
23/03/2021;A;10:00:00;13446
23/03/2021;B;10:00:00;2559
24/03/2021;A;10:00:00;13883
24/03/2021;B;10:00:00;2579
25/03/2021;A;10:00:00;13350
25/03/2021;B;10:00:00;2367
26/03/2021;A;10:00:00;13979
26/03/2021;B;10:00:00;2473
27/03/2021;A;10:00:00;13271
27/03/2021;B;10:00:00;2396
28/03/2021;A;10:00:00;7742
28/03/2021;B;10:00:00;1527
29/03/2021;A;10:00:00;13467
29/03/2021;B;10:00:00;2479
30/03/2021;A;10:00:00;13703
30/03/2021;B;10:00:00;2311
31/03/2021;A;10:00:00;13375
31/03/2021;B;10:00:00;2292
1/04/2021;A;10:00:00;6781
1/04/2021;B;10:00:00;1281
2/04/2021;A;10:00:00;5396
2/04/2021;B;10:00:00;1228
3/04/2021;A;10:00:00;10369
3/04/2021;B;10:00:00;2018
4/04/2021;A;10:00:00;6896
4/04/2021;B;10:00:00;1201
5/04/2021;A;10:00:00;14199
5/04/2021;B;10:00:00;2300
6/04/2021;A;10:00:00;13662
6/04/2021;B;10:00:00;2247
7/04/2021;A;10:00:00;12558
7/04/2021;B;10:00:00;2250
8/04/2021;A;10:00:00;13377
8/04/2021;B;10:00:00;2229
9/04/2021;A;10:00:00;4598
9/04/2021;B;10:00:00;686
10/04/2021;A;10:00:00;4137
10/04/2021;B;10:00:00;601
11/04/2021;A;10:00:00;1950
11/04/2021;B;10:00:00;325
12/04/2021;A;10:00:00;13761
12/04/2021;B;10:00:00;2354
13/04/2021;A;10:00:00;13020
13/04/2021;B;10:00:00;2189
14/04/2021;A;10:00:00;12567
14/04/2021;B;10:00:00;2175
15/04/2021;A;10:00:00;12994
15/04/2021;B;10:00:00;2217
16/04/2021;A;10:00:00;5784
16/04/2021;B;10:00:00;863
17/04/2021;A;10:00:00;5247
17/04/2021;B;10:00:00;758
18/04/2021;A;10:00:00;2315
18/04/2021;B;10:00:00;352
19/04/2021;A;10:00:00;14013
19/04/2021;B;10:00:00;2313
20/04/2021;A;10:00:00;12951
20/04/2021;B;10:00:00;2199
21/04/2021;A;10:00:00;13370
21/04/2021;B;10:00:00;2265
22/04/2021;A;10:00:00;12954
22/04/2021;B;10:00:00;2184
23/04/2021;A;10:00:00;6043
23/04/2021;B;10:00:00;882
24/04/2021;A;10:00:00;5773
24/04/2021;B;10:00:00;738
25/04/2021;A;10:00:00;2422
25/04/2021;B;10:00:00;331
26/04/2021;A;10:00:00;14042
26/04/2021;B;10:00:00;2212
27/04/2021;A;10:00:00;13237
27/04/2021;B;10:00:00;2238
28/04/2021;A;10:00:00;13529
28/04/2021;B;10:00:00;2213
29/04/2021;A;10:00:00;13461
29/04/2021;B;10:00:00;2168
30/04/2021;A;10:00:00;5884
30/04/2021;B;10:00:00;907
1/05/2021;A;10:00:00;4001
1/05/2021;B;10:00:00;573
2/05/2021;A;10:00:00;1225
2/05/2021;B;10:00:00;184
3/05/2021;A;10:00:00;15897
3/05/2021;B;10:00:00;2636
4/05/2021;A;10:00:00;13277
4/05/2021;B;10:00:00;2129
5/05/2021;A;10:00:00;12508
5/05/2021;B;10:00:00;2060
6/05/2021;A;10:00:00;12410
6/05/2021;B;10:00:00;2079
7/05/2021;A;10:00:00;12154
7/05/2021;B;10:00:00;2056
8/05/2021;A;10:00:00;6526
8/05/2021;B;10:00:00;905
9/05/2021;A;10:00:00;2977
9/05/2021;B;10:00:00;470
10/05/2021;A;10:00:00;14529
10/05/2021;B;10:00:00;2371
11/05/2021;A;10:00:00;13955
11/05/2021;B;10:00:00;2388
12/05/2021;A;10:00:00;13714
12/05/2021;B;10:00:00;2257
13/05/2021;A;10:00:00;14004
13/05/2021;B;10:00:00;2334
14/05/2021;A;10:00:00;14309
14/05/2021;B;10:00:00;2265
15/05/2021;A;10:00:00;13726
15/05/2021;B;10:00:00;2461
16/05/2021;A;10:00:00;8529
16/05/2021;B;10:00:00;1538
17/05/2021;A;10:00:00;7143
17/05/2021;B;10:00:00;1296
18/05/2021;A;10:00:00;15518
18/05/2021;B;10:00:00;2632
19/05/2021;A;10:00:00;13395
19/05/2021;B;10:00:00;2293
20/05/2021;A;10:00:00;14566
20/05/2021;B;10:00:00;2508
21/05/2021;A;10:00:00;14731
21/05/2021;B;10:00:00;2497
22/05/2021;A;10:00:00;14488
22/05/2021;B;10:00:00;2520
23/05/2021;A;10:00:00;8251
23/05/2021;B;10:00:00;1540
24/05/2021;A;10:00:00;14991
24/05/2021;B;10:00:00;2447
25/05/2021;A;10:00:00;14917
25/05/2021;B;10:00:00;2409
26/05/2021;A;10:00:00;14777
26/05/2021;B;10:00:00;2397
27/05/2021;A;10:00:00;14264
27/05/2021;B;10:00:00;2383
28/05/2021;A;10:00:00;15729
28/05/2021;B;10:00:00;2674
29/05/2021;A;10:00:00;15393
29/05/2021;B;10:00:00;2655
30/05/2021;A;10:00:00;9050
30/05/2021;B;10:00:00;1677
31/05/2021;A;10:00:00;14893
31/05/2021;B;10:00:00;2454
1/06/2021;A;10:00:00;15988
1/06/2021;B;10:00:00;2768
2/06/2021;A;10:00:00;15811
2/06/2021;B;10:00:00;2685
3/06/2021;A;10:00:00;15571
3/06/2021;B;10:00:00;2530
4/06/2021;A;10:00:00;15744
4/06/2021;B;10:00:00;2571
5/06/2021;A;10:00:00;15776
5/06/2021;B;10:00:00;2749
6/06/2021;A;10:00:00;10360
6/06/2021;B;10:00:00;1912
7/06/2021;A;10:00:00;7851
7/06/2021;B;10:00:00;1481
8/06/2021;A;10:00:00;16685
8/06/2021;B;10:00:00;2493
9/06/2021;A;10:00:00;16822
9/06/2021;B;10:00:00;2523
10/06/2021;A;10:00:00;16123
10/06/2021;B;10:00:00;2514
11/06/2021;A;10:00:00;16147
11/06/2021;B;10:00:00;2604
12/06/2021;A;10:00:00;16136
12/06/2021;B;10:00:00;2718
13/06/2021;A;10:00:00;10674
13/06/2021;B;10:00:00;1952
14/06/2021;A;10:00:00;8178
14/06/2021;B;10:00:00;1386
15/06/2021;A;10:00:00;17074
15/06/2021;B;10:00:00;2524
16/06/2021;A;10:00:00;17062
16/06/2021;B;10:00:00;2717
17/06/2021;A;10:00:00;10554
17/06/2021;B;10:00:00;2232
18/06/2021;A;10:00:00;16827
18/06/2021;B;10:00:00;2618
19/06/2021;A;10:00:00;16661
19/06/2021;B;10:00:00;3084
20/06/2021;A;10:00:00;10607
20/06/2021;B;10:00:00;2087
21/06/2021;A;10:00:00;16196
21/06/2021;B;10:00:00;2926
22/06/2021;A;10:00:00;16417
22/06/2021;B;10:00:00;2791
23/06/2021;A;10:00:00;15925
23/06/2021;B;10:00:00;2878
24/06/2021;A;10:00:00;15572
24/06/2021;B;10:00:00;2697
25/06/2021;A;10:00:00;16194
25/06/2021;B;10:00:00;2695
26/06/2021;A;10:00:00;16421
26/06/2021;B;10:00:00;2886
27/06/2021;A;10:00:00;10190
27/06/2021;B;10:00:00;1922
28/06/2021;A;10:00:00;16920
28/06/2021;B;10:00:00;2784
29/06/2021;A;10:00:00;16499
29/06/2021;B;10:00:00;2780
30/06/2021;A;10:00:00;16890
30/06/2021;B;10:00:00;2662
1/07/2021;A;10:00:00;17140
1/07/2021;B;10:00:00;2714
2/07/2021;A;10:00:00;17322
2/07/2021;B;10:00:00;2805
3/07/2021;A;10:00:00;17738
3/07/2021;B;10:00:00;3221
4/07/2021;A;10:00:00;12625
4/07/2021;B;10:00:00;2243
5/07/2021;A;10:00:00;9774
5/07/2021;B;10:00:00;1824
6/07/2021;A;10:00:00;17618
6/07/2021;B;10:00:00;2786
7/07/2021;A;10:00:00;16785
7/07/2021;B;10:00:00;2684
8/07/2021;A;10:00:00;16958
8/07/2021;B;10:00:00;2795
9/07/2021;A;10:00:00;17086
9/07/2021;B;10:00:00;2766
10/07/2021;A;10:00:00;17304
10/07/2021;B;10:00:00;2775
11/07/2021;A;10:00:00;10394
11/07/2021;B;10:00:00;1932
12/07/2021;A;10:00:00;17111
12/07/2021;B;10:00:00;2820
13/07/2021;A;10:00:00;16551
13/07/2021;B;10:00:00;2658
14/07/2021;A;10:00:00;16573
14/07/2021;B;10:00:00;2668
15/07/2021;A;10:00:00;16379
15/07/2021;B;10:00:00;2818
16/07/2021;A;10:00:00;17713
16/07/2021;B;10:00:00;2854
17/07/2021;A;10:00:00;17576
17/07/2021;B;10:00:00;3209
18/07/2021;A;10:00:00;11222
18/07/2021;B;10:00:00;2137
19/07/2021;A;10:00:00;17202
19/07/2021;B;10:00:00;2911
20/07/2021;A;10:00:00;8718
20/07/2021;B;10:00:00;1644
21/07/2021;A;10:00:00;17905
21/07/2021;B;10:00:00;2909
22/07/2021;A;10:00:00;17750
22/07/2021;B;10:00:00;2947
23/07/2021;A;10:00:00;17336
23/07/2021;B;10:00:00;3039
24/07/2021;A;10:00:00;16970
24/07/2021;B;10:00:00;3069
25/07/2021;A;10:00:00;9248
25/07/2021;B;10:00:00;1688
26/07/2021;A;10:00:00;17320
26/07/2021;B;10:00:00;2836
27/07/2021;A;10:00:00;16092
27/07/2021;B;10:00:00;2543
28/07/2021;A;10:00:00;16944
28/07/2021;B;10:00:00;2778
29/07/2021;A;10:00:00;17413
29/07/2021;B;10:00:00;2863
30/07/2021;A;10:00:00;17773
30/07/2021;B;10:00:00;2817
31/07/2021;A;10:00:00;18347
31/07/2021;B;10:00:00;3176
1/08/2021;A;10:00:00;11110
1/08/2021;B;10:00:00;2087
2/08/2021;A;10:00:00;17984
2/08/2021;B;10:00:00;2873
3/08/2021;A;10:00:00;18271
3/08/2021;B;10:00:00;2967
4/08/2021;A;10:00:00;18019
4/08/2021;B;10:00:00;2805
5/08/2021;A;10:00:00;17638
5/08/2021;B;10:00:00;2939
6/08/2021;A;10:00:00;18519
6/08/2021;B;10:00:00;2901
7/08/2021;A;10:00:00;13713
7/08/2021;B;10:00:00;2590
8/08/2021;A;10:00:00;10792
8/08/2021;B;10:00:00;1910
9/08/2021;A;10:00:00;19097
9/08/2021;B;10:00:00;3043
10/08/2021;A;10:00:00;18257
10/08/2021;B;10:00:00;2938
11/08/2021;A;10:00:00;18316
11/08/2021;B;10:00:00;2867
12/08/2021;A;10:00:00;17926
12/08/2021;B;10:00:00;2906
13/08/2021;A;10:00:00;18386
13/08/2021;B;10:00:00;3015
14/08/2021;A;10:00:00;18597
14/08/2021;B;10:00:00;3346
15/08/2021;A;10:00:00;12980
15/08/2021;B;10:00:00;2648
16/08/2021;A;10:00:00;10052
16/08/2021;B;10:00:00;2032
17/08/2021;A;10:00:00;19980
17/08/2021;B;10:00:00;3180
18/08/2021;A;10:00:00;19233
18/08/2021;B;10:00:00;3039
19/08/2021;A;10:00:00;18017
19/08/2021;B;10:00:00;2942
20/08/2021;A;10:00:00;18807
20/08/2021;B;10:00:00;2933
21/08/2021;A;10:00:00;19349
21/08/2021;B;10:00:00;3367
22/08/2021;A;10:00:00;11911
22/08/2021;B;10:00:00;2147
23/08/2021;A;10:00:00;18900
23/08/2021;B;10:00:00;3047
24/08/2021;A;10:00:00;18801
24/08/2021;B;10:00:00;3081
25/08/2021;A;10:00:00;18801
25/08/2021;B;10:00:00;3122
26/08/2021;A;10:00:00;18825
26/08/2021;B;10:00:00;3050
27/08/2021;A;10:00:00;19311
27/08/2021;B;10:00:00;3032
28/08/2021;A;10:00:00;18044
28/08/2021;B;10:00:00;3234
29/08/2021;A;10:00:00;11449
29/08/2021;B;10:00:00;1994
30/08/2021;A;10:00:00;18816
30/08/2021;B;10:00:00;3043
31/08/2021;A;10:00:00;19143
31/08/2021;B;10:00:00;2890
1/09/2021;A;10:00:00;19460
1/09/2021;B;10:00:00;3152
2/09/2021;A;10:00:00;19205
2/09/2021;B;10:00:00;3161
3/09/2021;A;10:00:00;19722
3/09/2021;B;10:00:00;3235
4/09/2021;A;10:00:00;19352
4/09/2021;B;10:00:00;3397
5/09/2021;A;10:00:00;11940
5/09/2021;B;10:00:00;2132
6/09/2021;A;10:00:00;19461
6/09/2021;B;10:00:00;3101
7/09/2021;A;10:00:00;19405
7/09/2021;B;10:00:00;3109
8/09/2021;A;10:00:00;19253
8/09/2021;B;10:00:00;3248
9/09/2021;A;10:00:00;19399
9/09/2021;B;10:00:00;3171
10/09/2021;A;10:00:00;19431
10/09/2021;B;10:00:00;3246
11/09/2021;A;10:00:00;18845
11/09/2021;B;10:00:00;3321
12/09/2021;A;10:00:00;11614
12/09/2021;B;10:00:00;2230
13/09/2021;A;10:00:00;19030
13/09/2021;B;10:00:00;3145
14/09/2021;A;10:00:00;19480
14/09/2021;B;10:00:00;3127
15/09/2021;A;10:00:00;19282
15/09/2021;B;10:00:00;3274
16/09/2021;A;10:00:00;19523
16/09/2021;B;10:00:00;3117
17/09/2021;A;10:00:00;20332
17/09/2021;B;10:00:00;3301
18/09/2021;A;10:00:00;19953
18/09/2021;B;10:00:00;3447
19/09/2021;A;10:00:00;12191
19/09/2021;B;10:00:00;2352
20/09/2021;A;10:00:00;19144
20/09/2021;B;10:00:00;3109
21/09/2021;A;10:00:00;19367
21/09/2021;B;10:00:00;3086
22/09/2021;A;10:00:00;19302
22/09/2021;B;10:00:00;3073
23/09/2021;A;10:00:00;19679
23/09/2021;B;10:00:00;3074
24/09/2021;A;10:00:00;19071
24/09/2021;B;10:00:00;3221
25/09/2021;A;10:00:00;19708
25/09/2021;B;10:00:00;3491
26/09/2021;A;10:00:00;12247
26/09/2021;B;10:00:00;2325
27/09/2021;A;10:00:00;19669
27/09/2021;B;10:00:00;3104
28/09/2021;A;10:00:00;19771
28/09/2021;B;10:00:00;3247
29/09/2021;A;10:00:00;19178
29/09/2021;B;10:00:00;3376
30/09/2021;A;10:00:00;19357
30/09/2021;B;10:00:00;3073
1/10/2021;A;10:00:00;20565
1/10/2021;B;10:00:00;3440
2/10/2021;A;10:00:00;19770
2/10/2021;B;10:00:00;3398
3/10/2021;A;10:00:00;12705
3/10/2021;B;10:00:00;2410
4/10/2021;A;10:00:00;19973
4/10/2021;B;10:00:00;3359
5/10/2021;A;10:00:00;19383
5/10/2021;B;10:00:00;3314
6/10/2021;A;10:00:00;19987
6/10/2021;B;10:00:00;3495
7/10/2021;A;10:00:00;20053
7/10/2021;B;10:00:00;3356
8/10/2021;A;10:00:00;20174
8/10/2021;B;10:00:00;3343
9/10/2021;A;10:00:00;19434
9/10/2021;B;10:00:00;3390
10/10/2021;A;10:00:00;12424
10/10/2021;B;10:00:00;2477
11/10/2021;A;10:00:00;19467
11/10/2021;B;10:00:00;3411
12/10/2021;A;10:00:00;20085
12/10/2021;B;10:00:00;3362
13/10/2021;A;10:00:00;20016
13/10/2021;B;10:00:00;3444
14/10/2021;A;10:00:00;20162
14/10/2021;B;10:00:00;3358
15/10/2021;A;10:00:00;20936
15/10/2021;B;10:00:00;3556
16/10/2021;A;10:00:00;20422
16/10/2021;B;10:00:00;3709
17/10/2021;A;10:00:00;14097
17/10/2021;B;10:00:00;2577
18/10/2021;A;10:00:00;11128
18/10/2021;B;10:00:00;2089
19/10/2021;A;10:00:00;21398
19/10/2021;B;10:00:00;3440
20/10/2021;A;10:00:00;20953
20/10/2021;B;10:00:00;3413
21/10/2021;A;10:00:00;20501
21/10/2021;B;10:00:00;3253
22/10/2021;A;10:00:00;20909
22/10/2021;B;10:00:00;3395
23/10/2021;A;10:00:00;19849
23/10/2021;B;10:00:00;3507
24/10/2021;A;10:00:00;11651
24/10/2021;B;10:00:00;2165
25/10/2021;A;10:00:00;20296
25/10/2021;B;10:00:00;3303
26/10/2021;A;10:00:00;20188
26/10/2021;B;10:00:00;3332
27/10/2021;A;10:00:00;19838
27/10/2021;B;10:00:00;3342
28/10/2021;A;10:00:00;20750
28/10/2021;B;10:00:00;3443
29/10/2021;A;10:00:00;20362
29/10/2021;B;10:00:00;3357
30/10/2021;A;10:00:00;21014
30/10/2021;B;10:00:00;3701
31/10/2021;A;10:00:00;13342
31/10/2021;B;10:00:00;2517
1/11/2021;A;10:00:00;10507
1/11/2021;B;10:00:00;1876
2/11/2021;A;10:00:00;12409
2/11/2021;B;10:00:00;3157
3/11/2021;A;10:00:00;21509
3/11/2021;B;10:00:00;3276
4/11/2021;A;10:00:00;20751
4/11/2021;B;10:00:00;3422
5/11/2021;A;10:00:00;21435
5/11/2021;B;10:00:00;3396
6/11/2021;A;10:00:00;20822
6/11/2021;B;10:00:00;3751
7/11/2021;A;10:00:00;12420
7/11/2021;B;10:00:00;2236
8/11/2021;A;10:00:00;20390
8/11/2021;B;10:00:00;3333
9/11/2021;A;10:00:00;20869
9/11/2021;B;10:00:00;3633
10/11/2021;A;10:00:00;21153
10/11/2021;B;10:00:00;3385
11/11/2021;A;10:00:00;21097
11/11/2021;B;10:00:00;3469
12/11/2021;A;10:00:00;21649
12/11/2021;B;10:00:00;3602
13/11/2021;A;10:00:00;21679
13/11/2021;B;10:00:00;3943
14/11/2021;A;10:00:00;14941
14/11/2021;B;10:00:00;2944
15/11/2021;A;10:00:00;11441
15/11/2021;B;10:00:00;2229
16/11/2021;A;10:00:00;22874
16/11/2021;B;10:00:00;3845
17/11/2021;A;10:00:00;21805
17/11/2021;B;10:00:00;3581
18/11/2021;A;10:00:00;21938
18/11/2021;B;10:00:00;3741
19/11/2021;A;10:00:00;22722
19/11/2021;B;10:00:00;3848
20/11/2021;A;10:00:00;21384
20/11/2021;B;10:00:00;3728
21/11/2021;A;10:00:00;13539
21/11/2021;B;10:00:00;2655
22/11/2021;A;10:00:00;21371
22/11/2021;B;10:00:00;3445
23/11/2021;A;10:00:00;21491
23/11/2021;B;10:00:00;3597
24/11/2021;A;10:00:00;22823
24/11/2021;B;10:00:00;3584
25/11/2021;A;10:00:00;21985
25/11/2021;B;10:00:00;3678
26/11/2021;A;10:00:00;22596
26/11/2021;B;10:00:00;3588
27/11/2021;A;10:00:00;21539
27/11/2021;B;10:00:00;3802
28/11/2021;A;10:00:00;13762
28/11/2021;B;10:00:00;2613
29/11/2021;A;10:00:00;21931
29/11/2021;B;10:00:00;3581
30/11/2021;A;10:00:00;24081
30/11/2021;B;10:00:00;4036
1/12/2021;A;10:00:00;23235
1/12/2021;B;10:00:00;3708
2/12/2021;A;10:00:00;23094
2/12/2021;B;10:00:00;3913
3/12/2021;A;10:00:00;25704
3/12/2021;B;10:00:00;4323
4/12/2021;A;10:00:00;23339
4/12/2021;B;10:00:00;4184
5/12/2021;A;10:00:00;15513
5/12/2021;B;10:00:00;2966
6/12/2021;A;10:00:00;23037
6/12/2021;B;10:00:00;3928
7/12/2021;A;10:00:00;24431
7/12/2021;B;10:00:00;4000
8/12/2021;A;10:00:00;13254
8/12/2021;B;10:00:00;2405
9/12/2021;A;10:00:00;23820
9/12/2021;B;10:00:00;3927
10/12/2021;A;10:00:00;24702
10/12/2021;B;10:00:00;4042
11/12/2021;A;10:00:00;23286
11/12/2021;B;10:00:00;4299
12/12/2021;A;10:00:00;15715
12/12/2021;B;10:00:00;3000
13/12/2021;A;10:00:00;23795
13/12/2021;B;10:00:00;3973
14/12/2021;A;10:00:00;24030
14/12/2021;B;10:00:00;4008
15/12/2021;A;10:00:00;24069
15/12/2021;B;10:00:00;3945
16/12/2021;A;10:00:00;24792
16/12/2021;B;10:00:00;4190
17/12/2021;A;10:00:00;24574
17/12/2021;B;10:00:00;4029
18/12/2021;A;10:00:00;24785
18/12/2021;B;10:00:00;4329
19/12/2021;A;10:00:00;17500
19/12/2021;B;10:00:00;3224
20/12/2021;A;10:00:00;25162
20/12/2021;B;10:00:00;4060
21/12/2021;A;10:00:00;26238
21/12/2021;B;10:00:00;4265
22/12/2021;A;10:00:00;26268
22/12/2021;B;10:00:00;4392
23/12/2021;A;10:00:00;25723
23/12/2021;B;10:00:00;4187
24/12/2021;A;10:00:00;22223
24/12/2021;B;10:00:00;3685
25/12/2021;A;10:00:00;7134
25/12/2021;B;10:00:00;1211
26/12/2021;A;10:00:00;11887
26/12/2021;B;10:00:00;2214
27/12/2021;A;10:00:00;21333
27/12/2021;B;10:00:00;3485
28/12/2021;A;10:00:00;21689
28/12/2021;B;10:00:00;3608
29/12/2021;A;10:00:00;21647
29/12/2021;B;10:00:00;3622
30/12/2021;A;10:00:00;21254
30/12/2021;B;10:00:00;3456
31/12/2021;A;10:00:00;17807
31/12/2021;B;10:00:00;3162
1/01/2022;A;10:00:00;4890
1/01/2022;B;10:00:00;921
2/01/2022;A;10:00:00;10107
2/01/2022;B;10:00:00;1891
3/01/2022;A;10:00:00;18062
3/01/2022;B;10:00:00;2974
4/01/2022;A;10:00:00;19091
4/01/2022;B;10:00:00;3461
5/01/2022;A;10:00:00;19276
5/01/2022;B;10:00:00;3343
6/01/2022;A;10:00:00;18410
6/01/2022;B;10:00:00;3297
7/01/2022;A;10:00:00;18511
7/01/2022;B;10:00:00;3518
8/01/2022;A;10:00:00;16923
8/01/2022;B;10:00:00;3099
9/01/2022;A;10:00:00;12204
9/01/2022;B;10:00:00;2208
10/01/2022;A;10:00:00;9832
10/01/2022;B;10:00:00;1958
11/01/2022;A;10:00:00;20425
11/01/2022;B;10:00:00;3434
12/01/2022;A;10:00:00;19507
12/01/2022;B;10:00:00;3240
13/01/2022;A;10:00:00;19336
13/01/2022;B;10:00:00;3413
14/01/2022;A;10:00:00;19753
14/01/2022;B;10:00:00;3209
15/01/2022;A;10:00:00;18756
15/01/2022;B;10:00:00;3275
16/01/2022;A;10:00:00;12022
16/01/2022;B;10:00:00;2220
17/01/2022;A;10:00:00;21124
17/01/2022;B;10:00:00;3483
18/01/2022;A;10:00:00;21272
18/01/2022;B;10:00:00;3350
19/01/2022;A;10:00:00;20676
19/01/2022;B;10:00:00;3441
20/01/2022;A;10:00:00;20500
20/01/2022;B;10:00:00;3413
21/01/2022;A;10:00:00;20593
21/01/2022;B;10:00:00;3459
22/01/2022;A;10:00:00;19245
22/01/2022;B;10:00:00;3450
23/01/2022;A;10:00:00;12274
23/01/2022;B;10:00:00;2245
24/01/2022;A;10:00:00;21167
24/01/2022;B;10:00:00;3499
25/01/2022;A;10:00:00;20998
25/01/2022;B;10:00:00;3397
26/01/2022;A;10:00:00;20633
26/01/2022;B;10:00:00;3401
27/01/2022;A;10:00:00;20294
27/01/2022;B;10:00:00;3275
28/01/2022;A;10:00:00;21090
28/01/2022;B;10:00:00;3520
29/01/2022;A;10:00:00;19607
29/01/2022;B;10:00:00;3550
30/01/2022;A;10:00:00;13123
30/01/2022;B;10:00:00;2427
31/01/2022;A;10:00:00;21654
31/01/2022;B;10:00:00;3504
1/02/2022;A;10:00:00;22399
1/02/2022;B;10:00:00;3588
2/02/2022;A;10:00:00;21766
2/02/2022;B;10:00:00;3568
3/02/2022;A;10:00:00;21222
3/02/2022;B;10:00:00;3655
4/02/2022;A;10:00:00;22076
4/02/2022;B;10:00:00;3744
5/02/2022;A;10:00:00;20746
5/02/2022;B;10:00:00;3661
6/02/2022;A;10:00:00;12790
6/02/2022;B;10:00:00;2495
7/02/2022;A;10:00:00;23602
7/02/2022;B;10:00:00;3841
8/02/2022;A;10:00:00;22573
8/02/2022;B;10:00:00;3789
9/02/2022;A;10:00:00;22412
9/02/2022;B;10:00:00;3731
10/02/2022;A;10:00:00;22100
10/02/2022;B;10:00:00;3696
11/02/2022;A;10:00:00;22893
11/02/2022;B;10:00:00;3906
12/02/2022;A;10:00:00;20393
12/02/2022;B;10:00:00;3757
13/02/2022;A;10:00:00;11640
13/02/2022;B;10:00:00;2413
14/02/2022;A;10:00:00;22173
14/02/2022;B;10:00:00;3850
15/02/2022;A;10:00:00;22664
15/02/2022;B;10:00:00;3962
16/02/2022;A;10:00:00;22951
16/02/2022;B;10:00:00;3993
17/02/2022;A;10:00:00;23387
17/02/2022;B;10:00:00;3709
18/02/2022;A;10:00:00;22852
18/02/2022;B;10:00:00;3856
19/02/2022;A;10:00:00;22306
19/02/2022;B;10:00:00;3921
20/02/2022;A;10:00:00;13029
20/02/2022;B;10:00:00;2464
21/02/2022;A;10:00:00;23095
21/02/2022;B;10:00:00;3796
22/02/2022;A;10:00:00;23256
22/02/2022;B;10:00:00;3866
23/02/2022;A;10:00:00;22520
23/02/2022;B;10:00:00;3938
24/02/2022;A;10:00:00;22376
24/02/2022;B;10:00:00;3649
25/02/2022;A;10:00:00;23365
25/02/2022;B;10:00:00;4065
26/02/2022;A;10:00:00;20735
26/02/2022;B;10:00:00;3803
27/02/2022;A;10:00:00;12568
27/02/2022;B;10:00:00;2561
28/02/2022;A;10:00:00;23583
28/02/2022;B;10:00:00;3780
1/03/2022;A;10:00:00;23752
1/03/2022;B;10:00:00;3941
2/03/2022;A;10:00:00;23327
2/03/2022;B;10:00:00;3790
3/03/2022;A;10:00:00;23306
3/03/2022;B;10:00:00;3854
4/03/2022;A;10:00:00;23384
4/03/2022;B;10:00:00;3966
5/03/2022;A;10:00:00;20376
5/03/2022;B;10:00:00;3874
6/03/2022;A;10:00:00;12709
6/03/2022;B;10:00:00;2498
7/03/2022;A;10:00:00;23929
7/03/2022;B;10:00:00;4016
8/03/2022;A;10:00:00;23750
8/03/2022;B;10:00:00;3922
9/03/2022;A;10:00:00;22483
9/03/2022;B;10:00:00;3781
10/03/2022;A;10:00:00;22628
10/03/2022;B;10:00:00;3830
11/03/2022;A;10:00:00;23338
11/03/2022;B;10:00:00;3991
12/03/2022;A;10:00:00;20739
12/03/2022;B;10:00:00;3833
13/03/2022;A;10:00:00;358
13/03/2022;B;10:00:00;23
14/03/2022;A;10:00:00;23259
14/03/2022;B;10:00:00;3628
15/03/2022;A;10:00:00;23714
15/03/2022;B;10:00:00;3830
16/03/2022;A;10:00:00;23996
16/03/2022;B;10:00:00;3988
17/03/2022;A;10:00:00;23474
17/03/2022;B;10:00:00;3887
18/03/2022;A;10:00:00;23695
18/03/2022;B;10:00:00;4206
19/03/2022;A;10:00:00;22122
19/03/2022;B;10:00:00;3979
20/03/2022;A;10:00:00;14662
20/03/2022;B;10:00:00;2862
21/03/2022;A;10:00:00;10891
21/03/2022;B;10:00:00;2267
22/03/2022;A;10:00:00;25072
22/03/2022;B;10:00:00;3963
23/03/2022;A;10:00:00;23746
23/03/2022;B;10:00:00;3930
24/03/2022;A;10:00:00;22854
24/03/2022;B;10:00:00;3797
25/03/2022;A;10:00:00;22977
25/03/2022;B;10:00:00;4012
26/03/2022;A;10:00:00;21253
26/03/2022;B;10:00:00;3637
27/03/2022;A;10:00:00;12790
27/03/2022;B;10:00:00;2360
28/03/2022;A;10:00:00;23282
28/03/2022;B;10:00:00;3833
29/03/2022;A;10:00:00;22290
29/03/2022;B;10:00:00;3884
30/03/2022;A;10:00:00;22811
30/03/2022;B;10:00:00;3812
31/03/2022;A;10:00:00;23201
31/03/2022;B;10:00:00;3868
1/04/2022;A;10:00:00;23865
1/04/2022;B;10:00:00;4154
2/04/2022;A;10:00:00;22219
2/04/2022;B;10:00:00;3957
3/04/2022;A;10:00:00;13521
3/04/2022;B;10:00:00;2425
4/04/2022;A;10:00:00;23910
4/04/2022;B;10:00:00;4080
5/04/2022;A;10:00:00;23683
5/04/2022;B;10:00:00;3921
6/04/2022;A;10:00:00;23970
6/04/2022;B;10:00:00;4119
7/04/2022;A;10:00:00;23669
7/04/2022;B;10:00:00;4027
8/04/2022;A;10:00:00;24479
8/04/2022;B;10:00:00;3958
9/04/2022;A;10:00:00;22252
9/04/2022;B;10:00:00;4017
10/04/2022;A;10:00:00;13208
10/04/2022;B;10:00:00;2589
11/04/2022;A;10:00:00;22293
11/04/2022;B;10:00:00;3768
12/04/2022;A;10:00:00;21925
12/04/2022;B;10:00:00;3648
13/04/2022;A;10:00:00;22251
13/04/2022;B;10:00:00;3895
14/04/2022;A;10:00:00;13761
14/04/2022;B;10:00:00;2564
15/04/2022;A;10:00:00;10777
15/04/2022;B;10:00:00;2305
16/04/2022;A;10:00:00;16029
16/04/2022;B;10:00:00;3111
17/04/2022;A;10:00:00;12128
17/04/2022;B;10:00:00;2196
18/04/2022;A;10:00:00;23378
18/04/2022;B;10:00:00;3826
19/04/2022;A;10:00:00;24388
19/04/2022;B;10:00:00;3999
20/04/2022;A;10:00:00;23824
20/04/2022;B;10:00:00;3834
21/04/2022;A;10:00:00;23050
21/04/2022;B;10:00:00;3956
22/04/2022;A;10:00:00;23367
22/04/2022;B;10:00:00;3973
23/04/2022;A;10:00:00;21306
23/04/2022;B;10:00:00;4082
24/04/2022;A;10:00:00;12868
24/04/2022;B;10:00:00;2471
25/04/2022;A;10:00:00;23800
25/04/2022;B;10:00:00;3727
26/04/2022;A;10:00:00;24301
26/04/2022;B;10:00:00;4029
27/04/2022;A;10:00:00;23631
27/04/2022;B;10:00:00;4097
28/04/2022;A;10:00:00;22287
28/04/2022;B;10:00:00;3703
29/04/2022;A;10:00:00;24028
29/04/2022;B;10:00:00;3938
30/04/2022;A;10:00:00;22957
30/04/2022;B;10:00:00;4268
1/05/2022;A;10:00:00;13891
1/05/2022;B;10:00:00;2530
2/05/2022;A;10:00:00;24404
2/05/2022;B;10:00:00;3996
3/05/2022;A;10:00:00;24375
3/05/2022;B;10:00:00;4035
4/05/2022;A;10:00:00;23974
4/05/2022;B;10:00:00;3875
5/05/2022;A;10:00:00;23711
5/05/2022;B;10:00:00;3892
6/05/2022;A;10:00:00;23701
6/05/2022;B;10:00:00;4079
7/05/2022;A;10:00:00;21193
7/05/2022;B;10:00:00;4140
8/05/2022;A;10:00:00;13446
8/05/2022;B;10:00:00;2458
9/05/2022;A;10:00:00;21671
9/05/2022;B;10:00:00;3679
10/05/2022;A;10:00:00;23982
10/05/2022;B;10:00:00;3806
11/05/2022;A;10:00:00;23247
11/05/2022;B;10:00:00;4003
12/05/2022;A;10:00:00;23235
12/05/2022;B;10:00:00;3876
13/05/2022;A;10:00:00;24195
13/05/2022;B;10:00:00;4117
14/05/2022;A;10:00:00;22415
14/05/2022;B;10:00:00;4167
15/05/2022;A;10:00:00;13824
15/05/2022;B;10:00:00;2725
16/05/2022;A;10:00:00;23453
16/05/2022;B;10:00:00;3986
17/05/2022;A;10:00:00;24016
17/05/2022;B;10:00:00;3993
18/05/2022;A;10:00:00;23537
18/05/2022;B;10:00:00;3847
19/05/2022;A;10:00:00;23894
19/05/2022;B;10:00:00;3794
20/05/2022;A;10:00:00;23762
20/05/2022;B;10:00:00;4058
21/05/2022;A;10:00:00;21605
21/05/2022;B;10:00:00;3989
22/05/2022;A;10:00:00;13703
22/05/2022;B;10:00:00;2560
23/05/2022;A;10:00:00;22924
23/05/2022;B;10:00:00;3841
24/05/2022;A;10:00:00;24256
24/05/2022;B;10:00:00;3882
25/05/2022;A;10:00:00;23150
25/05/2022;B;10:00:00;3889
26/05/2022;A;10:00:00;23553
26/05/2022;B;10:00:00;3946
27/05/2022;A;10:00:00;23792
27/05/2022;B;10:00:00;3756
28/05/2022;A;10:00:00;20680
28/05/2022;B;10:00:00;3784
29/05/2022;A;10:00:00;289
29/05/2022;B;10:00:00;72
30/05/2022;A;10:00:00;10681
30/05/2022;B;10:00:00;2163
31/05/2022;A;10:00:00;23925
31/05/2022;B;10:00:00;3854
1/06/2022;A;10:00:00;23616
1/06/2022;B;10:00:00;3993
2/06/2022;A;10:00:00;23220
2/06/2022;B;10:00:00;3859
3/06/2022;A;10:00:00;23138
3/06/2022;B;10:00:00;3681
4/06/2022;A;10:00:00;22203
4/06/2022;B;10:00:00;4390
5/06/2022;A;10:00:00;12898
5/06/2022;B;10:00:00;2545
6/06/2022;A;10:00:00;22822
6/06/2022;B;10:00:00;3758
7/06/2022;A;10:00:00;21858
7/06/2022;B;10:00:00;3459
8/06/2022;A;10:00:00;22380
8/06/2022;B;10:00:00;3847
9/06/2022;A;10:00:00;22110
9/06/2022;B;10:00:00;3702
10/06/2022;A;10:00:00;23124
10/06/2022;B;10:00:00;3714
11/06/2022;A;10:00:00;21026
11/06/2022;B;10:00:00;3712
12/06/2022;A;10:00:00;13197
12/06/2022;B;10:00:00;2501
13/06/2022;A;10:00:00;22349
13/06/2022;B;10:00:00;3761
14/06/2022;A;10:00:00;22708
14/06/2022;B;10:00:00;3599
15/06/2022;A;10:00:00;22775
15/06/2022;B;10:00:00;3753
16/06/2022;A;10:00:00;19839
16/06/2022;B;10:00:00;3652
17/06/2022;A;10:00:00;18606
17/06/2022;B;10:00:00;3872
18/06/2022;A;10:00:00;16855
18/06/2022;B;10:00:00;3608
19/06/2022;A;10:00:00;162
19/06/2022;B;10:00:00;17
20/06/2022;A;10:00:00;8678
20/06/2022;B;10:00:00;1997
21/06/2022;A;10:00:00;19969
21/06/2022;B;10:00:00;3801
22/06/2022;A;10:00:00;22801
22/06/2022;B;10:00:00;3998
23/06/2022;A;10:00:00;23248
23/06/2022;B;10:00:00;3932
24/06/2022;A;10:00:00;24155
24/06/2022;B;10:00:00;4039
25/06/2022;A;10:00:00;22257
25/06/2022;B;10:00:00;3951
26/06/2022;A;10:00:00;12399
26/06/2022;B;10:00:00;2503
27/06/2022;A;10:00:00;11605
27/06/2022;B;10:00:00;2332
28/06/2022;A;10:00:00;23169
28/06/2022;B;10:00:00;3833
29/06/2022;A;10:00:00;23941
29/06/2022;B;10:00:00;3952
30/06/2022;A;10:00:00;23845
30/06/2022;B;10:00:00;3930
1/07/2022;A;10:00:00;24833
1/07/2022;B;10:00:00;4140
2/07/2022;A;10:00:00;23785
2/07/2022;B;10:00:00;4139
3/07/2022;A;10:00:00;16849
3/07/2022;B;10:00:00;3034
4/07/2022;A;10:00:00;13400
4/07/2022;B;10:00:00;2393
5/07/2022;A;10:00:00;24775
5/07/2022;B;10:00:00;3920
6/07/2022;A;10:00:00;24096
6/07/2022;B;10:00:00;3921
7/07/2022;A;10:00:00;23269
7/07/2022;B;10:00:00;3844
8/07/2022;A;10:00:00;23853
8/07/2022;B;10:00:00;3720
9/07/2022;A;10:00:00;23466
9/07/2022;B;10:00:00;3853
10/07/2022;A;10:00:00;14020
10/07/2022;B;10:00:00;2698
11/07/2022;A;10:00:00;22457
11/07/2022;B;10:00:00;3649
12/07/2022;A;10:00:00;22436
12/07/2022;B;10:00:00;3720
13/07/2022;A;10:00:00;22273
13/07/2022;B;10:00:00;3678
14/07/2022;A;10:00:00;22417
14/07/2022;B;10:00:00;3596
15/07/2022;A;10:00:00;23150
15/07/2022;B;10:00:00;3766
16/07/2022;A;10:00:00;22717
16/07/2022;B;10:00:00;3992
17/07/2022;A;10:00:00;14309
17/07/2022;B;10:00:00;2741
18/07/2022;A;10:00:00;23007
18/07/2022;B;10:00:00;3615
19/07/2022;A;10:00:00;23611
19/07/2022;B;10:00:00;3783
20/07/2022;A;10:00:00;13492
20/07/2022;B;10:00:00;2468
21/07/2022;A;10:00:00;22944
21/07/2022;B;10:00:00;3762
22/07/2022;A;10:00:00;23066
22/07/2022;B;10:00:00;3653
23/07/2022;A;10:00:00;20468
23/07/2022;B;10:00:00;3485
24/07/2022;A;10:00:00;11686
24/07/2022;B;10:00:00;2071
25/07/2022;A;10:00:00;22866
25/07/2022;B;10:00:00;3761
26/07/2022;A;10:00:00;22871
26/07/2022;B;10:00:00;3706
27/07/2022;A;10:00:00;22807
27/07/2022;B;10:00:00;3901
28/07/2022;A;10:00:00;22460
28/07/2022;B;10:00:00;3893
29/07/2022;A;10:00:00;23191
29/07/2022;B;10:00:00;3779
30/07/2022;A;10:00:00;22271
30/07/2022;B;10:00:00;3898
31/07/2022;A;10:00:00;13196
31/07/2022;B;10:00:00;2531
1/08/2022;A;10:00:00;23591
1/08/2022;B;10:00:00;3849
2/08/2022;A;10:00:00;23817
2/08/2022;B;10:00:00;3808
3/08/2022;A;10:00:00;22731
3/08/2022;B;10:00:00;3817
4/08/2022;A;10:00:00;23210
4/08/2022;B;10:00:00;3764
5/08/2022;A;10:00:00;23569
5/08/2022;B;10:00:00;3934
6/08/2022;A;10:00:00;20872
6/08/2022;B;10:00:00;3547
7/08/2022;A;10:00:00;13183
7/08/2022;B;10:00:00;2320
8/08/2022;A;10:00:00;24130
8/08/2022;B;10:00:00;4012
9/08/2022;A;10:00:00;24419
9/08/2022;B;10:00:00;4104
10/08/2022;A;10:00:00;24251
10/08/2022;B;10:00:00;3977
11/08/2022;A;10:00:00;24117
11/08/2022;B;10:00:00;4060
12/08/2022;A;10:00:00;24826
12/08/2022;B;10:00:00;4328
13/08/2022;A;10:00:00;27430
13/08/2022;B;10:00:00;4787
14/08/2022;A;10:00:00;19169
14/08/2022;B;10:00:00;3873
15/08/2022;A;10:00:00;17515
15/08/2022;B;10:00:00;3249
16/08/2022;A;10:00:00;26660
16/08/2022;B;10:00:00;6950
17/08/2022;A;10:00:00;25230
17/08/2022;B;10:00:00;4312
18/08/2022;A;10:00:00;25509
18/08/2022;B;10:00:00;4414
19/08/2022;A;10:00:00;25029
19/08/2022;B;10:00:00;4238
20/08/2022;A;10:00:00;22911
20/08/2022;B;10:00:00;4008
21/08/2022;A;10:00:00;13075
21/08/2022;B;10:00:00;2590
22/08/2022;A;10:00:00;25725
22/08/2022;B;10:00:00;3954
23/08/2022;A;10:00:00;25160
23/08/2022;B;10:00:00;4246
24/08/2022;A;10:00:00;24928
24/08/2022;B;10:00:00;4099
25/08/2022;A;10:00:00;24203
25/08/2022;B;10:00:00;3912
26/08/2022;A;10:00:00;25040
26/08/2022;B;10:00:00;4240
27/08/2022;A;10:00:00;22459
27/08/2022;B;10:00:00;4063
28/08/2022;A;10:00:00;13451
28/08/2022;B;10:00:00;2522
29/08/2022;A;10:00:00;24433
29/08/2022;B;10:00:00;3881
30/08/2022;A;10:00:00;24572
30/08/2022;B;10:00:00;3910
31/08/2022;A;10:00:00;24498
31/08/2022;B;10:00:00;4115
1/09/2022;A;10:00:00;24668
1/09/2022;B;10:00:00;4122
2/09/2022;A;10:00:00;26216
2/09/2022;B;10:00:00;4336
3/09/2022;A;10:00:00;23982
3/09/2022;B;10:00:00;4215
4/09/2022;A;10:00:00;15474
4/09/2022;B;10:00:00;2711
5/09/2022;A;10:00:00;24166
5/09/2022;B;10:00:00;4201
6/09/2022;A;10:00:00;25852
6/09/2022;B;10:00:00;3971
7/09/2022;A;10:00:00;24918
7/09/2022;B;10:00:00;4094
8/09/2022;A;10:00:00;24484
8/09/2022;B;10:00:00;3970
9/09/2022;A;10:00:00;24625
9/09/2022;B;10:00:00;4205
10/09/2022;A;10:00:00;23481
10/09/2022;B;10:00:00;4357
11/09/2022;A;10:00:00;14148
11/09/2022;B;10:00:00;2567
12/09/2022;A;10:00:00;24234
12/09/2022;B;10:00:00;4076
13/09/2022;A;10:00:00;24821
13/09/2022;B;10:00:00;3961
14/09/2022;A;10:00:00;24401
14/09/2022;B;10:00:00;4036
15/09/2022;A;10:00:00;24746
15/09/2022;B;10:00:00;4039
16/09/2022;A;10:00:00;25486
16/09/2022;B;10:00:00;4314
17/09/2022;A;10:00:00;23569
17/09/2022;B;10:00:00;4330
18/09/2022;A;10:00:00;14036
18/09/2022;B;10:00:00;2620
19/09/2022;A;10:00:00;23510
19/09/2022;B;10:00:00;3878
20/09/2022;A;10:00:00;24102
20/09/2022;B;10:00:00;4098
21/09/2022;A;10:00:00;24544
21/09/2022;B;10:00:00;3894
22/09/2022;A;10:00:00;24374
22/09/2022;B;10:00:00;4130
23/09/2022;A;10:00:00;24182
23/09/2022;B;10:00:00;4220
24/09/2022;A;10:00:00;23313
24/09/2022;B;10:00:00;4194
25/09/2022;A;10:00:00;13544
25/09/2022;B;10:00:00;2645
26/09/2022;A;10:00:00;24902
26/09/2022;B;10:00:00;3932
27/09/2022;A;10:00:00;24337
27/09/2022;B;10:00:00;4122
28/09/2022;A;10:00:00;21182
28/09/2022;B;10:00:00;2951
29/09/2022;A;10:00:00;23979
29/09/2022;B;10:00:00;3876
30/09/2022;A;10:00:00;24472
30/09/2022;B;10:00:00;3948
1/10/2022;A;10:00:00;23757
1/10/2022;B;10:00:00;4102
2/10/2022;A;10:00:00;16186
2/10/2022;B;10:00:00;2802
3/10/2022;A;10:00:00;24164
3/10/2022;B;10:00:00;3987
4/10/2022;A;10:00:00;24545
4/10/2022;B;10:00:00;4105
5/10/2022;A;10:00:00;23831
5/10/2022;B;10:00:00;3889
6/10/2022;A;10:00:00;24413
6/10/2022;B;10:00:00;3956
7/10/2022;A;10:00:00;24714
7/10/2022;B;10:00:00;4147
8/10/2022;A;10:00:00;23285
8/10/2022;B;10:00:00;4028
9/10/2022;A;10:00:00;13958
9/10/2022;B;10:00:00;2721
10/10/2022;A;10:00:00;24475
10/10/2022;B;10:00:00;4158
11/10/2022;A;10:00:00;25810
11/10/2022;B;10:00:00;4316
12/10/2022;A;10:00:00;24456
12/10/2022;B;10:00:00;4258
13/10/2022;A;10:00:00;24888
13/10/2022;B;10:00:00;4376
14/10/2022;A;10:00:00;25708
14/10/2022;B;10:00:00;4251
15/10/2022;A;10:00:00;24108
15/10/2022;B;10:00:00;4463
16/10/2022;A;10:00:00;16114
16/10/2022;B;10:00:00;3212
17/10/2022;A;10:00:00;11895
17/10/2022;B;10:00:00;2403
18/10/2022;A;10:00:00;24963
18/10/2022;B;10:00:00;7912
19/10/2022;A;10:00:00;24547
19/10/2022;B;10:00:00;4233
20/10/2022;A;10:00:00;24577
20/10/2022;B;10:00:00;4294
21/10/2022;A;10:00:00;24131
21/10/2022;B;10:00:00;4396
22/10/2022;A;10:00:00;23730
22/10/2022;B;10:00:00;4526
23/10/2022;A;10:00:00;13468
23/10/2022;B;10:00:00;2808
24/10/2022;A;10:00:00;24124
24/10/2022;B;10:00:00;3872
25/10/2022;A;10:00:00;24260
25/10/2022;B;10:00:00;3955
26/10/2022;A;10:00:00;24366
26/10/2022;B;10:00:00;3995
27/10/2022;A;10:00:00;23940
27/10/2022;B;10:00:00;3872
28/10/2022;A;10:00:00;24595
28/10/2022;B;10:00:00;4063
29/10/2022;A;10:00:00;24561
29/10/2022;B;10:00:00;4306
30/10/2022;A;10:00:00;12595
30/10/2022;B;10:00:00;2225
31/10/2022;A;10:00:00;24564
31/10/2022;B;10:00:00;3838
1/11/2022;A;10:00:00;24416
1/11/2022;B;10:00:00;3845
2/11/2022;A;10:00:00;24894
2/11/2022;B;10:00:00;3974
3/11/2022;A;10:00:00;24001
3/11/2022;B;10:00:00;4068
4/11/2022;A;10:00:00;24881
4/11/2022;B;10:00:00;4095
5/11/2022;A;10:00:00;24452
5/11/2022;B;10:00:00;4153
6/11/2022;A;10:00:00;14288
6/11/2022;B;10:00:00;2641
7/11/2022;A;10:00:00;11400
7/11/2022;B;10:00:00;1987
8/11/2022;A;10:00:00;25947
8/11/2022;B;10:00:00;4113
9/11/2022;A;10:00:00;24700
9/11/2022;B;10:00:00;4082
10/11/2022;A;10:00:00;24900
10/11/2022;B;10:00:00;3861
11/11/2022;A;10:00:00;24833
11/11/2022;B;10:00:00;4028
12/11/2022;A;10:00:00;23084
12/11/2022;B;10:00:00;4033
13/11/2022;A;10:00:00;14181
13/11/2022;B;10:00:00;2510
14/11/2022;A;10:00:00;11245
14/11/2022;B;10:00:00;2093
15/11/2022;A;10:00:00;26724
15/11/2022;B;10:00:00;4282
16/11/2022;A;10:00:00;25625
16/11/2022;B;10:00:00;3935
17/11/2022;A;10:00:00;25376
17/11/2022;B;10:00:00;4121
18/11/2022;A;10:00:00;24971
18/11/2022;B;10:00:00;4126
19/11/2022;A;10:00:00;23981
19/11/2022;B;10:00:00;4322
20/11/2022;A;10:00:00;13301
20/11/2022;B;10:00:00;2491
21/11/2022;A;10:00:00;24711
21/11/2022;B;10:00:00;4039
22/11/2022;A;10:00:00;24859
22/11/2022;B;10:00:00;4138
23/11/2022;A;10:00:00;24906
23/11/2022;B;10:00:00;4063
24/11/2022;A;10:00:00;24210
24/11/2022;B;10:00:00;3846
25/11/2022;A;10:00:00;25276
25/11/2022;B;10:00:00;4067
26/11/2022;A;10:00:00;23210
26/11/2022;B;10:00:00;4293
27/11/2022;A;10:00:00;14357
27/11/2022;B;10:00:00;2418
28/11/2022;A;10:00:00;24071
28/11/2022;B;10:00:00;3991
29/11/2022;A;10:00:00;24368
29/11/2022;B;10:00:00;3997
30/11/2022;A;10:00:00;25500
30/11/2022;B;10:00:00;4111
1/12/2022;A;10:00:00;25386
1/12/2022;B;10:00:00;4104
2/12/2022;A;10:00:00;25748
2/12/2022;B;10:00:00;4174
3/12/2022;A;10:00:00;25299
3/12/2022;B;10:00:00;4270
4/12/2022;A;10:00:00;16122
4/12/2022;B;10:00:00;2807
5/12/2022;A;10:00:00;25688
5/12/2022;B;10:00:00;4232
6/12/2022;A;10:00:00;27328
6/12/2022;B;10:00:00;4228
7/12/2022;A;10:00:00;26222
7/12/2022;B;10:00:00;4142
8/12/2022;A;10:00:00;14152
8/12/2022;B;10:00:00;2401
9/12/2022;A;10:00:00;25949
9/12/2022;B;10:00:00;4078
10/12/2022;A;10:00:00;23663
10/12/2022;B;10:00:00;4043
11/12/2022;A;10:00:00;16228
11/12/2022;B;10:00:00;2993
12/12/2022;A;10:00:00;25755
12/12/2022;B;10:00:00;4269
13/12/2022;A;10:00:00;18949
13/12/2022;B;10:00:00;3797
14/12/2022;A;10:00:00;25831
14/12/2022;B;10:00:00;4293
15/12/2022;A;10:00:00;25599
15/12/2022;B;10:00:00;4091
16/12/2022;A;10:00:00;27337
16/12/2022;B;10:00:00;4255
17/12/2022;A;10:00:00;26884
17/12/2022;B;10:00:00;4371
18/12/2022;A;10:00:00;16550
18/12/2022;B;10:00:00;2893
19/12/2022;A;10:00:00;26072
19/12/2022;B;10:00:00;4081
20/12/2022;A;10:00:00;26561
20/12/2022;B;10:00:00;4225
21/12/2022;A;10:00:00;27632
21/12/2022;B;10:00:00;4424
22/12/2022;A;10:00:00;27350
22/12/2022;B;10:00:00;4404
23/12/2022;A;10:00:00;26780
23/12/2022;B;10:00:00;4334
24/12/2022;A;10:00:00;21820
24/12/2022;B;10:00:00;3591
25/12/2022;A;10:00:00;7627
25/12/2022;B;10:00:00;1162
26/12/2022;A;10:00:00;20615
26/12/2022;B;10:00:00;3242
27/12/2022;A;10:00:00;22048
27/12/2022;B;10:00:00;3565
28/12/2022;A;10:00:00;22324
28/12/2022;B;10:00:00;3604
29/12/2022;A;10:00:00;21956
29/12/2022;B;10:00:00;3667
30/12/2022;A;10:00:00;22087
30/12/2022;B;10:00:00;3480
31/12/2022;A;10:00:00;16432
31/12/2022;B;10:00:00;2882
1/01/2023;A;10:00:00;5880
1/01/2024;B;10:00:00;1085
1/02/2023;A;10:00:00;17203
1/02/2023;B;10:00:00;2989
1/03/2023;A;10:00:00;17692
1/03/2023;B;10:00:00;3015
1/04/2023;A;10:00:00;20916
1/04/2023;B;10:00:00;3786
1/05/2023;A;10:00:00;21248
1/05/2023;B;10:00:00;3835
1/06/2023;A;10:00:00;21524
1/06/2023;B;10:00:00;3804
1/07/2023;A;10:00:00;19896
1/07/2023;B;10:00:00;3706
1/08/2023;A;10:00:00;14515
1/08/2023;B;10:00:00;2683
1/09/2023;A;10:00:00;11678
1/09/2023;B;10:00:00;2252
1/10/2023;A;10:00:00;22190
1/10/2023;B;10:00:00;3601
1/11/2023;A;10:00:00;22322
1/11/2023;B;10:00:00;3777
1/12/2023;A;10:00:00;22228
1/12/2023;B;10:00:00;3747
13/01/2023;A;10:00:00;22342
13/01/2023;B;10:00:00;3731
14/01/2023;A;10:00:00;21432
14/01/2023;B;10:00:00;3838
15/01/2023;A;10:00:00;14790
15/01/2023;B;10:00:00;2829
16/01/2023;A;10:00:00;23765
16/01/2023;B;10:00:00;3869
17/01/2023;A;10:00:00;24435
17/01/2023;B;10:00:00;4089
18/01/2023;A;10:00:00;23988
18/01/2023;B;10:00:00;3945
19/01/2023;A;10:00:00;23894
19/01/2023;B;10:00:00;3886
20/01/2023;A;10:00:00;23722
20/01/2023;B;10:00:00;4022
21/01/2023;A;10:00:00;21638
21/01/2023;B;10:00:00;3883
22/01/2023;A;10:00:00;13416
22/01/2023;B;10:00:00;2460
23/01/2023;A;10:00:00;24106
23/01/2023;B;10:00:00;3896
24/01/2023;A;10:00:00;23688
24/01/2023;B;10:00:00;3709
25/01/2023;A;10:00:00;23305
25/01/2023;B;10:00:00;3751
26/01/2023;A;10:00:00;23135
26/01/2023;B;10:00:00;3893
27/01/2023;A;10:00:00;23457
27/01/2023;B;10:00:00;3905
28/01/2023;A;10:00:00;21638
28/01/2023;B;10:00:00;3820
29/01/2023;A;10:00:00;13215
29/01/2023;B;10:00:00;2577
30/01/2023;A;10:00:00;23353
30/01/2023;B;10:00:00;3751
31/01/2023;A;10:00:00;24445
31/01/2023;B;10:00:00;3947
2/01/2023;A;10:00:00;24674
2/01/2023;B;10:00:00;4003
2/02/2023;A;10:00:00;24489
2/02/2023;B;10:00:00;3944
2/03/2023;A;10:00:00;24538
2/03/2023;B;10:00:00;4080
2/04/2023;A;10:00:00;23224
2/04/2023;B;10:00:00;4045
2/05/2023;A;10:00:00;14265
2/05/2023;B;10:00:00;2632
2/06/2023;A;10:00:00;25709
2/06/2023;B;10:00:00;4228
2/07/2023;A;10:00:00;25382
2/07/2023;B;10:00:00;4277
2/08/2023;A;10:00:00;24802
2/08/2023;B;10:00:00;4191
2/09/2023;A;10:00:00;24554
2/09/2023;B;10:00:00;4159
2/10/2023;A;10:00:00;25185
2/10/2023;B;10:00:00;4199
2/11/2023;A;10:00:00;22390
2/11/2023;B;10:00:00;3979
2/12/2023;A;10:00:00;12214
2/12/2023;B;10:00:00;2592
13/02/2023;A;10:00:00;24657
13/02/2023;B;10:00:00;3959
14/02/2023;A;10:00:00;24673
14/02/2023;B;10:00:00;4206
15/02/2023;A;10:00:00;25173
15/02/2023;B;10:00:00;4239
16/02/2023;A;10:00:00;25067
16/02/2023;B;10:00:00;4095
17/02/2023;A;10:00:00;25058
17/02/2023;B;10:00:00;4292
18/02/2023;A;10:00:00;22478
18/02/2023;B;10:00:00;4067
19/02/2023;A;10:00:00;13815
19/02/2023;B;10:00:00;2591
20/02/2023;A;10:00:00;25829
20/02/2023;B;10:00:00;4337
21/02/2023;A;10:00:00;25354
21/02/2023;B;10:00:00;4135
22/02/2023;A;10:00:00;23171
22/02/2023;B;10:00:00;4191
23/02/2023;A;10:00:00;24917
23/02/2023;B;10:00:00;4125
24/02/2023;A;10:00:00;25368
24/02/2023;B;10:00:00;4255
25/02/2023;A;10:00:00;22575
25/02/2023;B;10:00:00;3887
26/02/2023;A;10:00:00;13823
26/02/2023;B;10:00:00;2556
27/02/2023;A;10:00:00;25385
27/02/2023;B;10:00:00;4179
28/02/2023;A;10:00:00;26411
28/02/2023;B;10:00:00;4426
3/01/2023;A;10:00:00;25754
3/01/2023;B;10:00:00;4114
3/02/2023;A;10:00:00;25263
3/02/2023;B;10:00:00;4141
3/03/2023;A;10:00:00;25412
3/03/2023;B;10:00:00;4349
3/04/2023;A;10:00:00;23197
3/04/2023;B;10:00:00;4755
3/05/2023;A;10:00:00;13968
3/05/2023;B;10:00:00;2625
3/06/2023;A;10:00:00;24924
3/06/2023;B;10:00:00;4025
3/07/2023;A;10:00:00;25144
3/07/2023;B;10:00:00;4233
3/08/2023;A;10:00:00;24930
3/08/2023;B;10:00:00;4138
3/09/2023;A;10:00:00;24491
3/09/2023;B;10:00:00;4072
3/10/2023;A;10:00:00;24545
3/10/2023;B;10:00:00;4172
3/11/2023;A;10:00:00;21734
3/11/2023;B;10:00:00;3877
3/12/2023;A;10:00:00;13077
3/12/2023;B;10:00:00;2601
13/03/2023;A;10:00:00;23585
13/03/2023;B;10:00:00;3861
14/03/2023;A;10:00:00;25488
14/03/2023;B;10:00:00;4094
15/03/2023;A;10:00:00;25088
15/03/2023;B;10:00:00;4069
16/03/2023;A;10:00:00;26114
16/03/2023;B;10:00:00;4263
17/03/2023;A;10:00:00;25880
17/03/2023;B;10:00:00;4484
18/03/2023;A;10:00:00;22638
18/03/2023;B;10:00:00;3995
19/03/2023;A;10:00:00;14897
19/03/2023;B;10:00:00;3000
20/03/2023;A;10:00:00;11443
20/03/2023;B;10:00:00;2159
21/03/2023;A;10:00:00;26466
21/03/2023;B;10:00:00;4239
22/03/2023;A;10:00:00;25289
22/03/2023;B;10:00:00;4025
23/03/2023;A;10:00:00;25060
23/03/2023;B;10:00:00;4074
24/03/2023;A;10:00:00;25233
24/03/2023;B;10:00:00;4126
25/03/2023;A;10:00:00;21808
25/03/2023;B;10:00:00;3927
26/03/2023;A;10:00:00;12653
26/03/2023;B;10:00:00;2482
27/03/2023;A;10:00:00;24476
27/03/2023;B;10:00:00;4911
28/03/2023;A;10:00:00;24509
28/03/2023;B;10:00:00;4143
29/03/2023;A;10:00:00;24634
29/03/2023;B;10:00:00;3931
30/03/2023;A;10:00:00;24241
30/03/2023;B;10:00:00;4009
31/03/2023;A;10:00:00;26220
31/03/2023;B;10:00:00;4173
4/01/2023;A;10:00:00;23614
4/01/2023;B;10:00:00;4278
4/02/2023;A;10:00:00;13897
4/02/2023;B;10:00:00;2495
4/03/2023;A;10:00:00;23835
4/03/2023;B;10:00:00;3929
4/04/2023;A;10:00:00;23371
4/04/2023;B;10:00:00;3965
4/05/2023;A;10:00:00;23056
4/05/2023;B;10:00:00;4174
4/06/2023;A;10:00:00;13193
4/06/2023;B;10:00:00;2545
4/07/2023;A;10:00:00;10145
4/07/2023;B;10:00:00;2141
4/08/2023;A;10:00:00;16541
4/08/2023;B;10:00:00;2851
4/09/2023;A;10:00:00;12292
4/09/2023;B;10:00:00;2015
4/10/2023;A;10:00:00;24988
4/10/2023;B;10:00:00;4021
4/11/2023;A;10:00:00;24798
4/11/2023;B;10:00:00;4215
4/12/2023;A;10:00:00;24393
4/12/2023;B;10:00:00;3966
13/04/2023;A;10:00:00;24395
13/04/2023;B;10:00:00;3954
14/04/2023;A;10:00:00;24364
14/04/2023;B;10:00:00;4040
15/04/2023;A;10:00:00;23093
15/04/2023;B;10:00:00;4166
16/04/2023;A;10:00:00;13705
16/04/2023;B;10:00:00;2703
17/04/2023;A;10:00:00;25349
17/04/2023;B;10:00:00;4122
18/04/2023;A;10:00:00;25356
18/04/2023;B;10:00:00;4122
19/04/2023;A;10:00:00;24844
19/04/2023;B;10:00:00;3952
20/04/2023;A;10:00:00;24729
20/04/2023;B;10:00:00;3989
21/04/2023;A;10:00:00;24724
21/04/2023;B;10:00:00;4071
22/04/2023;A;10:00:00;23339
22/04/2023;B;10:00:00;3936
23/04/2023;A;10:00:00;13932
23/04/2023;B;10:00:00;2503
24/04/2023;A;10:00:00;24786
24/04/2023;B;10:00:00;3885
25/04/2023;A;10:00:00;25176
25/04/2023;B;10:00:00;4050
26/04/2023;A;10:00:00;25007
26/04/2023;B;10:00:00;3929
27/04/2023;A;10:00:00;24807
27/04/2023;B;10:00:00;3992
28/04/2023;A;10:00:00;26049
28/04/2023;B;10:00:00;4130
29/04/2023;A;10:00:00;24102
29/04/2023;B;10:00:00;4263
30/04/2023;A;10:00:00;15342
30/04/2023;B;10:00:00;3023
5/01/2023;A;10:00:00;11826
5/01/2023;B;10:00:00;2217
5/02/2023;A;10:00:00;27039
5/02/2023;B;10:00:00;4207
5/03/2023;A;10:00:00;25360
5/03/2023;B;10:00:00;4225
5/04/2023;A;10:00:00;25652
5/04/2023;B;10:00:00;4114
5/05/2023;A;10:00:00;25914
5/05/2023;B;10:00:00;4223
5/06/2023;A;10:00:00;23815
5/06/2023;B;10:00:00;4224
5/07/2023;A;10:00:00;14172
5/07/2023;B;10:00:00;2818
5/08/2023;A;10:00:00;25014
5/08/2023;B;10:00:00;3941
5/09/2023;A;10:00:00;24993
5/09/2023;B;10:00:00;3982
5/10/2023;A;10:00:00;24918
5/10/2023;B;10:00:00;3880
5/11/2023;A;10:00:00;25193
5/11/2023;B;10:00:00;4127
5/12/2023;A;10:00:00;24878
5/12/2023;B;10:00:00;4160
13/05/2023;A;10:00:00;23688
13/05/2023;B;10:00:00;4055
14/05/2023;A;10:00:00;14670
14/05/2023;B;10:00:00;2601
15/05/2023;A;10:00:00;24360
15/05/2023;B;10:00:00;3876
16/05/2023;A;10:00:00;25061
16/05/2023;B;10:00:00;4144
17/05/2023;A;10:00:00;25321
17/05/2023;B;10:00:00;4043
18/05/2023;A;10:00:00;25211
18/05/2023;B;10:00:00;3995
19/05/2023;A;10:00:00;24725
19/05/2023;B;10:00:00;4159
20/05/2023;A;10:00:00;23047
20/05/2023;B;10:00:00;4126
21/05/2023;A;10:00:00;14622
21/05/2023;B;10:00:00;2801
22/05/2023;A;10:00:00;11667
22/05/2023;B;10:00:00;2002
23/05/2023;A;10:00:00;24996
23/05/2023;B;10:00:00;4207
24/05/2023;A;10:00:00;25517
24/05/2023;B;10:00:00;4217
25/05/2023;A;10:00:00;24571
25/05/2023;B;10:00:00;3935
26/05/2023;A;10:00:00;25144
26/05/2023;B;10:00:00;4167
27/05/2023;A;10:00:00;21984
27/05/2023;B;10:00:00;4090
28/05/2023;A;10:00:00;12908
28/05/2023;B;10:00:00;2659
29/05/2023;A;10:00:00;23963
29/05/2023;B;10:00:00;3787
30/05/2023;A;10:00:00;24004
30/05/2023;B;10:00:00;3746
31/05/2023;A;10:00:00;24634
31/05/2023;B;10:00:00;3804
6/01/2023;A;10:00:00;24403
6/01/2023;B;10:00:00;3869
6/02/2023;A;10:00:00;24984
6/02/2023;B;10:00:00;3867
6/03/2023;A;10:00:00;23446
6/03/2023;B;10:00:00;4106
6/04/2023;A;10:00:00;13506
6/04/2023;B;10:00:00;2417
6/05/2023;A;10:00:00;24003
6/05/2023;B;10:00:00;3970
6/06/2023;A;10:00:00;24376
6/06/2023;B;10:00:00;3944
6/07/2023;A;10:00:00;24954
6/07/2023;B;10:00:00;4011
6/08/2023;A;10:00:00;23884
6/08/2023;B;10:00:00;3765
6/09/2023;A;10:00:00;24167
6/09/2023;B;10:00:00;3793
6/10/2023;A;10:00:00;22655
6/10/2023;B;10:00:00;4024
6/11/2023;A;10:00:00;14087
6/11/2023;B;10:00:00;2639
6/12/2023;A;10:00:00;11360
6/12/2023;B;10:00:00;1900
13/06/2023;A;10:00:00;24444
13/06/2023;B;10:00:00;3835
14/06/2023;A;10:00:00;24172
14/06/2023;B;10:00:00;3934
15/06/2023;A;10:00:00;24169
15/06/2023;B;10:00:00;3884
16/06/2023;A;10:00:00;25885
16/06/2023;B;10:00:00;4169
17/06/2023;A;10:00:00;24298
17/06/2023;B;10:00:00;4109
18/06/2023;A;10:00:00;15805
18/06/2023;B;10:00:00;2681
19/06/2023;A;10:00:00;12011
19/06/2023;B;10:00:00;2396
20/06/2023;A;10:00:00;27696
20/06/2023;B;10:00:00;4316
21/06/2023;A;10:00:00;24868
21/06/2023;B;10:00:00;4261
22/06/2023;A;10:00:00;23986
22/06/2023;B;10:00:00;4065
23/06/2023;A;10:00:00;24254
23/06/2023;B;10:00:00;4000
24/06/2023;A;10:00:00;22891
24/06/2023;B;10:00:00;4018
25/06/2023;A;10:00:00;14204
25/06/2023;B;10:00:00;2639
26/06/2023;A;10:00:00;22959
26/06/2023;B;10:00:00;3693
27/06/2023;A;10:00:00;24538
27/06/2023;B;10:00:00;3861
28/06/2023;A;10:00:00;24322
28/06/2023;B;10:00:00;3958
29/06/2023;A;10:00:00;24278
29/06/2023;B;10:00:00;3840
30/06/2023;A;10:00:00;25030
30/06/2023;B;10:00:00;4113
7/01/2023;A;10:00:00;24982
7/01/2023;B;10:00:00;4070
7/02/2023;A;10:00:00;17926
7/02/2023;B;10:00:00;3252
7/03/2023;A;10:00:00;13147
7/03/2023;B;10:00:00;2386
7/04/2023;A;10:00:00;25610
7/04/2023;B;10:00:00;3841
7/05/2023;A;10:00:00;24512
7/05/2023;B;10:00:00;3742
7/06/2023;A;10:00:00;24140
7/06/2023;B;10:00:00;4013
7/07/2023;A;10:00:00;24437
7/07/2023;B;10:00:00;3938
7/08/2023;A;10:00:00;22921
7/08/2023;B;10:00:00;4003
7/09/2023;A;10:00:00;14247
7/09/2023;B;10:00:00;2745
7/10/2023;A;10:00:00;24058
7/10/2023;B;10:00:00;3810
7/11/2023;A;10:00:00;24185
7/11/2023;B;10:00:00;3809
7/12/2023;A;10:00:00;23348
7/12/2023;B;10:00:00;3701
13/07/2023;A;10:00:00;23573
13/07/2023;B;10:00:00;3761
14/07/2023;A;10:00:00;23673
14/07/2023;B;10:00:00;3695
15/07/2023;A;10:00:00;24005
15/07/2023;B;10:00:00;4166
16/07/2023;A;10:00:00;15258
16/07/2023;B;10:00:00;2877
17/07/2023;A;10:00:00;24368
17/07/2023;B;10:00:00;3724
18/07/2023;A;10:00:00;24375
18/07/2023;B;10:00:00;3912
19/07/2023;A;10:00:00;26558
19/07/2023;B;10:00:00;3953
20/07/2023;A;10:00:00;13874
20/07/2023;B;10:00:00;2810
21/07/2023;A;10:00:00;24703
21/07/2023;B;10:00:00;3981
22/07/2023;A;10:00:00;22583
22/07/2023;B;10:00:00;4268
23/07/2023;A;10:00:00;13612
23/07/2023;B;10:00:00;2696
24/07/2023;A;10:00:00;24645
24/07/2023;B;10:00:00;3822
25/07/2023;A;10:00:00;24589
25/07/2023;B;10:00:00;4040
26/07/2023;A;10:00:00;23313
26/07/2023;B;10:00:00;3909
27/07/2023;A;10:00:00;24123
27/07/2023;B;10:00:00;4083
28/07/2023;A;10:00:00;24296
28/07/2023;B;10:00:00;4160
29/07/2023;A;10:00:00;23615
29/07/2023;B;10:00:00;4204
30/07/2023;A;10:00:00;14510
30/07/2023;B;10:00:00;3012
31/07/2023;A;10:00:00;25135
31/07/2023;B;10:00:00;4089
8/01/2023;A;10:00:00;26516
8/01/2023;B;10:00:00;4303
8/02/2023;A;10:00:00;26049
8/02/2023;B;10:00:00;4180
8/03/2023;A;10:00:00;25901
8/03/2023;B;10:00:00;4287
8/04/2023;A;10:00:00;27164
8/04/2023;B;10:00:00;4571
8/05/2023;A;10:00:00;29645
8/05/2023;B;10:00:00;5633
8/06/2023;A;10:00:00;17008
8/06/2023;B;10:00:00;3439
8/07/2023;A;10:00:00;17077
8/07/2023;B;10:00:00;3010
8/08/2023;A;10:00:00;27786
8/08/2023;B;10:00:00;10577
8/09/2023;A;10:00:00;28368
8/09/2023;B;10:00:00;4540
8/10/2023;A;10:00:00;26222
8/10/2023;B;10:00:00;4382
8/11/2023;A;10:00:00;25953
8/11/2023;B;10:00:00;4397
8/12/2023;A;10:00:00;23406
8/12/2023;B;10:00:00;4219
13/08/2023;A;10:00:00;12906
13/08/2023;B;10:00:00;2431
14/08/2023;A;10:00:00;25627
14/08/2023;B;10:00:00;4063
15/08/2023;A;10:00:00;25567
15/08/2023;B;10:00:00;4199
16/08/2023;A;10:00:00;27366
16/08/2023;B;10:00:00;4243
17/08/2023;A;10:00:00;26007
17/08/2023;B;10:00:00;4296
18/08/2023;A;10:00:00;25321
18/08/2023;B;10:00:00;4237
19/08/2023;A;10:00:00;24898
19/08/2023;B;10:00:00;4351
20/08/2023;A;10:00:00;15486
20/08/2023;B;10:00:00;2958
21/08/2023;A;10:00:00;11613
21/08/2023;B;10:00:00;2098
22/08/2023;A;10:00:00;26302
22/08/2023;B;10:00:00;4211
23/08/2023;A;10:00:00;26064
23/08/2023;B;10:00:00;4026
24/08/2023;A;10:00:00;25088
24/08/2023;B;10:00:00;4255
25/08/2023;A;10:00:00;24702
25/08/2023;B;10:00:00;4288
26/08/2023;A;10:00:00;23405
26/08/2023;B;10:00:00;4140
27/08/2023;A;10:00:00;14267
27/08/2023;B;10:00:00;2782
28/08/2023;A;10:00:00;24875
28/08/2023;B;10:00:00;3876
29/08/2023;A;10:00:00;24772
29/08/2023;B;10:00:00;4063
30/08/2023;A;10:00:00;25074
30/08/2023;B;10:00:00;4173
31/08/2023;A;10:00:00;25390
31/08/2023;B;10:00:00;4048
9/01/2023;A;10:00:00;25631
9/01/2023;B;10:00:00;4130
9/02/2023;A;10:00:00;24916
9/02/2023;B;10:00:00;4290
9/03/2023;A;10:00:00;16810
9/03/2023;B;10:00:00;2753
9/04/2023;A;10:00:00;25586
9/04/2023;B;10:00:00;4204
9/05/2023;A;10:00:00;25588
9/05/2023;B;10:00:00;4119
9/06/2023;A;10:00:00;25430
9/06/2023;B;10:00:00;4080
9/07/2023;A;10:00:00;25219
9/07/2023;B;10:00:00;4265
9/08/2023;A;10:00:00;25038
9/08/2023;B;10:00:00;4219
9/09/2023;A;10:00:00;23696
9/09/2023;B;10:00:00;4119
9/10/2023;A;10:00:00;14016
9/10/2023;B;10:00:00;2648
9/11/2023;A;10:00:00;25062
9/11/2023;B;10:00:00;4022
9/12/2023;A;10:00:00;25245
9/12/2023;B;10:00:00;4142
13/09/2023;A;10:00:00;24992
13/09/2023;B;10:00:00;4093
14/09/2023;A;10:00:00;24737
14/09/2023;B;10:00:00;4125
15/09/2023;A;10:00:00;25407
15/09/2023;B;10:00:00;4392
16/09/2023;A;10:00:00;24919
16/09/2023;B;10:00:00;4518
17/09/2023;A;10:00:00;14721
17/09/2023;B;10:00:00;2805
18/09/2023;A;10:00:00;25061
18/09/2023;B;10:00:00;3936
19/09/2023;A;10:00:00;25131
19/09/2023;B;10:00:00;3878
20/09/2023;A;10:00:00;24396
20/09/2023;B;10:00:00;4005
21/09/2023;A;10:00:00;25405
21/09/2023;B;10:00:00;4103
22/09/2023;A;10:00:00;24651
22/09/2023;B;10:00:00;4204
23/09/2023;A;10:00:00;21009
23/09/2023;B;10:00:00;3233
24/09/2023;A;10:00:00;13455
24/09/2023;B;10:00:00;2616
25/09/2023;A;10:00:00;24178
25/09/2023;B;10:00:00;3768
26/09/2023;A;10:00:00;23952
26/09/2023;B;10:00:00;3843
27/09/2023;A;10:00:00;24957
27/09/2023;B;10:00:00;4126
28/09/2023;A;10:00:00;24137
28/09/2023;B;10:00:00;3992
29/09/2023;A;10:00:00;25759
29/09/2023;B;10:00:00;4551
30/09/2023;A;10:00:00;24556
30/09/2023;B;10:00:00;4240
10/01/2023;A;10:00:00;16484
10/01/2023;B;10:00:00;2644
10/02/2023;A;10:00:00;25195
10/02/2023;B;10:00:00;3909
10/03/2023;A;10:00:00;24799
10/03/2023;B;10:00:00;3941
10/04/2023;A;10:00:00;23178
10/04/2023;B;10:00:00;3667
10/05/2023;A;10:00:00;25433
10/05/2023;B;10:00:00;4001
10/06/2023;A;10:00:00;25394
10/06/2023;B;10:00:00;4171
10/07/2023;A;10:00:00;23683
10/07/2023;B;10:00:00;4290
10/08/2023;A;10:00:00;13942
10/08/2023;B;10:00:00;2576
10/09/2023;A;10:00:00;24882
10/09/2023;B;10:00:00;4155
10/10/2023;A;10:00:00;25104
10/10/2023;B;10:00:00;4711
10/11/2023;A;10:00:00;25144
10/11/2023;B;10:00:00;4350
10/12/2023;A;10:00:00;25385
10/12/2023;B;10:00:00;4341
13/10/2023;A;10:00:00;25472
13/10/2023;B;10:00:00;4350
14/10/2023;A;10:00:00;24633
14/10/2023;B;10:00:00;4223
15/10/2023;A;10:00:00;15161
15/10/2023;B;10:00:00;2940
16/10/2023;A;10:00:00;11322
16/10/2023;B;10:00:00;2007
17/10/2023;A;10:00:00;25907
17/10/2023;B;10:00:00;4099
18/10/2023;A;10:00:00;25240
18/10/2023;B;10:00:00;4192
19/10/2023;A;10:00:00;25148
19/10/2023;B;10:00:00;4229
20/10/2023;A;10:00:00;24830
20/10/2023;B;10:00:00;3992
21/10/2023;A;10:00:00;23118
21/10/2023;B;10:00:00;4093
22/10/2023;A;10:00:00;13199
22/10/2023;B;10:00:00;2395
23/10/2023;A;10:00:00;24290
23/10/2023;B;10:00:00;3803
24/10/2023;A;10:00:00;24542
24/10/2023;B;10:00:00;3967
25/10/2023;A;10:00:00;24725
25/10/2023;B;10:00:00;4016
26/10/2023;A;10:00:00;24777
26/10/2023;B;10:00:00;4080
27/10/2023;A;10:00:00;24883
27/10/2023;B;10:00:00;4212
28/10/2023;A;10:00:00;22097
28/10/2023;B;10:00:00;3801
29/10/2023;A;10:00:00;10
29/10/2023;B;10:00:00;1
30/10/2023;A;10:00:00;23862
30/10/2023;B;10:00:00;4064
31/10/2023;A;10:00:00;25137
31/10/2023;B;10:00:00;4442
11/01/2023;A;10:00:00;24445
11/01/2023;B;10:00:00;4202
11/02/2023;A;10:00:00;26456
11/02/2023;B;10:00:00;4412
11/03/2023;A;10:00:00;27443
11/03/2023;B;10:00:00;4793
11/04/2023;A;10:00:00;26379
11/04/2023;B;10:00:00;4978
11/05/2023;A;10:00:00;17370
11/05/2023;B;10:00:00;3804
11/06/2023;A;10:00:00;13668
11/06/2023;B;10:00:00;2649
11/07/2023;A;10:00:00;27618
11/07/2023;B;10:00:00;4558
11/08/2023;A;10:00:00;26950
11/08/2023;B;10:00:00;4339
11/09/2023;A;10:00:00;25901
11/09/2023;B;10:00:00;4229
11/10/2023;A;10:00:00;26653
11/10/2023;B;10:00:00;4451
11/11/2023;A;10:00:00;24973
11/11/2023;B;10:00:00;4493
11/12/2023;A;10:00:00;14564
11/12/2023;B;10:00:00;3026
13/11/2023;A;10:00:00;11726
13/11/2023;B;10:00:00;2098
14/11/2023;A;10:00:00;27323
14/11/2023;B;10:00:00;4102
15/11/2023;A;10:00:00;25350
15/11/2023;B;10:00:00;4018
16/11/2023;A;10:00:00;26448
16/11/2023;B;10:00:00;4203
17/11/2023;A;10:00:00;26145
17/11/2023;B;10:00:00;4335
18/11/2023;A;10:00:00;24725
18/11/2023;B;10:00:00;4353
19/11/2023;A;10:00:00;14585
19/11/2023;B;10:00:00;2645
20/11/2023;A;10:00:00;26090
20/11/2023;B;10:00:00;4179
21/11/2023;A;10:00:00;25968
21/11/2023;B;10:00:00;4110
22/11/2023;A;10:00:00;25937
22/11/2023;B;10:00:00;4136
23/11/2023;A;10:00:00;25948
23/11/2023;B;10:00:00;4132
24/11/2023;A;10:00:00;26340
24/11/2023;B;10:00:00;4291
25/11/2023;A;10:00:00;24727
25/11/2023;B;10:00:00;4339
26/11/2023;A;10:00:00;14872
26/11/2023;B;10:00:00;2777
27/11/2023;A;10:00:00;25394
27/11/2023;B;10:00:00;4124
28/11/2023;A;10:00:00;26239
28/11/2023;B;10:00:00;4342
29/11/2023;A;10:00:00;25745
29/11/2023;B;10:00:00;4002
30/11/2023;A;10:00:00;26414
30/11/2023;B;10:00:00;4446
12/01/2023;A;10:00:00;27308
12/01/2023;B;10:00:00;4443
12/02/2023;A;10:00:00;27896
12/02/2023;B;10:00:00;4540
12/03/2023;A;10:00:00;16613
12/03/2023;B;10:00:00;3048
12/04/2023;A;10:00:00;27211
12/04/2023;B;10:00:00;4377
12/05/2023;A;10:00:00;28113
12/05/2023;B;10:00:00;4357
12/06/2023;A;10:00:00;28134
12/06/2023;B;10:00:00;4391
12/07/2023;A;10:00:00;27916
12/07/2023;B;10:00:00;4524
12/08/2023;A;10:00:00;16571
12/08/2023;B;10:00:00;2947
12/09/2023;A;10:00:00;25141
12/09/2023;B;10:00:00;4969
12/10/2023;A;10:00:00;16733
12/10/2023;B;10:00:00;3091
12/11/2023;A;10:00:00;27569
12/11/2023;B;10:00:00;4453
12/12/2023;A;10:00:00;27385
12/12/2023;B;10:00:00;4457
13/12/2023;A;10:00:00;26718
13/12/2023;B;10:00:00;4292
14/12/2023;A;10:00:00;52318
14/12/2023;B;10:00:00;9100
15/12/2023;A;10:00:00;26870
15/12/2023;B;10:00:00;4318
16/12/2023;A;10:00:00;28354
16/12/2023;B;10:00:00;4917
17/12/2023;A;10:00:00;19535
17/12/2023;B;10:00:00;3571
18/12/2023;A;10:00:00;27770
18/12/2023;B;10:00:00;4674
19/12/2023;A;10:00:00;28339
19/12/2023;B;10:00:00;4433
20/12/2023;A;10:00:00;27795
20/12/2023;B;10:00:00;4549
21/12/2023;A;10:00:00;28164
21/12/2023;B;10:00:00;4605
22/12/2023;A;10:00:00;28583
22/12/2023;B;10:00:00;4850
23/12/2023;A;10:00:00;27352
23/12/2023;B;10:00:00;4530
24/12/2023;A;10:00:00;16551
24/12/2023;B;10:00:00;2947
25/12/2023;A;10:00:00;7558
25/12/2023;B;10:00:00;1400
26/12/2023;A;10:00:00;23731
26/12/2023;B;10:00:00;3702
27/12/2023;A;10:00:00;24531
27/12/2023;B;10:00:00;3984
28/12/2023;A;10:00:00;24745
28/12/2023;B;10:00:00;4160
29/12/2023;A;10:00:00;24580
29/12/2023;B;10:00:00;4191
30/12/2023;A;10:00:00;20694
30/12/2023;B;10:00:00;3591
31/12/2023;A;10:00:00;13722
31/12/2023;B;10:00:00;2539
1/01/2024;A;10:00:00;5551
1/01/2024;B;10:00:00;1060
2/01/2024;A;10:00:00;18071
2/01/2024;B;10:00:00;3214
3/01/2024;A;10:00:00;20683
3/01/2024;B;10:00:00;3502
4/01/2024;A;10:00:00;21155
4/01/2024;B;10:00:00;3648
5/01/2024;A;10:00:00;21277
5/01/2024;B;10:00:00;3930
6/01/2024;A;10:00:00;19880
6/01/2024;B;10:00:00;3622
7/01/2024;A;10:00:00;13761
7/01/2024;B;10:00:00;2798
8/01/2024;A;10:00:00;11237
8/01/2024;B;10:00:00;2458
9/01/2024;A;10:00:00;22552
9/01/2024;B;10:00:00;3629
10/01/2024;A;10:00:00;22228
10/01/2024;B;10:00:00;3694
11/01/2024;A;10:00:00;21508
11/01/2024;B;10:00:00;3388
12/01/2024;A;10:00:00;21636
12/01/2024;B;10:00:00;3711
13/01/2024;A;10:00:00;20916
13/01/2024;B;10:00:00;3553
14/01/2024;A;10:00:00;12497
14/01/2024;B;10:00:00;2545
15/01/2024;A;10:00:00;23381
15/01/2024;B;10:00:00;3730
16/01/2024;A;10:00:00;23887
16/01/2024;B;10:00:00;3792
17/01/2024;A;10:00:00;23659
17/01/2024;B;10:00:00;3858
18/01/2024;A;10:00:00;23746
18/01/2024;B;10:00:00;3792
19/01/2024;A;10:00:00;23449
19/01/2024;B;10:00:00;3814
20/01/2024;A;10:00:00;21713
20/01/2024;B;10:00:00;3977
21/01/2024;A;10:00:00;13233
21/01/2024;B;10:00:00;2515
22/01/2024;A;10:00:00;23636
22/01/2024;B;10:00:00;3897
23/01/2024;A;10:00:00;23741
23/01/2024;B;10:00:00;3636
24/01/2024;A;10:00:00;23646
24/01/2024;B;10:00:00;3783
25/01/2024;A;10:00:00;23008
25/01/2024;B;10:00:00;3809
26/01/2024;A;10:00:00;23163
26/01/2024;B;10:00:00;3882
27/01/2024;A;10:00:00;22170
27/01/2024;B;10:00:00;3886
28/01/2024;A;10:00:00;12956
28/01/2024;B;10:00:00;2473
29/01/2024;A;10:00:00;23072
29/01/2024;B;10:00:00;3675
30/01/2024;A;10:00:00;23435
30/01/2024;B;10:00:00;3809
31/01/2024;A;10:00:00;24592
31/01/2024;B;10:00:00;3788
1/02/2024;A;10:00:00;23629
1/02/2024;B;10:00:00;3897
2/02/2024;A;10:00:00;23991
2/02/2024;B;10:00:00;3876
3/02/2024;A;10:00:00;22526
3/02/2024;B;10:00:00;4022
4/02/2024;A;10:00:00;12709
4/02/2024;B;10:00:00;2436
5/02/2024;A;10:00:00;24939
5/02/2024;B;10:00:00;4103
6/02/2024;A;10:00:00;25207
6/02/2024;B;10:00:00;4072
7/02/2024;A;10:00:00;25648
7/02/2024;B;10:00:00;4016
8/02/2024;A;10:00:00;25471
8/02/2024;B;10:00:00;4176
9/02/2024;A;10:00:00;24717
9/02/2024;B;10:00:00;4042
10/02/2024;A;10:00:00;22807
10/02/2024;B;10:00:00;3992
11/02/2024;A;10:00:00;13188
11/02/2024;B;10:00:00;2560
12/02/2024;A;10:00:00;24749
12/02/2024;B;10:00:00;4038
13/02/2024;A;10:00:00;24654
13/02/2024;B;10:00:00;3859
14/02/2024;A;10:00:00;24606
14/02/2024;B;10:00:00;4040
15/02/2024;A;10:00:00;24041
15/02/2024;B;10:00:00;3941
16/02/2024;A;10:00:00;25635
16/02/2024;B;10:00:00;4265
17/02/2024;A;10:00:00;23790
17/02/2024;B;10:00:00;4241
18/02/2024;A;10:00:00;13680
18/02/2024;B;10:00:00;2710
19/02/2024;A;10:00:00;24882
19/02/2024;B;10:00:00;4003
20/02/2024;A;10:00:00;25197
20/02/2024;B;10:00:00;3936
21/02/2024;A;10:00:00;24707
21/02/2024;B;10:00:00;4063
22/02/2024;A;10:00:00;24464
22/02/2024;B;10:00:00;4062
23/02/2024;A;10:00:00;24349
23/02/2024;B;10:00:00;3989
24/02/2024;A;10:00:00;22365
24/02/2024;B;10:00:00;4523
25/02/2024;A;10:00:00;12964
25/02/2024;B;10:00:00;2449
26/02/2024;A;10:00:00;24471
26/02/2024;B;10:00:00;4068
27/02/2024;A;10:00:00;24363
27/02/2024;B;10:00:00;3849
28/02/2024;A;10:00:00;24252
28/02/2024;B;10:00:00;3969
29/02/2024;A;10:00:00;24657
29/02/2024;B;10:00:00;3993
1/03/2024;A;10:00:00;25177
1/03/2024;B;10:00:00;4196
2/03/2024;A;10:00:00;23537
2/03/2024;B;10:00:00;4129
3/03/2024;A;10:00:00;13807
3/03/2024;B;10:00:00;2453
4/03/2024;A;10:00:00;25160
4/03/2024;B;10:00:00;3849
5/03/2024;A;10:00:00;25281
5/03/2024;B;10:00:00;3844
6/03/2024;A;10:00:00;26636
6/03/2024;B;10:00:00;4332
7/03/2024;A;10:00:00;24585
7/03/2024;B;10:00:00;3852
8/03/2024;A;10:00:00;24196
8/03/2024;B;10:00:00;4034
9/03/2024;A;10:00:00;22439
9/03/2024;B;10:00:00;3826
10/03/2024;A;10:00:00;13114
10/03/2024;B;10:00:00;2580
11/03/2024;A;10:00:00;23600
11/03/2024;B;10:00:00;3746
12/03/2024;A;10:00:00;24660
12/03/2024;B;10:00:00;3919
13/03/2024;A;10:00:00;24162
13/03/2024;B;10:00:00;3808
14/03/2024;A;10:00:00;23913
14/03/2024;B;10:00:00;3769
15/03/2024;A;10:00:00;24044
15/03/2024;B;10:00:00;3988
16/03/2024;A;10:00:00;23476
16/03/2024;B;10:00:00;4126
17/03/2024;A;10:00:00;13457
17/03/2024;B;10:00:00;2404
18/03/2024;A;10:00:00;24627
18/03/2024;B;10:00:00;4038
19/03/2024;A;10:00:00;24560
19/03/2024;B;10:00:00;3914
20/03/2024;A;10:00:00;24610
20/03/2024;B;10:00:00;3946
21/03/2024;A;10:00:00;24516
21/03/2024;B;10:00:00;4000
22/03/2024;A;10:00:00;24687
22/03/2024;B;10:00:00;4006
23/03/2024;A;10:00:00;23212
23/03/2024;B;10:00:00;3921
24/03/2024;A;10:00:00;13577
24/03/2024;B;10:00:00;2695
25/03/2024;A;10:00:00;11823
25/03/2024;B;10:00:00;2257
26/03/2024;A;10:00:00;22527
26/03/2024;B;10:00:00;3863
27/03/2024;A;10:00:00;21507
27/03/2024;B;10:00:00;3784
28/03/2024;A;10:00:00;12661
28/03/2024;B;10:00:00;2411
29/03/2024;A;10:00:00;9777
29/03/2024;B;10:00:00;1865
30/03/2024;A;10:00:00;16504
30/03/2024;B;10:00:00;2763
31/03/2024;A;10:00:00;11647
31/03/2024;B;10:00:00;1877
1/04/2024;A;10:00:00;24102
1/04/2024;B;10:00:00;3717
2/04/2024;A;10:00:00;24076
2/04/2024;B;10:00:00;3780
3/04/2024;A;10:00:00;23991
3/04/2024;B;10:00:00;3819
4/04/2024;A;10:00:00;23916
4/04/2024;B;10:00:00;3813
5/04/2024;A;10:00:00;24979
5/04/2024;B;10:00:00;4068
6/04/2024;A;10:00:00;22543
6/04/2024;B;10:00:00;3876
7/04/2024;A;10:00:00;12615
7/04/2024;B;10:00:00;2291
8/04/2024;A;10:00:00;23143
8/04/2024;B;10:00:00;3874
9/04/2024;A;10:00:00;25404
9/04/2024;B;10:00:00;3998
10/04/2024;A;10:00:00;24045
10/04/2024;B;10:00:00;3874
11/04/2024;A;10:00:00;23376
11/04/2024;B;10:00:00;3902
12/04/2024;A;10:00:00;23847
12/04/2024;B;10:00:00;3916
13/04/2024;A;10:00:00;22416
13/04/2024;B;10:00:00;3775
14/04/2024;A;10:00:00;12911
14/04/2024;B;10:00:00;2528
15/04/2024;A;10:00:00;23454
15/04/2024;B;10:00:00;3648
16/04/2024;A;10:00:00;23924
16/04/2024;B;10:00:00;4003
17/04/2024;A;10:00:00;23592
17/04/2024;B;10:00:00;3822
18/04/2024;A;10:00:00;24207
18/04/2024;B;10:00:00;3910
19/04/2024;A;10:00:00;23896
19/04/2024;B;10:00:00;4042
20/04/2024;A;10:00:00;23529
20/04/2024;B;10:00:00;4131
21/04/2024;A;10:00:00;17228
21/04/2024;B;10:00:00;3036
22/04/2024;A;10:00:00;23902
22/04/2024;B;10:00:00;3868
23/04/2024;A;10:00:00;23687
23/04/2024;B;10:00:00;3912
24/04/2024;A;10:00:00;23465
24/04/2024;B;10:00:00;3775
25/04/2024;A;10:00:00;23447
25/04/2024;B;10:00:00;3886
26/04/2024;A;10:00:00;24156
26/04/2024;B;10:00:00;3951
27/04/2024;A;10:00:00;22414
27/04/2024;B;10:00:00;3868
28/04/2024;A;10:00:00;12636
28/04/2024;B;10:00:00;2522
29/04/2024;A;10:00:00;23756
29/04/2024;B;10:00:00;3730
30/04/2024;A;10:00:00;24977
30/04/2024;B;10:00:00;3968
1/05/2024;A;10:00:00;12958
1/05/2024;B;10:00:00;2291
2/05/2024;A;10:00:00;23826
2/05/2024;B;10:00:00;4076
3/05/2024;A;10:00:00;25615
3/05/2024;B;10:00:00;4162
4/05/2024;A;10:00:00;23205
4/05/2024;B;10:00:00;3976
5/05/2024;A;10:00:00;13405
5/05/2024;B;10:00:00;2442
6/05/2024;A;10:00:00;24450
6/05/2024;B;10:00:00;3919
7/05/2024;A;10:00:00;24715
7/05/2024;B;10:00:00;3901
8/05/2024;A;10:00:00;24808
8/05/2024;B;10:00:00;3858
9/05/2024;A;10:00:00;24859
9/05/2024;B;10:00:00;3924
10/05/2024;A;10:00:00;24875
10/05/2024;B;10:00:00;4110
11/05/2024;A;10:00:00;24369
11/05/2024;B;10:00:00;4071
12/05/2024;A;10:00:00;13658
12/05/2024;B;10:00:00;2499
13/05/2024;A;10:00:00;10654
13/05/2024;B;10:00:00;1789
14/05/2024;A;10:00:00;24402
14/05/2024;B;10:00:00;3850
15/05/2024;A;10:00:00;25011
15/05/2024;B;10:00:00;4093
16/05/2024;A;10:00:00;24728
16/05/2024;B;10:00:00;4056
17/05/2024;A;10:00:00;24556
17/05/2024;B;10:00:00;4374
18/05/2024;A;10:00:00;22909
18/05/2024;B;10:00:00;3864
19/05/2024;A;10:00:00;12843
19/05/2024;B;10:00:00;2384
20/05/2024;A;10:00:00;24013
20/05/2024;B;10:00:00;3761
21/05/2024;A;10:00:00;24596
21/05/2024;B;10:00:00;3953
22/05/2024;A;10:00:00;24272
22/05/2024;B;10:00:00;3937
23/05/2024;A;10:00:00;23267
23/05/2024;B;10:00:00;3964
24/05/2024;A;10:00:00;23656
24/05/2024;B;10:00:00;3970
25/05/2024;A;10:00:00;21318
25/05/2024;B;10:00:00;3617
26/05/2024;A;10:00:00;12947
26/05/2024;B;10:00:00;2486
27/05/2024;A;10:00:00;23025
27/05/2024;B;10:00:00;3610
28/05/2024;A;10:00:00;23729
28/05/2024;B;10:00:00;3856
29/05/2024;A;10:00:00;24182
29/05/2024;B;10:00:00;3741
30/05/2024;A;10:00:00;23050
30/05/2024;B;10:00:00;3713
31/05/2024;A;10:00:00;24191
31/05/2024;B;10:00:00;3886
1/06/2024;A;10:00:00;23677
1/06/2024;B;10:00:00;4002
2/06/2024;A;10:00:00;13968
2/06/2024;B;10:00:00;2467
3/06/2024;A;10:00:00;10877
3/06/2024;B;10:00:00;1996
4/06/2024;A;10:00:00;24912
4/06/2024;B;10:00:00;3813
5/06/2024;A;10:00:00;23917
5/06/2024;B;10:00:00;3683
6/06/2024;A;10:00:00;23512
6/06/2024;B;10:00:00;3756
7/06/2024;A;10:00:00;23999
7/06/2024;B;10:00:00;3885
8/06/2024;A;10:00:00;22931
8/06/2024;B;10:00:00;3889
9/06/2024;A;10:00:00;13625
9/06/2024;B;10:00:00;2494
10/06/2024;A;10:00:00;11181
10/06/2024;B;10:00:00;2055
11/06/2024;A;10:00:00;24701
11/06/2024;B;10:00:00;3803
12/06/2024;A;10:00:00;24713
12/06/2024;B;10:00:00;3728
13/06/2024;A;10:00:00;23704
13/06/2024;B;10:00:00;3836
14/06/2024;A;10:00:00;23744
14/06/2024;B;10:00:00;3865
15/06/2024;A;10:00:00;23967
15/06/2024;B;10:00:00;4237
16/06/2024;A;10:00:00;14157
16/06/2024;B;10:00:00;2500
17/06/2024;A;10:00:00;23698
17/06/2024;B;10:00:00;3738
18/06/2024;A;10:00:00;23458
18/06/2024;B;10:00:00;3891
19/06/2024;A;10:00:00;23775
19/06/2024;B;10:00:00;3729
20/06/2024;A;10:00:00;23462
20/06/2024;B;10:00:00;3883
21/06/2024;A;10:00:00;24403
21/06/2024;B;10:00:00;3966
22/06/2024;A;10:00:00;22792
22/06/2024;B;10:00:00;3947
23/06/2024;A;10:00:00;13572
23/06/2024;B;10:00:00;2758
24/06/2024;A;10:00:00;22889
24/06/2024;B;10:00:00;3932
25/06/2024;A;10:00:00;23097
25/06/2024;B;10:00:00;3735
26/06/2024;A;10:00:00;23441
26/06/2024;B;10:00:00;3715
27/06/2024;A;10:00:00;23820
27/06/2024;B;10:00:00;3798
28/06/2024;A;10:00:00;24101
28/06/2024;B;10:00:00;4226
29/06/2024;A;10:00:00;23456
29/06/2024;B;10:00:00;3912
30/06/2024;A;10:00:00;16202
30/06/2024;B;10:00:00;3120
1/07/2024;A;10:00:00;12507
1/07/2024;B;10:00:00;2398
2/07/2024;A;10:00:00;25284
2/07/2024;B;10:00:00;3954
3/07/2024;A;10:00:00;23526
3/07/2024;B;10:00:00;3733
4/07/2024;A;10:00:00;23769
4/07/2024;B;10:00:00;3758
5/07/2024;A;10:00:00;23400
5/07/2024;B;10:00:00;3766
6/07/2024;A;10:00:00;23632
6/07/2024;B;10:00:00;4093
7/07/2024;A;10:00:00;14175
7/07/2024;B;10:00:00;2427
8/07/2024;A;10:00:00;23265
8/07/2024;B;10:00:00;3576
9/07/2024;A;10:00:00;23506
9/07/2024;B;10:00:00;3863
10/07/2024;A;10:00:00;23601
10/07/2024;B;10:00:00;3823
11/07/2024;A;10:00:00;22694
11/07/2024;B;10:00:00;3565
12/07/2024;A;10:00:00;23418
12/07/2024;B;10:00:00;3912
13/07/2024;A;10:00:00;23503
13/07/2024;B;10:00:00;4136
14/07/2024;A;10:00:00;13707
14/07/2024;B;10:00:00;2874
15/07/2024;A;10:00:00;21826
15/07/2024;B;10:00:00;3283
16/07/2024;A;10:00:00;23774
16/07/2024;B;10:00:00;3690
17/07/2024;A;10:00:00;24630
17/07/2024;B;10:00:00;3536
18/07/2024;A;10:00:00;23775
18/07/2024;B;10:00:00;3583
19/07/2024;A;10:00:00;24026
19/07/2024;B;10:00:00;3832
20/07/2024;A;10:00:00;17007
20/07/2024;B;10:00:00;3111
21/07/2024;A;10:00:00;12614
21/07/2024;B;10:00:00;2358
22/07/2024;A;10:00:00;23602
22/07/2024;B;10:00:00;3706
23/07/2024;A;10:00:00;23708
23/07/2024;B;10:00:00;3869
24/07/2024;A;10:00:00;23143
24/07/2024;B;10:00:00;3689
25/07/2024;A;10:00:00;23301
25/07/2024;B;10:00:00;3740
26/07/2024;A;10:00:00;22670
26/07/2024;B;10:00:00;3789
27/07/2024;A;10:00:00;22597
27/07/2024;B;10:00:00;4091
28/07/2024;A;10:00:00;12829
28/07/2024;B;10:00:00;2370
29/07/2024;A;10:00:00;22411
29/07/2024;B;10:00:00;3721
30/07/2024;A;10:00:00;22792
30/07/2024;B;10:00:00;3634
31/07/2024;A;10:00:00;23818
31/07/2024;B;10:00:00;3755
1/08/2024;A;10:00:00;23659
1/08/2024;B;10:00:00;3911
2/08/2024;A;10:00:00;24474
2/08/2024;B;10:00:00;4096
3/08/2024;A;10:00:00;24755
3/08/2024;B;10:00:00;4219
4/08/2024;A;10:00:00;14560
4/08/2024;B;10:00:00;3057
5/08/2024;A;10:00:00;25190
5/08/2024;B;10:00:00;4092
6/08/2024;A;10:00:00;25861
6/08/2024;B;10:00:00;4307
7/08/2024;A;10:00:00;14443
7/08/2024;B;10:00:00;2594
8/08/2024;A;10:00:00;26091
8/08/2024;B;10:00:00;4446
9/08/2024;A;10:00:00;23965
9/08/2024;B;10:00:00;4142
10/08/2024;A;10:00:00;30016
10/08/2024;B;10:00:00;5145
11/08/2024;A;10:00:00;17765
11/08/2024;B;10:00:00;3279
12/08/2024;A;10:00:00;24791
12/08/2024;B;10:00:00;4227
13/08/2024;A;10:00:00;24127
13/08/2024;B;10:00:00;4207
14/08/2024;A;10:00:00;24157
14/08/2024;B;10:00:00;4031
15/08/2024;A;10:00:00;24947
15/08/2024;B;10:00:00;4172
16/08/2024;A;10:00:00;25532
16/08/2024;B;10:00:00;4187
17/08/2024;A;10:00:00;24840
17/08/2024;B;10:00:00;4381
18/08/2024;A;10:00:00;15019
18/08/2024;B;10:00:00;2874
19/08/2024;A;10:00:00;11712
19/08/2024;B;10:00:00;2196
20/08/2024;A;10:00:00;26094
20/08/2024;B;10:00:00;4010
21/08/2024;A;10:00:00;24958
21/08/2024;B;10:00:00;4087
22/08/2024;A;10:00:00;24502
22/08/2024;B;10:00:00;3957
23/08/2024;A;10:00:00;24832
23/08/2024;B;10:00:00;4038
24/08/2024;A;10:00:00;23913
24/08/2024;B;10:00:00;4384
25/08/2024;A;10:00:00;13148
25/08/2024;B;10:00:00;2576
26/08/2024;A;10:00:00;23946
26/08/2024;B;10:00:00;4053
27/08/2024;A;10:00:00;24170
27/08/2024;B;10:00:00;4293
28/08/2024;A;10:00:00;23805
28/08/2024;B;10:00:00;4110
29/08/2024;A;10:00:00;23853
29/08/2024;B;10:00:00;4166
30/08/2024;A;10:00:00;25060
30/08/2024;B;10:00:00;4690
31/08/2024;A;10:00:00;25609
31/08/2024;B;10:00:00;4792
1/09/2024;A;10:00:00;15238
1/09/2024;B;10:00:00;2620
2/09/2024;A;10:00:00;25114
2/09/2024;B;10:00:00;4174
3/09/2024;A;10:00:00;24722
3/09/2024;B;10:00:00;4018
4/09/2024;A;10:00:00;26182
4/09/2024;B;10:00:00;3933
5/09/2024;A;10:00:00;23503
5/09/2024;B;10:00:00;3913
6/09/2024;A;10:00:00;22731
6/09/2024;B;10:00:00;3668
7/09/2024;A;10:00:00;23620
7/09/2024;B;10:00:00;4292
8/09/2024;A;10:00:00;13508
8/09/2024;B;10:00:00;2480
9/09/2024;A;10:00:00;25510
9/09/2024;B;10:00:00;3878
10/09/2024;A;10:00:00;25139
10/09/2024;B;10:00:00;4086
11/09/2024;A;10:00:00;24791
11/09/2024;B;10:00:00;3858
12/09/2024;A;10:00:00;21946
12/09/2024;B;10:00:00;3911
13/09/2024;A;10:00:00;24444
13/09/2024;B;10:00:00;3905
14/09/2024;A;10:00:00;24919
14/09/2024;B;10:00:00;3730
15/09/2024;A;10:00:00;14127
15/09/2024;B;10:00:00;2611
16/09/2024;A;10:00:00;24314
16/09/2024;B;10:00:00;3873
17/09/2024;A;10:00:00;24699
17/09/2024;B;10:00:00;4074
18/09/2024;A;10:00:00;24255
18/09/2024;B;10:00:00;4096
19/09/2024;A;10:00:00;25146
19/09/2024;B;10:00:00;4094
20/09/2024;A;10:00:00;24690
20/09/2024;B;10:00:00;4218
21/09/2024;A;10:00:00;23791
21/09/2024;B;10:00:00;4077
22/09/2024;A;10:00:00;13259
22/09/2024;B;10:00:00;2432
23/09/2024;A;10:00:00;23532
23/09/2024;B;10:00:00;3811
24/09/2024;A;10:00:00;23756
24/09/2024;B;10:00:00;4006
25/09/2024;A;10:00:00;23763
25/09/2024;B;10:00:00;3878
26/09/2024;A;10:00:00;23995
26/09/2024;B;10:00:00;3958
27/09/2024;A;10:00:00;23713
27/09/2024;B;10:00:00;3893
28/09/2024;A;10:00:00;23243
28/09/2024;B;10:00:00;4238
29/09/2024;A;10:00:00;16939
29/09/2024;B;10:00:00;2471
30/09/2024;A;10:00:00;24449
30/09/2024;B;10:00:00;3674
1/10/2024;A;10:00:00;24730
1/10/2024;B;10:00:00;3936
2/10/2024;A;10:00:00;24668
2/10/2024;B;10:00:00;3981
3/10/2024;A;10:00:00;24367
3/10/2024;B;10:00:00;3994
4/10/2024;A;10:00:00;24492
4/10/2024;B;10:00:00;4052
5/10/2024;A;10:00:00;24594
5/10/2024;B;10:00:00;4335
6/10/2024;A;10:00:00;13907
6/10/2024;B;10:00:00;2395
7/10/2024;A;10:00:00;24013
7/10/2024;B;10:00:00;4073
8/10/2024;A;10:00:00;25512
8/10/2024;B;10:00:00;4106
9/10/2024;A;10:00:00;25309
9/10/2024;B;10:00:00;4326
10/10/2024;A;10:00:00;25423
10/10/2024;B;10:00:00;4123
11/10/2024;A;10:00:00;25053
11/10/2024;B;10:00:00;4147
12/10/2024;A;10:00:00;23997
12/10/2024;B;10:00:00;4114
13/10/2024;A;10:00:00;14242
13/10/2024;B;10:00:00;2656
14/10/2024;A;10:00:00;11146
14/10/2024;B;10:00:00;1999
15/10/2024;A;10:00:00;25468
15/10/2024;B;10:00:00;4061
16/10/2024;A;10:00:00;24958
16/10/2024;B;10:00:00;4042
17/10/2024;A;10:00:00;25125
17/10/2024;B;10:00:00;4116
18/10/2024;A;10:00:00;24940
18/10/2024;B;10:00:00;4048
19/10/2024;A;10:00:00;24405
19/10/2024;B;10:00:00;4247
20/10/2024;A;10:00:00;13477
20/10/2024;B;10:00:00;2640
21/10/2024;A;10:00:00;24239
21/10/2024;B;10:00:00;3773
22/10/2024;A;10:00:00;24273
22/10/2024;B;10:00:00;3872
23/10/2024;A;10:00:00;25255
23/10/2024;B;10:00:00;3945
24/10/2024;A;10:00:00;24008
24/10/2024;B;10:00:00;3947
25/10/2024;A;10:00:00;24809
25/10/2024;B;10:00:00;3882
26/10/2024;A;10:00:00;24074
26/10/2024;B;10:00:00;4269
27/10/2024;A;10:00:00;13176
27/10/2024;B;10:00:00;2452
28/10/2024;A;10:00:00;23897
28/10/2024;B;10:00:00;3958
29/10/2024;A;10:00:00;24064
29/10/2024;B;10:00:00;3974
30/10/2024;A;10:00:00;24714
30/10/2024;B;10:00:00;4016
31/10/2024;A;10:00:00;24964
31/10/2024;B;10:00:00;4173
1/01/2019;A;11:00:00;8840
2/01/2019;A;11:00:00;21888
3/01/2019;A;11:00:00;24729
4/01/2019;A;11:00:00;25087
5/01/2019;A;11:00:00;24667
6/01/2019;A;11:00:00;16238
7/01/2019;A;11:00:00;14261
8/01/2019;A;11:00:00;25770
9/01/2019;A;11:00:00;24679
10/01/2019;A;11:00:00;25155
11/01/2019;A;11:00:00;25326
12/01/2019;A;11:00:00;24992
13/01/2019;A;11:00:00;14319
14/01/2019;A;11:00:00;25518
15/01/2019;A;11:00:00;19913
16/01/2019;A;11:00:00;25670
17/01/2019;A;11:00:00;24533
18/01/2019;A;11:00:00;25799
19/01/2019;A;11:00:00;27323
20/01/2019;A;11:00:00;16067
21/01/2019;A;11:00:00;26562
22/01/2019;A;11:00:00;26510
23/01/2019;A;11:00:00;26130
24/01/2019;A;11:00:00;25240
25/01/2019;A;11:00:00;26412
26/01/2019;A;11:00:00;27610
27/01/2019;A;11:00:00;14203
28/01/2019;A;11:00:00;26198
29/01/2019;A;11:00:00;26593
30/01/2019;A;11:00:00;26125
31/01/2019;A;11:00:00;26005
1/02/2019;A;11:00:00;27483
2/02/2019;A;11:00:00;28750
3/02/2019;A;11:00:00;16124
4/02/2019;A;11:00:00;27999
5/02/2019;A;11:00:00;28612
6/02/2019;A;11:00:00;28109
7/02/2019;A;11:00:00;27459
8/02/2019;A;11:00:00;27818
9/02/2019;A;11:00:00;27823
10/02/2019;A;11:00:00;14850
11/02/2019;A;11:00:00;27539
12/02/2019;A;11:00:00;35485
13/02/2019;A;11:00:00;28037
14/02/2019;A;11:00:00;28271
15/02/2019;A;11:00:00;32205
16/02/2019;A;11:00:00;
17/02/2019;A;11:00:00;17695
18/02/2019;A;11:00:00;28433
19/02/2019;A;11:00:00;28681
20/02/2019;A;11:00:00;28649
21/02/2019;A;11:00:00;28642
22/02/2019;A;11:00:00;28878
23/02/2019;A;11:00:00;27947
24/02/2019;A;11:00:00;15008
25/02/2019;A;11:00:00;27823
26/02/2019;A;11:00:00;28162
27/02/2019;A;11:00:00;27545
28/02/2019;A;11:00:00;27991
1/03/2019;A;11:00:00;29766
2/03/2019;A;11:00:00;30006
3/03/2019;A;11:00:00;16357
4/03/2019;A;11:00:00;34526
5/03/2019;A;11:00:00;29140
6/03/2019;A;11:00:00;29259
7/03/2019;A;11:00:00;29319
8/03/2019;A;11:00:00;30079
9/03/2019;A;11:00:00;28384
10/03/2019;A;11:00:00;15154
11/03/2019;A;11:00:00;27298
12/03/2019;A;11:00:00;27677
13/03/2019;A;11:00:00;261549
14/03/2019;A;11:00:00;26590
15/03/2019;A;11:00:00;27256
16/03/2019;A;11:00:00;30383
17/03/2019;A;11:00:00;15493
18/03/2019;A;11:00:00;28378
19/03/2019;A;11:00:00;29702
20/03/2019;A;11:00:00;29773
21/03/2019;A;11:00:00;27573
22/03/2019;A;11:00:00;28829
23/03/2019;A;11:00:00;28390
24/03/2019;A;11:00:00;16445
25/03/2019;A;11:00:00;13691
26/03/2019;A;11:00:00;28307
27/03/2019;A;11:00:00;27434
28/03/2019;A;11:00:00;27111
29/03/2019;A;11:00:00;28937
30/03/2019;A;11:00:00;29204
31/03/2019;A;11:00:00;15580
1/04/2019;A;11:00:00;30117
2/04/2019;A;11:00:00;79219
3/04/2019;A;11:00:00;28736
4/04/2019;A;11:00:00;27913
5/04/2019;A;11:00:00;28741
6/04/2019;A;11:00:00;28777
7/04/2019;A;11:00:00;15128
8/04/2019;A;11:00:00;28192
9/04/2019;A;11:00:00;28119
10/04/2019;A;11:00:00;28220
11/04/2019;A;11:00:00;28361
12/04/2019;A;11:00:00;29044
13/04/2019;A;11:00:00;28847
14/04/2019;A;11:00:00;14495
15/04/2019;A;11:00:00;25193
16/04/2019;A;11:00:00;25813
17/04/2019;A;11:00:00;25501
18/04/2019;A;11:00:00;15427
19/04/2019;A;11:00:00;12262
20/04/2019;A;11:00:00;21237
21/04/2019;A;11:00:00;13592
22/04/2019;A;11:00:00;27898
23/04/2019;A;11:00:00;32964
24/04/2019;A;11:00:00;28053
25/04/2019;A;11:00:00;943
26/04/2019;A;11:00:00;147607
27/04/2019;A;11:00:00;28442
28/04/2019;A;11:00:00;15019
29/04/2019;A;11:00:00;27546
30/04/2019;A;11:00:00;28212
1/05/2019;A;11:00:00;16383
2/05/2019;A;11:00:00;29582
3/05/2019;A;11:00:00;29428
4/05/2019;A;11:00:00;30320
5/05/2019;A;11:00:00;16197
6/05/2019;A;11:00:00;28673
7/05/2019;A;11:00:00;29482
8/05/2019;A;11:00:00;27925
9/05/2019;A;11:00:00;28761
10/05/2019;A;11:00:00;29291
11/05/2019;A;11:00:00;29320
12/05/2019;A;11:00:00;17655
13/05/2019;A;11:00:00;
14/05/2019;A;11:00:00;27566
15/05/2019;A;11:00:00;28036
16/05/2019;A;11:00:00;28447
17/05/2019;A;11:00:00;25290
18/05/2019;A;11:00:00;28537
19/05/2019;A;11:00:00;15180
20/05/2019;A;11:00:00;27423
21/05/2019;A;11:00:00;28450
22/05/2019;A;11:00:00;28172
23/05/2019;A;11:00:00;27523
24/05/2019;A;11:00:00;28129
25/05/2019;A;11:00:00;28922
26/05/2019;A;11:00:00;14741
27/05/2019;A;11:00:00;26947
28/05/2019;A;11:00:00;27408
29/05/2019;A;11:00:00;27591
30/05/2019;A;11:00:00;26722
31/05/2019;A;11:00:00;27931
1/06/2019;A;11:00:00;29621
2/06/2019;A;11:00:00;16610
3/06/2019;A;11:00:00;13975
4/06/2019;A;11:00:00;29598
5/06/2019;A;11:00:00;28578
6/06/2019;A;11:00:00;28204
7/06/2019;A;11:00:00;28394
8/06/2019;A;11:00:00;29237
9/06/2019;A;11:00:00;16203
10/06/2019;A;11:00:00;27330
11/06/2019;A;11:00:00;27384
12/06/2019;A;11:00:00;27340
13/06/2019;A;11:00:00;27743
14/06/2019;A;11:00:00;29312
15/06/2019;A;11:00:00;31676
16/06/2019;A;11:00:00;18268
17/06/2019;A;11:00:00;28879
18/06/2019;A;11:00:00;28493
19/06/2019;A;11:00:00;28514
20/06/2019;A;11:00:00;27843
21/06/2019;A;11:00:00;29473
22/06/2019;A;11:00:00;29645
23/06/2019;A;11:00:00;17273
24/06/2019;A;11:00:00;14106
25/06/2019;A;11:00:00;27967
26/06/2019;A;11:00:00;26890
27/06/2019;A;11:00:00;27930
28/06/2019;A;11:00:00;28248
29/06/2019;A;11:00:00;28728
30/06/2019;A;11:00:00;19066
1/07/2019;A;11:00:00;15569
2/07/2019;A;11:00:00;28925
3/07/2019;A;11:00:00;28102
4/07/2019;A;11:00:00;27494
5/07/2019;A;11:00:00;28222
6/07/2019;A;11:00:00;29126
7/07/2019;A;11:00:00;16293
8/07/2019;A;11:00:00;26442
9/07/2019;A;11:00:00;26529
10/07/2019;A;11:00:00;30793
11/07/2019;A;11:00:00;26634
12/07/2019;A;11:00:00;27689
13/07/2019;A;11:00:00;28068
14/07/2019;A;11:00:00;15551
15/07/2019;A;11:00:00;26654
16/07/2019;A;11:00:00;27895
17/07/2019;A;11:00:00;28168
18/07/2019;A;11:00:00;27183
19/07/2019;A;11:00:00;28444
20/07/2019;A;11:00:00;21203
21/07/2019;A;11:00:00;16196
22/07/2019;A;11:00:00;28237
23/07/2019;A;11:00:00;26300
24/07/2019;A;11:00:00;27679
25/07/2019;A;11:00:00;27572
26/07/2019;A;11:00:00;29010
27/07/2019;A;11:00:00;29301
28/07/2019;A;11:00:00;15491
29/07/2019;A;11:00:00;28036
30/07/2019;A;11:00:00;27478
31/07/2019;A;11:00:00;27877
1/08/2019;A;11:00:00;28471
2/08/2019;A;11:00:00;29811
3/08/2019;A;11:00:00;32153
4/08/2019;A;11:00:00;19673
5/08/2019;A;11:00:00;29985
6/08/2019;A;11:00:00;30861
7/08/2019;A;11:00:00;18867
8/08/2019;A;11:00:00;30517
9/08/2019;A;11:00:00;31424
10/08/2019;A;11:00:00;39377
11/08/2019;A;11:00:00;21949
12/08/2019;A;11:00:00;29633
13/08/2019;A;11:00:00;28959
14/08/2019;A;11:00:00;28074
15/08/2019;A;11:00:00;28727
16/08/2019;A;11:00:00;29925
17/08/2019;A;11:00:00;30281
18/08/2019;A;11:00:00;17104
19/08/2019;A;11:00:00;14796
20/08/2019;A;11:00:00;30484
21/08/2019;A;11:00:00;46389
22/08/2019;A;11:00:00;30449
23/08/2019;A;11:00:00;29116
24/08/2019;A;11:00:00;29567
25/08/2019;A;11:00:00;16217
26/08/2019;A;11:00:00;28430
27/08/2019;A;11:00:00;28275
28/08/2019;A;11:00:00;28965
29/08/2019;A;11:00:00;28129
30/08/2019;A;11:00:00;28809
31/08/2019;A;11:00:00;30972
1/09/2019;A;11:00:00;16809
2/09/2019;A;11:00:00;29402
3/09/2019;A;11:00:00;29160
4/09/2019;A;11:00:00;147
5/09/2019;A;11:00:00;43355
6/09/2019;A;11:00:00;30086
7/09/2019;A;11:00:00;31763
8/09/2019;A;11:00:00;17881
9/09/2019;A;11:00:00;28395
10/09/2019;A;11:00:00;28647
11/09/2019;A;11:00:00;28697
12/09/2019;A;11:00:00;29216
13/09/2019;A;11:00:00;29064
14/09/2019;A;11:00:00;30727
15/09/2019;A;11:00:00;16478
16/09/2019;A;11:00:00;28569
17/09/2019;A;11:00:00;29493
18/09/2019;A;11:00:00;28496
19/09/2019;A;11:00:00;29322
20/09/2019;A;11:00:00;29568
21/09/2019;A;11:00:00;30342
22/09/2019;A;11:00:00;15710
23/09/2019;A;11:00:00;49210
24/09/2019;A;11:00:00;28664
25/09/2019;A;11:00:00;28111
26/09/2019;A;11:00:00;28132
27/09/2019;A;11:00:00;28923
28/09/2019;A;11:00:00;30088
29/09/2019;A;11:00:00;15243
30/09/2019;A;11:00:00;28380
1/10/2019;A;11:00:00;30626
2/10/2019;A;11:00:00;29265
3/10/2019;A;11:00:00;27977
4/10/2019;A;11:00:00;29756
5/10/2019;A;11:00:00;31198
6/10/2019;A;11:00:00;17579
7/10/2019;A;11:00:00;29440
8/10/2019;A;11:00:00;29838
9/10/2019;A;11:00:00;29557
10/10/2019;A;11:00:00;29722
11/10/2019;A;11:00:00;30866
12/10/2019;A;11:00:00;30230
13/10/2019;A;11:00:00;16766
14/10/2019;A;11:00:00;13603
15/10/2019;A;11:00:00;29428
16/10/2019;A;11:00:00;29346
17/10/2019;A;11:00:00;30340
18/10/2019;A;11:00:00;29284
19/10/2019;A;11:00:00;30952
20/10/2019;A;11:00:00;16163
21/10/2019;A;11:00:00;28256
22/10/2019;A;11:00:00;29057
23/10/2019;A;11:00:00;29098
24/10/2019;A;11:00:00;31958
25/10/2019;A;11:00:00;28648
26/10/2019;A;11:00:00;29830
27/10/2019;A;11:00:00;253
28/10/2019;A;11:00:00;27450
29/10/2019;A;11:00:00;28095
30/10/2019;A;11:00:00;30098
31/10/2019;A;11:00:00;29328
1/11/2019;A;11:00:00;29150
2/11/2019;A;11:00:00;30357
3/11/2019;A;11:00:00;16390
4/11/2019;A;11:00:00;14283
5/11/2019;A;11:00:00;30678
6/11/2019;A;11:00:00;29730
7/11/2019;A;11:00:00;28988
8/11/2019;A;11:00:00;30530
9/11/2019;A;11:00:00;30290
10/11/2019;A;11:00:00;16976
11/11/2019;A;11:00:00;14276
12/11/2019;A;11:00:00;42617
13/11/2019;A;11:00:00;28998
14/11/2019;A;11:00:00;29338
15/11/2019;A;11:00:00;29681
16/11/2019;A;11:00:00;33078
17/11/2019;A;11:00:00;16599
18/11/2019;A;11:00:00;30515
19/11/2019;A;11:00:00;30530
20/11/2019;A;11:00:00;90250
21/11/2019;A;11:00:00;23890
22/11/2019;A;11:00:00;33336
23/11/2019;A;11:00:00;32097
24/11/2019;A;11:00:00;16942
25/11/2019;A;11:00:00;30451
26/11/2019;A;11:00:00;31249
27/11/2019;A;11:00:00;30023
28/11/2019;A;11:00:00;31013
29/11/2019;A;11:00:00;31766
30/11/2019;A;11:00:00;33595
1/12/2019;A;11:00:00;18327
2/12/2019;A;11:00:00;31728
3/12/2019;A;11:00:00;31915
4/12/2019;A;11:00:00;32832
5/12/2019;A;11:00:00;33203
6/12/2019;A;11:00:00;32309
7/12/2019;A;11:00:00;33752
8/12/2019;A;11:00:00;18065
9/12/2019;A;11:00:00;33290
10/12/2019;A;11:00:00;32696
11/12/2019;A;11:00:00;31349
12/12/2019;A;11:00:00;31449
13/12/2019;A;11:00:00;31448
14/12/2019;A;11:00:00;34651
15/12/2019;A;11:00:00;22740
16/12/2019;A;11:00:00;32167
17/12/2019;A;11:00:00;31615
18/12/2019;A;11:00:00;31571
19/12/2019;A;11:00:00;31539
20/12/2019;A;11:00:00;34373
21/12/2019;A;11:00:00;36912
22/12/2019;A;11:00:00;24976
23/12/2019;A;11:00:00;35494
24/12/2019;A;11:00:00;29970
25/12/2019;A;11:00:00;10598
26/12/2019;A;11:00:00;26771
27/12/2019;A;11:00:00;31046
28/12/2019;A;11:00:00;28239
29/12/2019;A;11:00:00;18133
30/12/2019;A;11:00:00;29299
31/12/2019;A;11:00:00;23711
1/01/2019;B;11:00:00;1579
2/01/2019;B;11:00:00;3575
3/01/2019;B;11:00:00;4264
4/01/2019;B;11:00:00;4031
5/01/2019;B;11:00:00;4192
6/01/2019;B;11:00:00;3197
7/01/2019;B;11:00:00;2711
8/01/2019;B;11:00:00;4104
9/01/2019;B;11:00:00;4100
10/01/2019;B;11:00:00;3973
11/01/2019;B;11:00:00;4200
12/01/2019;B;11:00:00;4245
13/01/2019;B;11:00:00;2593
14/01/2019;B;11:00:00;4238
15/01/2019;B;11:00:00;3315
16/01/2019;B;11:00:00;4016
17/01/2019;B;11:00:00;3739
18/01/2019;B;11:00:00;4114
19/01/2019;B;11:00:00;4568
20/01/2019;B;11:00:00;2973
21/01/2019;B;11:00:00;4166
22/01/2019;B;11:00:00;4050
23/01/2019;B;11:00:00;4093
24/01/2019;B;11:00:00;4105
25/01/2019;B;11:00:00;4103
26/01/2019;B;11:00:00;4718
27/01/2019;B;11:00:00;2773
28/01/2019;B;11:00:00;4364
29/01/2019;B;11:00:00;4360
30/01/2019;B;11:00:00;4341
31/01/2019;B;11:00:00;4384
1/02/2019;B;11:00:00;4467
2/02/2019;B;11:00:00;5061
3/02/2019;B;11:00:00;2868
4/02/2019;B;11:00:00;4820
5/02/2019;B;11:00:00;4633
6/02/2019;B;11:00:00;4598
7/02/2019;B;11:00:00;4551
8/02/2019;B;11:00:00;4678
9/02/2019;B;11:00:00;4661
10/02/2019;B;11:00:00;2836
11/02/2019;B;11:00:00;4608
12/02/2019;B;11:00:00;5578
13/02/2019;B;11:00:00;4462
14/02/2019;B;11:00:00;4524
15/02/2019;B;11:00:00;6133
16/02/2019;B;11:00:00;
17/02/2019;B;11:00:00;3255
18/02/2019;B;11:00:00;4964
19/02/2019;B;11:00:00;4608
20/02/2019;B;11:00:00;4704
21/02/2019;B;11:00:00;4697
22/02/2019;B;11:00:00;4776
23/02/2019;B;11:00:00;4853
24/02/2019;B;11:00:00;2892
25/02/2019;B;11:00:00;4488
26/02/2019;B;11:00:00;4611
27/02/2019;B;11:00:00;4584
28/02/2019;B;11:00:00;4520
1/03/2019;B;11:00:00;4619
2/03/2019;B;11:00:00;5170
3/03/2019;B;11:00:00;2994
4/03/2019;B;11:00:00;5910
5/03/2019;B;11:00:00;4689
6/03/2019;B;11:00:00;4738
7/03/2019;B;11:00:00;4573
8/03/2019;B;11:00:00;4852
9/03/2019;B;11:00:00;4907
10/03/2019;B;11:00:00;2954
11/03/2019;B;11:00:00;4501
12/03/2019;B;11:00:00;4837
13/03/2019;B;11:00:00;41862
14/03/2019;B;11:00:00;4505
15/03/2019;B;11:00:00;4670
16/03/2019;B;11:00:00;5317
17/03/2019;B;11:00:00;2909
18/03/2019;B;11:00:00;4704
19/03/2019;B;11:00:00;4803
20/03/2019;B;11:00:00;4666
21/03/2019;B;11:00:00;4450
22/03/2019;B;11:00:00;4791
23/03/2019;B;11:00:00;4912
24/03/2019;B;11:00:00;3201
25/03/2019;B;11:00:00;2341
26/03/2019;B;11:00:00;4626
27/03/2019;B;11:00:00;4561
28/03/2019;B;11:00:00;4572
29/03/2019;B;11:00:00;4575
30/03/2019;B;11:00:00;5179
31/03/2019;B;11:00:00;3044
1/04/2019;B;11:00:00;4683
2/04/2019;B;11:00:00;12859
3/04/2019;B;11:00:00;4555
4/04/2019;B;11:00:00;4512
5/04/2019;B;11:00:00;4627
6/04/2019;B;11:00:00;4936
7/04/2019;B;11:00:00;3144
8/04/2019;B;11:00:00;4651
9/04/2019;B;11:00:00;4432
10/04/2019;B;11:00:00;4600
11/04/2019;B;11:00:00;4502
12/04/2019;B;11:00:00;4598
13/04/2019;B;11:00:00;4817
14/04/2019;B;11:00:00;2898
15/04/2019;B;11:00:00;4207
16/04/2019;B;11:00:00;4308
17/04/2019;B;11:00:00;4384
18/04/2019;B;11:00:00;3023
19/04/2019;B;11:00:00;2700
20/04/2019;B;11:00:00;3656
21/04/2019;B;11:00:00;2353
22/04/2019;B;11:00:00;4612
23/04/2019;B;11:00:00;5387
24/04/2019;B;11:00:00;4588
25/04/2019;B;11:00:00;119
26/04/2019;B;11:00:00;22793
27/04/2019;B;11:00:00;5044
28/04/2019;B;11:00:00;2935
29/04/2019;B;11:00:00;4360
30/04/2019;B;11:00:00;4668
1/05/2019;B;11:00:00;3007
2/05/2019;B;11:00:00;4772
3/05/2019;B;11:00:00;4852
4/05/2019;B;11:00:00;5092
5/05/2019;B;11:00:00;3218
6/05/2019;B;11:00:00;4609
7/05/2019;B;11:00:00;4554
8/05/2019;B;11:00:00;4474
9/05/2019;B;11:00:00;4674
10/05/2019;B;11:00:00;4743
11/05/2019;B;11:00:00;5146
12/05/2019;B;11:00:00;3355
13/05/2019;B;11:00:00;
14/05/2019;B;11:00:00;4623
15/05/2019;B;11:00:00;4331
16/05/2019;B;11:00:00;4497
17/05/2019;B;11:00:00;4843
18/05/2019;B;11:00:00;5072
19/05/2019;B;11:00:00;2904
20/05/2019;B;11:00:00;4677
21/05/2019;B;11:00:00;4594
22/05/2019;B;11:00:00;4540
23/05/2019;B;11:00:00;4491
24/05/2019;B;11:00:00;4591
25/05/2019;B;11:00:00;5141
26/05/2019;B;11:00:00;2810
27/05/2019;B;11:00:00;4380
28/05/2019;B;11:00:00;4326
29/05/2019;B;11:00:00;4093
30/05/2019;B;11:00:00;4293
31/05/2019;B;11:00:00;4421
1/06/2019;B;11:00:00;5067
2/06/2019;B;11:00:00;3116
3/06/2019;B;11:00:00;2519
4/06/2019;B;11:00:00;4393
5/06/2019;B;11:00:00;4368
6/06/2019;B;11:00:00;4402
7/06/2019;B;11:00:00;4414
8/06/2019;B;11:00:00;4979
9/06/2019;B;11:00:00;3039
10/06/2019;B;11:00:00;4388
11/06/2019;B;11:00:00;4408
12/06/2019;B;11:00:00;4295
13/06/2019;B;11:00:00;4295
14/06/2019;B;11:00:00;4487
15/06/2019;B;11:00:00;4631
16/06/2019;B;11:00:00;3009
17/06/2019;B;11:00:00;3942
18/06/2019;B;11:00:00;4435
19/06/2019;B;11:00:00;4505
20/06/2019;B;11:00:00;4226
21/06/2019;B;11:00:00;4539
22/06/2019;B;11:00:00;4902
23/06/2019;B;11:00:00;3263
24/06/2019;B;11:00:00;2450
25/06/2019;B;11:00:00;4298
26/06/2019;B;11:00:00;4436
27/06/2019;B;11:00:00;4357
28/06/2019;B;11:00:00;4358
29/06/2019;B;11:00:00;4901
30/06/2019;B;11:00:00;3474
1/07/2019;B;11:00:00;2661
2/07/2019;B;11:00:00;4460
3/07/2019;B;11:00:00;4475
4/07/2019;B;11:00:00;4387
5/07/2019;B;11:00:00;4332
6/07/2019;B;11:00:00;5089
7/07/2019;B;11:00:00;3237
8/07/2019;B;11:00:00;4038
9/07/2019;B;11:00:00;4027
10/07/2019;B;11:00:00;4990
11/07/2019;B;11:00:00;4234
12/07/2019;B;11:00:00;4217
13/07/2019;B;11:00:00;4611
14/07/2019;B;11:00:00;2885
15/07/2019;B;11:00:00;4177
16/07/2019;B;11:00:00;4453
17/07/2019;B;11:00:00;4417
18/07/2019;B;11:00:00;4162
19/07/2019;B;11:00:00;4376
20/07/2019;B;11:00:00;3897
21/07/2019;B;11:00:00;3401
22/07/2019;B;11:00:00;4559
23/07/2019;B;11:00:00;4066
24/07/2019;B;11:00:00;4448
25/07/2019;B;11:00:00;4553
26/07/2019;B;11:00:00;4464
27/07/2019;B;11:00:00;5097
28/07/2019;B;11:00:00;3245
29/07/2019;B;11:00:00;4478
30/07/2019;B;11:00:00;4467
31/07/2019;B;11:00:00;4509
1/08/2019;B;11:00:00;4725
2/08/2019;B;11:00:00;4805
3/08/2019;B;11:00:00;5520
4/08/2019;B;11:00:00;3593
5/08/2019;B;11:00:00;4890
6/08/2019;B;11:00:00;5115
7/08/2019;B;11:00:00;3255
8/08/2019;B;11:00:00;5049
9/08/2019;B;11:00:00;5455
10/08/2019;B;11:00:00;7007
11/08/2019;B;11:00:00;4365
12/08/2019;B;11:00:00;4800
13/08/2019;B;11:00:00;4608
14/08/2019;B;11:00:00;4613
15/08/2019;B;11:00:00;4662
16/08/2019;B;11:00:00;4735
17/08/2019;B;11:00:00;5268
18/08/2019;B;11:00:00;3446
19/08/2019;B;11:00:00;2311
20/08/2019;B;11:00:00;4944
21/08/2019;B;11:00:00;7519
22/08/2019;B;11:00:00;4634
23/08/2019;B;11:00:00;4680
24/08/2019;B;11:00:00;5119
25/08/2019;B;11:00:00;3045
26/08/2019;B;11:00:00;4550
27/08/2019;B;11:00:00;4698
28/08/2019;B;11:00:00;4513
29/08/2019;B;11:00:00;4585
30/08/2019;B;11:00:00;4625
31/08/2019;B;11:00:00;5289
1/09/2019;B;11:00:00;3122
2/09/2019;B;11:00:00;4692
3/09/2019;B;11:00:00;4774
4/09/2019;B;11:00:00;8
5/09/2019;B;11:00:00;6537
6/09/2019;B;11:00:00;4859
7/09/2019;B;11:00:00;5428
8/09/2019;B;11:00:00;3217
9/09/2019;B;11:00:00;4598
10/09/2019;B;11:00:00;4535
11/09/2019;B;11:00:00;4389
12/09/2019;B;11:00:00;4738
13/09/2019;B;11:00:00;4694
14/09/2019;B;11:00:00;5358
15/09/2019;B;11:00:00;3310
16/09/2019;B;11:00:00;4512
17/09/2019;B;11:00:00;4739
18/09/2019;B;11:00:00;4567
19/09/2019;B;11:00:00;4682
20/09/2019;B;11:00:00;4719
21/09/2019;B;11:00:00;5344
22/09/2019;B;11:00:00;3085
23/09/2019;B;11:00:00;8087
24/09/2019;B;11:00:00;4600
25/09/2019;B;11:00:00;4559
26/09/2019;B;11:00:00;4630
27/09/2019;B;11:00:00;4542
28/09/2019;B;11:00:00;4986
29/09/2019;B;11:00:00;2843
30/09/2019;B;11:00:00;4449
1/10/2019;B;11:00:00;4782
2/10/2019;B;11:00:00;4589
3/10/2019;B;11:00:00;4062
4/10/2019;B;11:00:00;4656
5/10/2019;B;11:00:00;5337
6/10/2019;B;11:00:00;3254
7/10/2019;B;11:00:00;4887
8/10/2019;B;11:00:00;4887
9/10/2019;B;11:00:00;4809
10/10/2019;B;11:00:00;5265
11/10/2019;B;11:00:00;5209
12/10/2019;B;11:00:00;5487
13/10/2019;B;11:00:00;3542
14/10/2019;B;11:00:00;2610
15/10/2019;B;11:00:00;4738
16/10/2019;B;11:00:00;4541
17/10/2019;B;11:00:00;4684
18/10/2019;B;11:00:00;4730
19/10/2019;B;11:00:00;5504
20/10/2019;B;11:00:00;2914
21/10/2019;B;11:00:00;4453
22/10/2019;B;11:00:00;4402
23/10/2019;B;11:00:00;4641
24/10/2019;B;11:00:00;4432
25/10/2019;B;11:00:00;4627
26/10/2019;B;11:00:00;4859
27/10/2019;B;11:00:00;3
28/10/2019;B;11:00:00;4146
29/10/2019;B;11:00:00;4654
30/10/2019;B;11:00:00;4740
31/10/2019;B;11:00:00;4898
1/11/2019;B;11:00:00;4575
2/11/2019;B;11:00:00;5173
3/11/2019;B;11:00:00;3167
4/11/2019;B;11:00:00;2489
5/11/2019;B;11:00:00;4711
6/11/2019;B;11:00:00;4733
7/11/2019;B;11:00:00;4526
8/11/2019;B;11:00:00;4661
9/11/2019;B;11:00:00;4815
10/11/2019;B;11:00:00;3104
11/11/2019;B;11:00:00;2557
12/11/2019;B;11:00:00;6176
13/11/2019;B;11:00:00;4660
14/11/2019;B;11:00:00;4524
15/11/2019;B;11:00:00;4846
16/11/2019;B;11:00:00;5545
17/11/2019;B;11:00:00;3067
18/11/2019;B;11:00:00;4802
19/11/2019;B;11:00:00;4634
20/11/2019;B;11:00:00;14484
21/11/2019;B;11:00:00;3150
22/11/2019;B;11:00:00;4713
23/11/2019;B;11:00:00;5109
24/11/2019;B;11:00:00;3021
25/11/2019;B;11:00:00;4676
26/11/2019;B;11:00:00;4690
27/11/2019;B;11:00:00;4560
28/11/2019;B;11:00:00;4702
29/11/2019;B;11:00:00;4714
30/11/2019;B;11:00:00;5437
1/12/2019;B;11:00:00;3072
2/12/2019;B;11:00:00;4813
3/12/2019;B;11:00:00;4617
4/12/2019;B;11:00:00;4949
5/12/2019;B;11:00:00;5170
6/12/2019;B;11:00:00;5079
7/12/2019;B;11:00:00;5426
8/12/2019;B;11:00:00;3295
9/12/2019;B;11:00:00;4693
10/12/2019;B;11:00:00;4882
11/12/2019;B;11:00:00;4983
12/12/2019;B;11:00:00;4736
13/12/2019;B;11:00:00;4956
14/12/2019;B;11:00:00;5643
15/12/2019;B;11:00:00;4209
16/12/2019;B;11:00:00;4794
17/12/2019;B;11:00:00;4939
18/12/2019;B;11:00:00;4838
19/12/2019;B;11:00:00;4963
20/12/2019;B;11:00:00;5062
21/12/2019;B;11:00:00;5743
22/12/2019;B;11:00:00;4266
23/12/2019;B;11:00:00;5396
24/12/2019;B;11:00:00;4347
25/12/2019;B;11:00:00;1735
26/12/2019;B;11:00:00;4250
27/12/2019;B;11:00:00;4631
28/12/2019;B;11:00:00;4908
29/12/2019;B;11:00:00;3392
30/12/2019;B;11:00:00;4782
31/12/2019;B;11:00:00;3984
1/01/2020;A;11:00:00;8488
1/01/2020;B;11:00:00;1600
2/01/2020;A;11:00:00;21813
2/01/2020;B;11:00:00;3824
3/01/2020;A;11:00:00;25711
3/01/2020;B;11:00:00;4477
4/01/2020;A;11:00:00;25332
4/01/2020;B;11:00:00;4251
5/01/2020;A;11:00:00;17044
5/01/2020;B;11:00:00;3375
6/01/2020;A;11:00:00;15146
6/01/2020;B;11:00:00;2799
7/01/2020;A;11:00:00;28151
7/01/2020;B;11:00:00;4393
8/01/2020;A;11:00:00;25985
8/01/2020;B;11:00:00;4147
9/01/2020;A;11:00:00;25608
9/01/2020;B;11:00:00;3954
10/01/2020;A;11:00:00;25916
10/01/2020;B;11:00:00;4338
11/01/2020;A;11:00:00;25846
11/01/2020;B;11:00:00;4104
12/01/2020;A;11:00:00;15055
12/01/2020;B;11:00:00;2685
13/01/2020;A;11:00:00;26155
13/01/2020;B;11:00:00;4038
14/01/2020;A;11:00:00;26638
14/01/2020;B;11:00:00;3957
15/01/2020;A;11:00:00;25826
15/01/2020;B;11:00:00;3984
16/01/2020;A;11:00:00;26356
16/01/2020;B;11:00:00;4112
17/01/2020;A;11:00:00;26809
17/01/2020;B;11:00:00;4183
18/01/2020;A;11:00:00;28430
18/01/2020;B;11:00:00;4510
19/01/2020;A;11:00:00;15612
19/01/2020;B;11:00:00;2780
20/01/2020;A;11:00:00;27322
20/01/2020;B;11:00:00;4204
21/01/2020;A;11:00:00;28138
21/01/2020;B;11:00:00;4226
22/01/2020;A;11:00:00;27046
22/01/2020;B;11:00:00;4223
23/01/2020;A;11:00:00;26172
23/01/2020;B;11:00:00;4295
24/01/2020;A;11:00:00;26751
24/01/2020;B;11:00:00;4044
25/01/2020;A;11:00:00;28227
25/01/2020;B;11:00:00;4775
26/01/2020;A;11:00:00;15150
26/01/2020;B;11:00:00;2962
27/01/2020;A;11:00:00;26947
27/01/2020;B;11:00:00;4401
28/01/2020;A;11:00:00;24802
28/01/2020;B;11:00:00;4277
29/01/2020;A;11:00:00;26697
29/01/2020;B;11:00:00;4194
30/01/2020;A;11:00:00;26597
30/01/2020;B;11:00:00;4235
31/01/2020;A;11:00:00;27854
31/01/2020;B;11:00:00;4324
1/02/2020;A;11:00:00;29659
1/02/2020;B;11:00:00;4850
2/02/2020;A;11:00:00;15977
2/02/2020;B;11:00:00;2982
3/02/2020;A;11:00:00;29715
3/02/2020;B;11:00:00;4568
4/02/2020;A;11:00:00;30026
4/02/2020;B;11:00:00;4575
5/02/2020;A;11:00:00;29113
5/02/2020;B;11:00:00;4531
6/02/2020;A;11:00:00;28571
6/02/2020;B;11:00:00;4590
7/02/2020;A;11:00:00;29239
7/02/2020;B;11:00:00;4579
8/02/2020;A;11:00:00;29349
8/02/2020;B;11:00:00;4827
9/02/2020;A;11:00:00;14813
9/02/2020;B;11:00:00;2623
10/02/2020;A;11:00:00;29605
10/02/2020;B;11:00:00;4676
11/02/2020;A;11:00:00;29694
11/02/2020;B;11:00:00;4501
12/02/2020;A;11:00:00;29433
12/02/2020;B;11:00:00;4728
13/02/2020;A;11:00:00;29376
13/02/2020;B;11:00:00;4433
14/02/2020;A;11:00:00;28037
14/02/2020;B;11:00:00;4568
15/02/2020;A;11:00:00;29105
15/02/2020;B;11:00:00;4926
16/02/2020;A;11:00:00;15253
16/02/2020;B;11:00:00;3160
17/02/2020;A;11:00:00;58268
17/02/2020;B;11:00:00;9268
18/02/2020;A;11:00:00;59686
18/02/2020;B;11:00:00;9234
19/02/2020;A;11:00:00;28843
19/02/2020;B;11:00:00;4493
20/02/2020;A;11:00:00;31192
20/02/2020;B;11:00:00;4701
21/02/2020;A;11:00:00;30722
21/02/2020;B;11:00:00;4620
22/02/2020;A;11:00:00;29856
22/02/2020;B;11:00:00;5069
23/02/2020;A;11:00:00;16186
23/02/2020;B;11:00:00;3030
24/02/2020;A;11:00:00;28858
24/02/2020;B;11:00:00;4410
25/02/2020;A;11:00:00;29369
25/02/2020;B;11:00:00;4384
26/02/2020;A;11:00:00;27558
26/02/2020;B;11:00:00;4463
27/02/2020;A;11:00:00;27985
27/02/2020;B;11:00:00;4549
28/02/2020;A;11:00:00;29575
28/02/2020;B;11:00:00;4716
29/02/2020;A;11:00:00;31453
29/02/2020;B;11:00:00;5275
1/03/2020;A;11:00:00;16358
1/03/2020;B;11:00:00;2977
2/03/2020;A;11:00:00;29540
2/03/2020;B;11:00:00;4568
3/03/2020;A;11:00:00;30005
3/03/2020;B;11:00:00;4661
4/03/2020;A;11:00:00;30061
4/03/2020;B;11:00:00;4743
5/03/2020;A;11:00:00;30087
5/03/2020;B;11:00:00;4607
6/03/2020;A;11:00:00;30699
6/03/2020;B;11:00:00;4487
7/03/2020;A;11:00:00;30754
7/03/2020;B;11:00:00;5189
8/03/2020;A;11:00:00;15061
8/03/2020;B;11:00:00;2576
9/03/2020;A;11:00:00;28702
9/03/2020;B;11:00:00;4465
10/03/2020;A;11:00:00;29421
10/03/2020;B;11:00:00;4455
11/03/2020;A;11:00:00;30802
11/03/2020;B;11:00:00;4866
12/03/2020;A;11:00:00;28550
12/03/2020;B;11:00:00;4572
13/03/2020;A;11:00:00;28913
13/03/2020;B;11:00:00;4574
14/03/2020;A;11:00:00;25653
14/03/2020;B;11:00:00;4052
15/03/2020;A;11:00:00;12052
15/03/2020;B;11:00:00;2114
16/03/2020;A;11:00:00;20688
16/03/2020;B;11:00:00;3132
17/03/2020;A;11:00:00;16973
17/03/2020;B;11:00:00;2492
18/03/2020;A;11:00:00;14551
18/03/2020;B;11:00:00;2160
19/03/2020;A;11:00:00;12898
19/03/2020;B;11:00:00;1970
20/03/2020;A;11:00:00;12923
20/03/2020;B;11:00:00;1920
21/03/2020;A;11:00:00;3003
21/03/2020;B;11:00:00;428
22/03/2020;A;11:00:00;1750
22/03/2020;B;11:00:00;234
23/03/2020;A;11:00:00;2100
23/03/2020;B;11:00:00;359
24/03/2020;A;11:00:00;9307
24/03/2020;B;11:00:00;1440
25/03/2020;A;11:00:00;3195
25/03/2020;B;11:00:00;463
26/03/2020;A;11:00:00;3028
26/03/2020;B;11:00:00;480
27/03/2020;A;11:00:00;3297
27/03/2020;B;11:00:00;492
28/03/2020;A;11:00:00;2777
28/03/2020;B;11:00:00;394
29/03/2020;A;11:00:00;1010
29/03/2020;B;11:00:00;131
30/03/2020;A;11:00:00;3431
30/03/2020;B;11:00:00;506
31/03/2020;A;11:00:00;3202
31/03/2020;B;11:00:00;485
1/04/2020;A;11:00:00;3463
1/04/2020;B;11:00:00;517
2/04/2020;A;11:00:00;3078
2/04/2020;B;11:00:00;448
3/04/2020;A;11:00:00;3393
3/04/2020;B;11:00:00;527
4/04/2020;A;11:00:00;2934
4/04/2020;B;11:00:00;437
5/04/2020;A;11:00:00;1249
5/04/2020;B;11:00:00;167
6/04/2020;A;11:00:00;3456
6/04/2020;B;11:00:00;580
7/04/2020;A;11:00:00;3452
7/04/2020;B;11:00:00;557
8/04/2020;A;11:00:00;3771
8/04/2020;B;11:00:00;573
9/04/2020;A;11:00:00;1624
9/04/2020;B;11:00:00;295
10/04/2020;A;11:00:00;1188
10/04/2020;B;11:00:00;243
11/04/2020;A;11:00:00;2279
11/04/2020;B;11:00:00;395
12/04/2020;A;11:00:00;1078
12/04/2020;B;11:00:00;205
13/04/2020;A;11:00:00;3757
13/04/2020;B;11:00:00;616
14/04/2020;A;11:00:00;3375
14/04/2020;B;11:00:00;525
15/04/2020;A;11:00:00;3627
15/04/2020;B;11:00:00;584
16/04/2020;A;11:00:00;3801
16/04/2020;B;11:00:00;582
17/04/2020;A;11:00:00;3747
17/04/2020;B;11:00:00;588
18/04/2020;A;11:00:00;3176
18/04/2020;B;11:00:00;507
19/04/2020;A;11:00:00;1436
19/04/2020;B;11:00:00;241
20/04/2020;A;11:00:00;3524
20/04/2020;B;11:00:00;625
21/04/2020;A;11:00:00;3520
21/04/2020;B;11:00:00;579
22/04/2020;A;11:00:00;3572
22/04/2020;B;11:00:00;557
23/04/2020;A;11:00:00;3754
23/04/2020;B;11:00:00;620
24/04/2020;A;11:00:00;3931
24/04/2020;B;11:00:00;653
25/04/2020;A;11:00:00;3335
25/04/2020;B;11:00:00;467
26/04/2020;A;11:00:00;1613
26/04/2020;B;11:00:00;315
27/04/2020;A;11:00:00;3480
27/04/2020;B;11:00:00;603
28/04/2020;A;11:00:00;3572
28/04/2020;B;11:00:00;568
29/04/2020;A;11:00:00;3781
29/04/2020;B;11:00:00;595
30/04/2020;A;11:00:00;4220
30/04/2020;B;11:00:00;604
1/05/2020;A;11:00:00;2093
1/05/2020;B;11:00:00;326
2/05/2020;A;11:00:00;3748
2/05/2020;B;11:00:00;526
3/05/2020;A;11:00:00;1766
3/05/2020;B;11:00:00;319
4/05/2020;A;11:00:00;4141
4/05/2020;B;11:00:00;637
5/05/2020;A;11:00:00;4152
5/05/2020;B;11:00:00;654
6/05/2020;A;11:00:00;4364
6/05/2020;B;11:00:00;685
7/05/2020;A;11:00:00;4357
7/05/2020;B;11:00:00;697
8/05/2020;A;11:00:00;4601
8/05/2020;B;11:00:00;721
9/05/2020;A;11:00:00;4462
9/05/2020;B;11:00:00;590
10/05/2020;A;11:00:00;1519
10/05/2020;B;11:00:00;310
11/05/2020;A;11:00:00;4311
11/05/2020;B;11:00:00;685
12/05/2020;A;11:00:00;4614
12/05/2020;B;11:00:00;677
13/05/2020;A;11:00:00;4539
13/05/2020;B;11:00:00;719
14/05/2020;A;11:00:00;4725
14/05/2020;B;11:00:00;769
15/05/2020;A;11:00:00;4892
15/05/2020;B;11:00:00;828
16/05/2020;A;11:00:00;5581
16/05/2020;B;11:00:00;706
17/05/2020;A;11:00:00;2204
17/05/2020;B;11:00:00;353
18/05/2020;A;11:00:00;4964
18/05/2020;B;11:00:00;770
19/05/2020;A;11:00:00;4510
19/05/2020;B;11:00:00;787
20/05/2020;A;11:00:00;5011
20/05/2020;B;11:00:00;821
21/05/2020;A;11:00:00;5273
21/05/2020;B;11:00:00;835
22/05/2020;A;11:00:00;5350
22/05/2020;B;11:00:00;843
23/05/2020;A;11:00:00;5730
23/05/2020;B;11:00:00;871
24/05/2020;A;11:00:00;2263
24/05/2020;B;11:00:00;372
25/05/2020;A;11:00:00;1958
25/05/2020;B;11:00:00;334
26/05/2020;A;11:00:00;5158
26/05/2020;B;11:00:00;838
27/05/2020;A;11:00:00;5167
27/05/2020;B;11:00:00;821
28/05/2020;A;11:00:00;5350
28/05/2020;B;11:00:00;776
29/05/2020;A;11:00:00;5669
29/05/2020;B;11:00:00;829
30/05/2020;A;11:00:00;5884
30/05/2020;B;11:00:00;809
31/05/2020;A;11:00:00;2494
31/05/2020;B;11:00:00;421
1/06/2020;A;11:00:00;6443
1/06/2020;B;11:00:00;990
2/06/2020;A;11:00:00;7008
2/06/2020;B;11:00:00;1118
3/06/2020;A;11:00:00;6456
3/06/2020;B;11:00:00;962
4/06/2020;A;11:00:00;6582
4/06/2020;B;11:00:00;1008
5/06/2020;A;11:00:00;6946
5/06/2020;B;11:00:00;1052
6/06/2020;A;11:00:00;7328
6/06/2020;B;11:00:00;1068
7/06/2020;A;11:00:00;2985
7/06/2020;B;11:00:00;474
8/06/2020;A;11:00:00;6533
8/06/2020;B;11:00:00;1000
9/06/2020;A;11:00:00;7057
9/06/2020;B;11:00:00;1068
10/06/2020;A;11:00:00;6975
10/06/2020;B;11:00:00;994
11/06/2020;A;11:00:00;7033
11/06/2020;B;11:00:00;1054
12/06/2020;A;11:00:00;7571
12/06/2020;B;11:00:00;1132
14/06/2020;A;11:00:00;3432
14/06/2020;B;11:00:00;575
15/06/2020;A;11:00:00;3162
15/06/2020;B;11:00:00;562
16/06/2020;A;11:00:00;8001
16/06/2020;B;11:00:00;1272
17/06/2020;A;11:00:00;7617
17/06/2020;B;11:00:00;1246
18/06/2020;A;11:00:00;7925
18/06/2020;B;11:00:00;1201
19/06/2020;A;11:00:00;9646
19/06/2020;B;11:00:00;1519
20/06/2020;A;11:00:00;8402
20/06/2020;B;11:00:00;1249
21/06/2020;A;11:00:00;3779
21/06/2020;B;11:00:00;643
22/06/2020;A;11:00:00;3131
22/06/2020;B;11:00:00;518
23/06/2020;A;11:00:00;7910
23/06/2020;B;11:00:00;1187
24/06/2020;A;11:00:00;7926
24/06/2020;B;11:00:00;1214
25/06/2020;A;11:00:00;7856
25/06/2020;B;11:00:00;1232
26/06/2020;A;11:00:00;8179
26/06/2020;B;11:00:00;1244
27/06/2020;A;11:00:00;8683
27/06/2020;B;11:00:00;1300
28/06/2020;A;11:00:00;3699
28/06/2020;B;11:00:00;549
29/06/2020;A;11:00:00;3431
29/06/2020;B;11:00:00;593
30/06/2020;A;11:00:00;8195
30/06/2020;B;11:00:00;1296
1/07/2020;A;11:00:00;8830
1/07/2020;B;11:00:00;1378
2/07/2020;A;11:00:00;8439
2/07/2020;B;11:00:00;1351
3/07/2020;A;11:00:00;8134
3/07/2020;B;11:00:00;1301
4/07/2020;A;11:00:00;9063
4/07/2020;B;11:00:00;1320
5/07/2020;A;11:00:00;3783
5/07/2020;B;11:00:00;608
6/07/2020;A;11:00:00;7717
6/07/2020;B;11:00:00;1248
7/07/2020;A;11:00:00;8427
7/07/2020;B;11:00:00;1269
8/07/2020;A;11:00:00;7825
8/07/2020;B;11:00:00;1339
9/07/2020;A;11:00:00;8044
9/07/2020;B;11:00:00;1266
10/07/2020;A;11:00:00;8077
10/07/2020;B;11:00:00;1220
11/07/2020;A;11:00:00;8350
11/07/2020;B;11:00:00;1233
12/07/2020;A;11:00:00;3654
12/07/2020;B;11:00:00;562
13/07/2020;A;11:00:00;6166
13/07/2020;B;11:00:00;1002
14/07/2020;A;11:00:00;6064
14/07/2020;B;11:00:00;959
15/07/2020;A;11:00:00;6137
15/07/2020;B;11:00:00;987
16/07/2020;A;11:00:00;6629
16/07/2020;B;11:00:00;1044
17/07/2020;A;11:00:00;2870
17/07/2020;B;11:00:00;404
18/07/2020;A;11:00:00;2797
18/07/2020;B;11:00:00;424
19/07/2020;A;11:00:00;1182
19/07/2020;B;11:00:00;172
20/07/2020;A;11:00:00;1245
20/07/2020;B;11:00:00;207
21/07/2020;A;11:00:00;6961
21/07/2020;B;11:00:00;1145
22/07/2020;A;11:00:00;6548
22/07/2020;B;11:00:00;1089
23/07/2020;A;11:00:00;5931
23/07/2020;B;11:00:00;926
24/07/2020;A;11:00:00;3138
24/07/2020;B;11:00:00;507
25/07/2020;A;11:00:00;3183
25/07/2020;B;11:00:00;404
26/07/2020;A;11:00:00;1235
26/07/2020;B;11:00:00;183
27/07/2020;A;11:00:00;7035
27/07/2020;B;11:00:00;1148
28/07/2020;A;11:00:00;6821
28/07/2020;B;11:00:00;1157
29/07/2020;A;11:00:00;6895
29/07/2020;B;11:00:00;1037
30/07/2020;A;11:00:00;6591
30/07/2020;B;11:00:00;1055
31/07/2020;A;11:00:00;3243
31/07/2020;B;11:00:00;481
1/08/2020;A;11:00:00;3307
1/08/2020;B;11:00:00;473
2/08/2020;A;11:00:00;1303
2/08/2020;B;11:00:00;207
3/08/2020;A;11:00:00;7088
3/08/2020;B;11:00:00;1115
4/08/2020;A;11:00:00;6255
4/08/2020;B;11:00:00;1117
5/08/2020;A;11:00:00;7561
5/08/2020;B;11:00:00;1178
6/08/2020;A;11:00:00;7736
6/08/2020;B;11:00:00;1268
7/08/2020;A;11:00:00;1796
7/08/2020;B;11:00:00;269
9/08/2020;A;11:00:00;1397
9/08/2020;B;11:00:00;198
10/08/2020;A;11:00:00;7173
10/08/2020;B;11:00:00;1060
11/08/2020;A;11:00:00;6901
11/08/2020;B;11:00:00;1148
12/08/2020;A;11:00:00;6638
12/08/2020;B;11:00:00;1088
13/08/2020;A;11:00:00;6835
13/08/2020;B;11:00:00;1127
14/08/2020;A;11:00:00;6893
14/08/2020;B;11:00:00;1092
15/08/2020;A;11:00:00;3902
15/08/2020;B;11:00:00;575
16/08/2020;A;11:00:00;1482
16/08/2020;B;11:00:00;210
17/08/2020;A;11:00:00;1683
17/08/2020;B;11:00:00;274
18/08/2020;A;11:00:00;7930
18/08/2020;B;11:00:00;1191
19/08/2020;A;11:00:00;7393
19/08/2020;B;11:00:00;1138
20/08/2020;A;11:00:00;14728
20/08/2020;B;11:00:00;2104
21/08/2020;A;11:00:00;7117
21/08/2020;B;11:00:00;1074
22/08/2020;A;11:00:00;7557
22/08/2020;B;11:00:00;1081
23/08/2020;A;11:00:00;2787
23/08/2020;B;11:00:00;462
24/08/2020;A;11:00:00;7055
24/08/2020;B;11:00:00;1122
25/08/2020;A;11:00:00;7249
25/08/2020;B;11:00:00;1149
26/08/2020;A;11:00:00;7321
26/08/2020;B;11:00:00;1205
27/08/2020;A;11:00:00;7326
27/08/2020;B;11:00:00;1226
28/08/2020;A;11:00:00;7527
28/08/2020;B;11:00:00;1136
29/08/2020;A;11:00:00;8178
29/08/2020;B;11:00:00;1156
30/08/2020;A;11:00:00;3455
30/08/2020;B;11:00:00;498
31/08/2020;A;11:00:00;8846
31/08/2020;B;11:00:00;1415
1/09/2020;A;11:00:00;10549
1/09/2020;B;11:00:00;1637
2/09/2020;A;11:00:00;10397
2/09/2020;B;11:00:00;1454
3/09/2020;A;11:00:00;10366
3/09/2020;B;11:00:00;1558
4/09/2020;A;11:00:00;10835
4/09/2020;B;11:00:00;1623
5/09/2020;A;11:00:00;12050
5/09/2020;B;11:00:00;1745
6/09/2020;A;11:00:00;5927
6/09/2020;B;11:00:00;996
7/09/2020;A;11:00:00;11316
7/09/2020;B;11:00:00;1835
8/09/2020;A;11:00:00;10946
8/09/2020;B;11:00:00;1749
9/09/2020;A;11:00:00;10986
9/09/2020;B;11:00:00;1654
10/09/2020;A;11:00:00;10785
10/09/2020;B;11:00:00;1708
11/09/2020;A;11:00:00;11215
11/09/2020;B;11:00:00;1724
12/09/2020;A;11:00:00;12450
12/09/2020;B;11:00:00;1970
13/09/2020;A;11:00:00;6433
13/09/2020;B;11:00:00;1174
14/09/2020;A;11:00:00;11321
14/09/2020;B;11:00:00;1803
15/09/2020;A;11:00:00;11028
15/09/2020;B;11:00:00;1761
16/09/2020;A;11:00:00;11999
16/09/2020;B;11:00:00;1794
17/09/2020;A;11:00:00;11756
17/09/2020;B;11:00:00;1797
18/09/2020;A;11:00:00;12398
18/09/2020;B;11:00:00;1875
19/09/2020;A;11:00:00;14099
19/09/2020;B;11:00:00;2160
20/09/2020;A;11:00:00;7202
20/09/2020;B;11:00:00;1165
21/09/2020;A;11:00:00;11965
21/09/2020;B;11:00:00;1903
22/09/2020;A;11:00:00;12141
22/09/2020;B;11:00:00;1864
23/09/2020;A;11:00:00;11857
23/09/2020;B;11:00:00;1936
24/09/2020;A;11:00:00;12048
24/09/2020;B;11:00:00;1886
25/09/2020;A;11:00:00;12328
25/09/2020;B;11:00:00;1897
26/09/2020;A;11:00:00;13922
26/09/2020;B;11:00:00;2091
27/09/2020;A;11:00:00;7346
27/09/2020;B;11:00:00;1353
28/09/2020;A;11:00:00;12236
28/09/2020;B;11:00:00;1988
29/09/2020;A;11:00:00;12282
29/09/2020;B;11:00:00;1959
30/09/2020;A;11:00:00;11977
30/09/2020;B;11:00:00;1855
1/10/2020;A;11:00:00;12953
1/10/2020;B;11:00:00;1976
2/10/2020;A;11:00:00;13355
2/10/2020;B;11:00:00;2006
3/10/2020;A;11:00:00;15572
3/10/2020;B;11:00:00;2365
4/10/2020;A;11:00:00;8487
4/10/2020;B;11:00:00;1632
5/10/2020;A;11:00:00;13594
5/10/2020;B;11:00:00;2108
6/10/2020;A;11:00:00;13459
6/10/2020;B;11:00:00;2103
7/10/2020;A;11:00:00;13222
7/10/2020;B;11:00:00;2003
8/10/2020;A;11:00:00;13275
8/10/2020;B;11:00:00;2160
9/10/2020;A;11:00:00;13930
9/10/2020;B;11:00:00;2217
10/10/2020;A;11:00:00;15102
10/10/2020;B;11:00:00;2340
11/10/2020;A;11:00:00;8780
11/10/2020;B;11:00:00;1665
12/10/2020;A;11:00:00;7048
12/10/2020;B;11:00:00;1258
13/10/2020;A;11:00:00;13606
13/10/2020;B;11:00:00;2107
14/10/2020;A;11:00:00;13424
14/10/2020;B;11:00:00;2012
15/10/2020;A;11:00:00;12890
15/10/2020;B;11:00:00;2031
16/10/2020;A;11:00:00;14211
16/10/2020;B;11:00:00;2180
17/10/2020;A;11:00:00;15264
17/10/2020;B;11:00:00;2335
18/10/2020;A;11:00:00;8342
18/10/2020;B;11:00:00;1574
19/10/2020;A;11:00:00;13540
19/10/2020;B;11:00:00;2147
20/10/2020;A;11:00:00;13367
20/10/2020;B;11:00:00;2080
21/10/2020;A;11:00:00;12845
21/10/2020;B;11:00:00;2155
22/10/2020;A;11:00:00;13323
22/10/2020;B;11:00:00;2070
23/10/2020;A;11:00:00;13655
23/10/2020;B;11:00:00;2134
24/10/2020;A;11:00:00;15503
24/10/2020;B;11:00:00;2372
25/10/2020;A;11:00:00;8160
25/10/2020;B;11:00:00;1459
26/10/2020;A;11:00:00;13487
26/10/2020;B;11:00:00;2100
27/10/2020;A;11:00:00;13654
27/10/2020;B;11:00:00;2085
28/10/2020;A;11:00:00;13317
28/10/2020;B;11:00:00;2139
29/10/2020;A;11:00:00;13229
29/10/2020;B;11:00:00;1897
30/10/2020;A;11:00:00;14233
30/10/2020;B;11:00:00;2197
31/10/2020;A;11:00:00;14488
31/10/2020;B;11:00:00;2368
1/11/2020;A;11:00:00;7410
1/11/2020;B;11:00:00;1400
2/11/2020;A;11:00:00;6411
2/11/2020;B;11:00:00;1192
3/11/2020;A;11:00:00;15202
3/11/2020;B;11:00:00;2361
4/11/2020;A;11:00:00;14112
4/11/2020;B;11:00:00;2292
5/11/2020;A;11:00:00;13847
5/11/2020;B;11:00:00;2275
6/11/2020;A;11:00:00;14184
6/11/2020;B;11:00:00;2243
7/11/2020;A;11:00:00;16336
7/11/2020;B;11:00:00;2624
8/11/2020;A;11:00:00;9156
8/11/2020;B;11:00:00;1914
9/11/2020;A;11:00:00;14382
9/11/2020;B;11:00:00;2195
10/11/2020;A;11:00:00;14402
10/11/2020;B;11:00:00;2145
11/11/2020;A;11:00:00;14207
11/11/2020;B;11:00:00;2284
13/11/2020;A;11:00:00;15058
13/11/2020;B;11:00:00;2298
14/11/2020;A;11:00:00;17383
14/11/2020;B;11:00:00;2584
15/11/2020;A;11:00:00;10694
15/11/2020;B;11:00:00;1828
16/11/2020;A;11:00:00;8184
16/11/2020;B;11:00:00;1392
17/11/2020;A;11:00:00;15821
17/11/2020;B;11:00:00;2538
18/11/2020;A;11:00:00;15298
18/11/2020;B;11:00:00;2434
19/11/2020;A;11:00:00;15631
19/11/2020;B;11:00:00;2252
20/11/2020;A;11:00:00;15688
20/11/2020;B;11:00:00;2437
21/11/2020;A;11:00:00;18102
21/11/2020;B;11:00:00;2829
22/11/2020;A;11:00:00;11432
22/11/2020;B;11:00:00;1866
23/11/2020;A;11:00:00;15354
23/11/2020;B;11:00:00;2508
24/11/2020;A;11:00:00;14816
24/11/2020;B;11:00:00;2240
25/11/2020;A;11:00:00;15780
25/11/2020;B;11:00:00;2526
26/11/2020;A;11:00:00;15729
26/11/2020;B;11:00:00;2451
27/11/2020;A;11:00:00;16426
27/11/2020;B;11:00:00;2525
28/11/2020;A;11:00:00;18467
28/11/2020;B;11:00:00;2869
29/11/2020;A;11:00:00;11263
29/11/2020;B;11:00:00;1891
30/11/2020;A;11:00:00;16549
30/11/2020;B;11:00:00;2550
1/12/2020;A;11:00:00;16893
1/12/2020;B;11:00:00;2546
2/12/2020;A;11:00:00;17242
2/12/2020;B;11:00:00;2492
3/12/2020;A;11:00:00;16895
3/12/2020;B;11:00:00;2780
4/12/2020;A;11:00:00;17717
4/12/2020;B;11:00:00;2771
5/12/2020;A;11:00:00;20191
5/12/2020;B;11:00:00;3017
6/12/2020;A;11:00:00;12317
6/12/2020;B;11:00:00;2267
7/12/2020;A;11:00:00;17960
7/12/2020;B;11:00:00;2937
8/12/2020;A;11:00:00;9965
8/12/2020;B;11:00:00;1751
9/12/2020;A;11:00:00;17872
9/12/2020;B;11:00:00;2693
10/12/2020;A;11:00:00;18109
10/12/2020;B;11:00:00;2702
11/12/2020;A;11:00:00;18189
11/12/2020;B;11:00:00;2791
12/12/2020;A;11:00:00;19703
12/12/2020;B;11:00:00;2913
13/12/2020;A;11:00:00;12151
13/12/2020;B;11:00:00;2143
14/12/2020;A;11:00:00;18027
14/12/2020;B;11:00:00;2679
15/12/2020;A;11:00:00;18001
15/12/2020;B;11:00:00;2670
16/12/2020;A;11:00:00;18885
16/12/2020;B;11:00:00;2809
17/12/2020;A;11:00:00;18498
17/12/2020;B;11:00:00;2858
18/12/2020;A;11:00:00;18432
18/12/2020;B;11:00:00;2883
19/12/2020;A;11:00:00;22059
19/12/2020;B;11:00:00;3340
20/12/2020;A;11:00:00;15154
20/12/2020;B;11:00:00;2565
21/12/2020;A;11:00:00;20889
21/12/2020;B;11:00:00;3311
22/12/2020;A;11:00:00;17128
22/12/2020;B;11:00:00;2518
23/12/2020;A;11:00:00;18636
23/12/2020;B;11:00:00;2811
24/12/2020;A;11:00:00;16119
24/12/2020;B;11:00:00;2354
25/12/2020;A;11:00:00;3142
25/12/2020;B;11:00:00;412
26/12/2020;A;11:00:00;14501
26/12/2020;B;11:00:00;2210
27/12/2020;A;11:00:00;19610
27/12/2020;B;11:00:00;3198
28/12/2020;A;11:00:00;15911
28/12/2020;B;11:00:00;2355
29/12/2020;A;11:00:00;16517
29/12/2020;B;11:00:00;2510
30/12/2020;A;11:00:00;16374
30/12/2020;B;11:00:00;2444
31/12/2020;A;11:00:00;15864
31/12/2020;B;11:00:00;2259
1/01/2021;A;11:00:00;1011
1/01/2021;B;11:00:00;142
2/01/2021;A;11:00:00;3274
2/01/2021;B;11:00:00;345
3/01/2021;A;11:00:00;9709
3/01/2021;B;11:00:00;1597
4/01/2021;A;11:00:00;14846
4/01/2021;B;11:00:00;2217
5/01/2021;A;11:00:00;14446
5/01/2021;B;11:00:00;2296
6/01/2021;A;11:00:00;13622
6/01/2021;B;11:00:00;2162
7/01/2021;A;11:00:00;13604
7/01/2021;B;11:00:00;2098
8/01/2021;A;11:00:00;13724
8/01/2021;B;11:00:00;2180
9/01/2021;A;11:00:00;4389
9/01/2021;B;11:00:00;482
10/01/2021;A;11:00:00;1690
10/01/2021;B;11:00:00;218
11/01/2021;A;11:00:00;1812
11/01/2021;B;11:00:00;263
12/01/2021;A;11:00:00;15805
12/01/2021;B;11:00:00;2397
13/01/2021;A;11:00:00;14651
13/01/2021;B;11:00:00;2254
14/01/2021;A;11:00:00;14751
14/01/2021;B;11:00:00;2249
15/01/2021;A;11:00:00;14375
15/01/2021;B;11:00:00;2214
16/01/2021;A;11:00:00;7575
16/01/2021;B;11:00:00;816
17/01/2021;A;11:00:00;2395
17/01/2021;B;11:00:00;345
18/01/2021;A;11:00:00;16258
18/01/2021;B;11:00:00;2501
19/01/2021;A;11:00:00;15207
19/01/2021;B;11:00:00;2371
20/01/2021;A;11:00:00;14827
20/01/2021;B;11:00:00;2262
21/01/2021;A;11:00:00;14513
21/01/2021;B;11:00:00;2233
22/01/2021;A;11:00:00;14824
22/01/2021;B;11:00:00;2219
23/01/2021;A;11:00:00;15816
23/01/2021;B;11:00:00;2388
24/01/2021;A;11:00:00;8332
24/01/2021;B;11:00:00;1514
25/01/2021;A;11:00:00;15173
25/01/2021;B;11:00:00;2361
26/01/2021;A;11:00:00;14104
26/01/2021;B;11:00:00;2397
27/01/2021;A;11:00:00;14223
27/01/2021;B;11:00:00;2297
28/01/2021;A;11:00:00;14213
28/01/2021;B;11:00:00;2247
29/01/2021;A;11:00:00;15059
29/01/2021;B;11:00:00;2462
30/01/2021;A;11:00:00;17484
30/01/2021;B;11:00:00;2643
31/01/2021;A;11:00:00;9818
31/01/2021;B;11:00:00;1801
1/02/2021;A;11:00:00;15247
1/02/2021;B;11:00:00;2333
2/02/2021;A;11:00:00;15132
2/02/2021;B;11:00:00;2399
3/02/2021;A;11:00:00;14553
3/02/2021;B;11:00:00;2325
4/02/2021;A;11:00:00;14675
4/02/2021;B;11:00:00;2214
5/02/2021;A;11:00:00;14873
5/02/2021;B;11:00:00;2413
6/02/2021;A;11:00:00;17401
6/02/2021;B;11:00:00;2706
7/02/2021;A;11:00:00;9416
7/02/2021;B;11:00:00;1636
8/02/2021;A;11:00:00;15246
8/02/2021;B;11:00:00;2302
9/02/2021;A;11:00:00;14944
9/02/2021;B;11:00:00;2311
10/02/2021;A;11:00:00;14792
10/02/2021;B;11:00:00;2316
11/02/2021;A;11:00:00;14418
11/02/2021;B;11:00:00;2320
12/02/2021;A;11:00:00;15160
12/02/2021;B;11:00:00;2276
13/02/2021;A;11:00:00;17766
13/02/2021;B;11:00:00;2835
14/02/2021;A;11:00:00;10034
14/02/2021;B;11:00:00;1860
15/02/2021;A;11:00:00;15303
15/02/2021;B;11:00:00;2373
16/02/2021;A;11:00:00;15573
16/02/2021;B;11:00:00;2506
17/02/2021;A;11:00:00;15450
17/02/2021;B;11:00:00;2362
18/02/2021;A;11:00:00;15065
18/02/2021;B;11:00:00;2391
19/02/2021;A;11:00:00;15499
19/02/2021;B;11:00:00;2487
20/02/2021;A;11:00:00;18066
20/02/2021;B;11:00:00;2925
21/02/2021;A;11:00:00;10100
21/02/2021;B;11:00:00;1799
22/02/2021;A;11:00:00;15880
22/02/2021;B;11:00:00;2475
23/02/2021;A;11:00:00;15811
23/02/2021;B;11:00:00;2371
24/02/2021;A;11:00:00;15053
24/02/2021;B;11:00:00;2485
25/02/2021;A;11:00:00;15596
25/02/2021;B;11:00:00;2392
26/02/2021;A;11:00:00;16145
26/02/2021;B;11:00:00;2509
27/02/2021;A;11:00:00;18948
27/02/2021;B;11:00:00;2898
28/02/2021;A;11:00:00;12361
28/02/2021;B;11:00:00;2372
1/03/2021;A;11:00:00;16331
1/03/2021;B;11:00:00;2581
2/03/2021;A;11:00:00;16634
2/03/2021;B;11:00:00;2517
3/03/2021;A;11:00:00;16208
3/03/2021;B;11:00:00;2576
4/03/2021;A;11:00:00;15921
4/03/2021;B;11:00:00;2426
5/03/2021;A;11:00:00;16627
5/03/2021;B;11:00:00;2620
6/03/2021;A;11:00:00;19128
6/03/2021;B;11:00:00;3012
7/03/2021;A;11:00:00;10751
7/03/2021;B;11:00:00;1940
8/03/2021;A;11:00:00;16301
8/03/2021;B;11:00:00;2580
9/03/2021;A;11:00:00;15978
9/03/2021;B;11:00:00;2484
10/03/2021;A;11:00:00;16008
10/03/2021;B;11:00:00;2476
11/03/2021;A;11:00:00;15671
11/03/2021;B;11:00:00;2457
12/03/2021;A;11:00:00;16537
12/03/2021;B;11:00:00;2575
13/03/2021;A;11:00:00;18699
13/03/2021;B;11:00:00;3014
14/03/2021;A;11:00:00;10407
14/03/2021;B;11:00:00;1908
15/03/2021;A;11:00:00;16581
15/03/2021;B;11:00:00;2646
16/03/2021;A;11:00:00;16739
16/03/2021;B;11:00:00;2724
17/03/2021;A;11:00:00;16524
17/03/2021;B;11:00:00;2574
18/03/2021;A;11:00:00;16304
18/03/2021;B;11:00:00;2597
19/03/2021;A;11:00:00;17026
19/03/2021;B;11:00:00;2648
20/03/2021;A;11:00:00;19586
20/03/2021;B;11:00:00;3038
21/03/2021;A;11:00:00;11569
21/03/2021;B;11:00:00;2028
22/03/2021;A;11:00:00;6989
22/03/2021;B;11:00:00;1545
23/03/2021;A;11:00:00;13512
23/03/2021;B;11:00:00;2483
24/03/2021;A;11:00:00;14181
24/03/2021;B;11:00:00;2443
25/03/2021;A;11:00:00;13703
25/03/2021;B;11:00:00;2527
26/03/2021;A;11:00:00;14179
26/03/2021;B;11:00:00;2460
27/03/2021;A;11:00:00;15470
27/03/2021;B;11:00:00;2772
28/03/2021;A;11:00:00;7755
28/03/2021;B;11:00:00;1566
29/03/2021;A;11:00:00;13215
29/03/2021;B;11:00:00;2321
30/03/2021;A;11:00:00;13937
30/03/2021;B;11:00:00;2296
31/03/2021;A;11:00:00;13934
31/03/2021;B;11:00:00;2381
1/04/2021;A;11:00:00;7233
1/04/2021;B;11:00:00;1522
2/04/2021;A;11:00:00;5809
2/04/2021;B;11:00:00;1343
3/04/2021;A;11:00:00;11409
3/04/2021;B;11:00:00;1953
4/04/2021;A;11:00:00;7661
4/04/2021;B;11:00:00;1245
5/04/2021;A;11:00:00;14091
5/04/2021;B;11:00:00;2427
6/04/2021;A;11:00:00;13897
6/04/2021;B;11:00:00;2214
7/04/2021;A;11:00:00;12764
7/04/2021;B;11:00:00;2043
8/04/2021;A;11:00:00;13579
8/04/2021;B;11:00:00;2251
9/04/2021;A;11:00:00;4931
9/04/2021;B;11:00:00;733
10/04/2021;A;11:00:00;5378
10/04/2021;B;11:00:00;792
11/04/2021;A;11:00:00;2060
11/04/2021;B;11:00:00;322
12/04/2021;A;11:00:00;13305
12/04/2021;B;11:00:00;2138
13/04/2021;A;11:00:00;12571
13/04/2021;B;11:00:00;2086
14/04/2021;A;11:00:00;12173
14/04/2021;B;11:00:00;2077
15/04/2021;A;11:00:00;12925
15/04/2021;B;11:00:00;2073
16/04/2021;A;11:00:00;5991
16/04/2021;B;11:00:00;831
17/04/2021;A;11:00:00;6586
17/04/2021;B;11:00:00;831
18/04/2021;A;11:00:00;2390
18/04/2021;B;11:00:00;315
19/04/2021;A;11:00:00;13458
19/04/2021;B;11:00:00;2214
20/04/2021;A;11:00:00;12924
20/04/2021;B;11:00:00;2033
21/04/2021;A;11:00:00;12879
21/04/2021;B;11:00:00;2083
22/04/2021;A;11:00:00;13093
22/04/2021;B;11:00:00;2237
23/04/2021;A;11:00:00;5244
23/04/2021;B;11:00:00;928
24/04/2021;A;11:00:00;7064
24/04/2021;B;11:00:00;878
25/04/2021;A;11:00:00;2718
25/04/2021;B;11:00:00;393
26/04/2021;A;11:00:00;13707
26/04/2021;B;11:00:00;2367
27/04/2021;A;11:00:00;12523
27/04/2021;B;11:00:00;2091
28/04/2021;A;11:00:00;13267
28/04/2021;B;11:00:00;2067
29/04/2021;A;11:00:00;13286
29/04/2021;B;11:00:00;2010
30/04/2021;A;11:00:00;6206
30/04/2021;B;11:00:00;1007
1/05/2021;A;11:00:00;7059
1/05/2021;B;11:00:00;990
2/05/2021;A;11:00:00;1320
2/05/2021;B;11:00:00;210
3/05/2021;A;11:00:00;17052
3/05/2021;B;11:00:00;2572
4/05/2021;A;11:00:00;12918
4/05/2021;B;11:00:00;2144
5/05/2021;A;11:00:00;12169
5/05/2021;B;11:00:00;1968
6/05/2021;A;11:00:00;12456
6/05/2021;B;11:00:00;2003
7/05/2021;A;11:00:00;11841
7/05/2021;B;11:00:00;2068
8/05/2021;A;11:00:00;8021
8/05/2021;B;11:00:00;996
9/05/2021;A;11:00:00;3258
9/05/2021;B;11:00:00;519
10/05/2021;A;11:00:00;14205
10/05/2021;B;11:00:00;2074
11/05/2021;A;11:00:00;14527
11/05/2021;B;11:00:00;2308
12/05/2021;A;11:00:00;13241
12/05/2021;B;11:00:00;2261
13/05/2021;A;11:00:00;13811
13/05/2021;B;11:00:00;2208
14/05/2021;A;11:00:00;14364
14/05/2021;B;11:00:00;2378
15/05/2021;A;11:00:00;15944
15/05/2021;B;11:00:00;2480
16/05/2021;A;11:00:00;8624
16/05/2021;B;11:00:00;1558
17/05/2021;A;11:00:00;7508
17/05/2021;B;11:00:00;1292
18/05/2021;A;11:00:00;15855
18/05/2021;B;11:00:00;2454
19/05/2021;A;11:00:00;13596
19/05/2021;B;11:00:00;2235
20/05/2021;A;11:00:00;14660
20/05/2021;B;11:00:00;2338
21/05/2021;A;11:00:00;14695
21/05/2021;B;11:00:00;2272
22/05/2021;A;11:00:00;16573
22/05/2021;B;11:00:00;2785
23/05/2021;A;11:00:00;8472
23/05/2021;B;11:00:00;1545
24/05/2021;A;11:00:00;14663
24/05/2021;B;11:00:00;2397
25/05/2021;A;11:00:00;15014
25/05/2021;B;11:00:00;2431
26/05/2021;A;11:00:00;14472
26/05/2021;B;11:00:00;2352
27/05/2021;A;11:00:00;14510
27/05/2021;B;11:00:00;2150
28/05/2021;A;11:00:00;15942
28/05/2021;B;11:00:00;2366
29/05/2021;A;11:00:00;17591
29/05/2021;B;11:00:00;2762
30/05/2021;A;11:00:00;9868
30/05/2021;B;11:00:00;1818
31/05/2021;A;11:00:00;14906
31/05/2021;B;11:00:00;2460
1/06/2021;A;11:00:00;16072
1/06/2021;B;11:00:00;2568
2/06/2021;A;11:00:00;16522
2/06/2021;B;11:00:00;2469
3/06/2021;A;11:00:00;15519
3/06/2021;B;11:00:00;2374
4/06/2021;A;11:00:00;15900
4/06/2021;B;11:00:00;2516
5/06/2021;A;11:00:00;18395
5/06/2021;B;11:00:00;2953
6/06/2021;A;11:00:00;10406
6/06/2021;B;11:00:00;1884
7/06/2021;A;11:00:00;8143
7/06/2021;B;11:00:00;1455
8/06/2021;A;11:00:00;16537
8/06/2021;B;11:00:00;2668
9/06/2021;A;11:00:00;17129
9/06/2021;B;11:00:00;2562
10/06/2021;A;11:00:00;15397
10/06/2021;B;11:00:00;2600
11/06/2021;A;11:00:00;16529
11/06/2021;B;11:00:00;2499
12/06/2021;A;11:00:00;18816
12/06/2021;B;11:00:00;3017
13/06/2021;A;11:00:00;11108
13/06/2021;B;11:00:00;2047
14/06/2021;A;11:00:00;8468
14/06/2021;B;11:00:00;1485
15/06/2021;A;11:00:00;17225
15/06/2021;B;11:00:00;2675
16/06/2021;A;11:00:00;17141
16/06/2021;B;11:00:00;2611
17/06/2021;A;11:00:00;10391
17/06/2021;B;11:00:00;2045
18/06/2021;A;11:00:00;17079
18/06/2021;B;11:00:00;2568
19/06/2021;A;11:00:00;19213
19/06/2021;B;11:00:00;3305
20/06/2021;A;11:00:00;11476
20/06/2021;B;11:00:00;2284
21/06/2021;A;11:00:00;16427
21/06/2021;B;11:00:00;2788
22/06/2021;A;11:00:00;15367
22/06/2021;B;11:00:00;2740
23/06/2021;A;11:00:00;16016
23/06/2021;B;11:00:00;2780
24/06/2021;A;11:00:00;15541
24/06/2021;B;11:00:00;2641
25/06/2021;A;11:00:00;16413
25/06/2021;B;11:00:00;2710
26/06/2021;A;11:00:00;18805
26/06/2021;B;11:00:00;3074
27/06/2021;A;11:00:00;10491
27/06/2021;B;11:00:00;2051
28/06/2021;A;11:00:00;16700
28/06/2021;B;11:00:00;2694
29/06/2021;A;11:00:00;16559
29/06/2021;B;11:00:00;2623
30/06/2021;A;11:00:00;16557
30/06/2021;B;11:00:00;2545
1/07/2021;A;11:00:00;16630
1/07/2021;B;11:00:00;2717
2/07/2021;A;11:00:00;17374
2/07/2021;B;11:00:00;2770
3/07/2021;A;11:00:00;20742
3/07/2021;B;11:00:00;3265
4/07/2021;A;11:00:00;13335
4/07/2021;B;11:00:00;2446
5/07/2021;A;11:00:00;10295
5/07/2021;B;11:00:00;1846
6/07/2021;A;11:00:00;17556
6/07/2021;B;11:00:00;2805
7/07/2021;A;11:00:00;17186
7/07/2021;B;11:00:00;2776
8/07/2021;A;11:00:00;17124
8/07/2021;B;11:00:00;2771
9/07/2021;A;11:00:00;17609
9/07/2021;B;11:00:00;2763
10/07/2021;A;11:00:00;19172
10/07/2021;B;11:00:00;3171
11/07/2021;A;11:00:00;10956
11/07/2021;B;11:00:00;1995
12/07/2021;A;11:00:00;16443
12/07/2021;B;11:00:00;2481
13/07/2021;A;11:00:00;16827
13/07/2021;B;11:00:00;2601
14/07/2021;A;11:00:00;16567
14/07/2021;B;11:00:00;2639
15/07/2021;A;11:00:00;16473
15/07/2021;B;11:00:00;2640
16/07/2021;A;11:00:00;17294
16/07/2021;B;11:00:00;2800
17/07/2021;A;11:00:00;19879
17/07/2021;B;11:00:00;3312
18/07/2021;A;11:00:00;11440
18/07/2021;B;11:00:00;2248
19/07/2021;A;11:00:00;17343
19/07/2021;B;11:00:00;2845
20/07/2021;A;11:00:00;8528
20/07/2021;B;11:00:00;1541
21/07/2021;A;11:00:00;18055
21/07/2021;B;11:00:00;2885
22/07/2021;A;11:00:00;17317
22/07/2021;B;11:00:00;2787
23/07/2021;A;11:00:00;17482
23/07/2021;B;11:00:00;2702
24/07/2021;A;11:00:00;19593
24/07/2021;B;11:00:00;3279
25/07/2021;A;11:00:00;9866
25/07/2021;B;11:00:00;1880
26/07/2021;A;11:00:00;17538
26/07/2021;B;11:00:00;2851
27/07/2021;A;11:00:00;16445
27/07/2021;B;11:00:00;2667
28/07/2021;A;11:00:00;17699
28/07/2021;B;11:00:00;2841
29/07/2021;A;11:00:00;17269
29/07/2021;B;11:00:00;2771
30/07/2021;A;11:00:00;18018
30/07/2021;B;11:00:00;2960
31/07/2021;A;11:00:00;21558
31/07/2021;B;11:00:00;3481
1/08/2021;A;11:00:00;10917
1/08/2021;B;11:00:00;2171
2/08/2021;A;11:00:00;18363
2/08/2021;B;11:00:00;2928
3/08/2021;A;11:00:00;18002
3/08/2021;B;11:00:00;2953
4/08/2021;A;11:00:00;17916
4/08/2021;B;11:00:00;2947
5/08/2021;A;11:00:00;18010
5/08/2021;B;11:00:00;2877
6/08/2021;A;11:00:00;19082
6/08/2021;B;11:00:00;2951
7/08/2021;A;11:00:00;15062
7/08/2021;B;11:00:00;2618
8/08/2021;A;11:00:00;11205
8/08/2021;B;11:00:00;2090
9/08/2021;A;11:00:00;18963
9/08/2021;B;11:00:00;2926
10/08/2021;A;11:00:00;18223
10/08/2021;B;11:00:00;2867
11/08/2021;A;11:00:00;18176
11/08/2021;B;11:00:00;3052
12/08/2021;A;11:00:00;18327
12/08/2021;B;11:00:00;2932
13/08/2021;A;11:00:00;18786
13/08/2021;B;11:00:00;3071
14/08/2021;A;11:00:00;19571
14/08/2021;B;11:00:00;3435
15/08/2021;A;11:00:00;13599
15/08/2021;B;11:00:00;2521
16/08/2021;A;11:00:00;10971
16/08/2021;B;11:00:00;2034
17/08/2021;A;11:00:00;20015
17/08/2021;B;11:00:00;3196
18/08/2021;A;11:00:00;19626
18/08/2021;B;11:00:00;3266
19/08/2021;A;11:00:00;18798
19/08/2021;B;11:00:00;3107
20/08/2021;A;11:00:00;19162
20/08/2021;B;11:00:00;3108
21/08/2021;A;11:00:00;21865
21/08/2021;B;11:00:00;3397
22/08/2021;A;11:00:00;12459
22/08/2021;B;11:00:00;2490
23/08/2021;A;11:00:00;18763
23/08/2021;B;11:00:00;3169
24/08/2021;A;11:00:00;18860
24/08/2021;B;11:00:00;3131
25/08/2021;A;11:00:00;18845
25/08/2021;B;11:00:00;3101
26/08/2021;A;11:00:00;19014
26/08/2021;B;11:00:00;3082
27/08/2021;A;11:00:00;19656
27/08/2021;B;11:00:00;3107
28/08/2021;A;11:00:00;21408
28/08/2021;B;11:00:00;3512
29/08/2021;A;11:00:00;11601
29/08/2021;B;11:00:00;2184
30/08/2021;A;11:00:00;19252
30/08/2021;B;11:00:00;3009
31/08/2021;A;11:00:00;19150
31/08/2021;B;11:00:00;3062
1/09/2021;A;11:00:00;19689
1/09/2021;B;11:00:00;3177
2/09/2021;A;11:00:00;19261
2/09/2021;B;11:00:00;3361
3/09/2021;A;11:00:00;20263
3/09/2021;B;11:00:00;3454
4/09/2021;A;11:00:00;22637
4/09/2021;B;11:00:00;3819
5/09/2021;A;11:00:00;12498
5/09/2021;B;11:00:00;2408
6/09/2021;A;11:00:00;19734
6/09/2021;B;11:00:00;3184
7/09/2021;A;11:00:00;19680
7/09/2021;B;11:00:00;3234
8/09/2021;A;11:00:00;19703
8/09/2021;B;11:00:00;3173
9/09/2021;A;11:00:00;19997
9/09/2021;B;11:00:00;3332
10/09/2021;A;11:00:00;20366
10/09/2021;B;11:00:00;3121
11/09/2021;A;11:00:00;21915
11/09/2021;B;11:00:00;3664
12/09/2021;A;11:00:00;11942
12/09/2021;B;11:00:00;2345
13/09/2021;A;11:00:00;19525
13/09/2021;B;11:00:00;3297
14/09/2021;A;11:00:00;19475
14/09/2021;B;11:00:00;3286
15/09/2021;A;11:00:00;19739
15/09/2021;B;11:00:00;3251
16/09/2021;A;11:00:00;20554
16/09/2021;B;11:00:00;3215
17/09/2021;A;11:00:00;21240
17/09/2021;B;11:00:00;3305
18/09/2021;A;11:00:00;22805
18/09/2021;B;11:00:00;3922
19/09/2021;A;11:00:00;12474
19/09/2021;B;11:00:00;2289
20/09/2021;A;11:00:00;19639
20/09/2021;B;11:00:00;3160
21/09/2021;A;11:00:00;20139
21/09/2021;B;11:00:00;3207
22/09/2021;A;11:00:00;19152
22/09/2021;B;11:00:00;3162
23/09/2021;A;11:00:00;19445
23/09/2021;B;11:00:00;3054
24/09/2021;A;11:00:00;20024
24/09/2021;B;11:00:00;3201
25/09/2021;A;11:00:00;22535
25/09/2021;B;11:00:00;3877
26/09/2021;A;11:00:00;12634
26/09/2021;B;11:00:00;2310
27/09/2021;A;11:00:00;19268
27/09/2021;B;11:00:00;3246
28/09/2021;A;11:00:00;19300
28/09/2021;B;11:00:00;2881
29/09/2021;A;11:00:00;19627
29/09/2021;B;11:00:00;3217
30/09/2021;A;11:00:00;19631
30/09/2021;B;11:00:00;3065
1/10/2021;A;11:00:00;21256
1/10/2021;B;11:00:00;3403
2/10/2021;A;11:00:00;22897
2/10/2021;B;11:00:00;3831
3/10/2021;A;11:00:00;13446
3/10/2021;B;11:00:00;2445
4/10/2021;A;11:00:00;20665
4/10/2021;B;11:00:00;3489
5/10/2021;A;11:00:00;19764
5/10/2021;B;11:00:00;3278
6/10/2021;A;11:00:00;20544
6/10/2021;B;11:00:00;3351
7/10/2021;A;11:00:00;20524
7/10/2021;B;11:00:00;3380
8/10/2021;A;11:00:00;21062
8/10/2021;B;11:00:00;3375
9/10/2021;A;11:00:00;22673
9/10/2021;B;11:00:00;3767
10/10/2021;A;11:00:00;12708
10/10/2021;B;11:00:00;2329
11/10/2021;A;11:00:00;19885
11/10/2021;B;11:00:00;3325
12/10/2021;A;11:00:00;21020
12/10/2021;B;11:00:00;3376
13/10/2021;A;11:00:00;20312
13/10/2021;B;11:00:00;3375
14/10/2021;A;11:00:00;20948
14/10/2021;B;11:00:00;3530
15/10/2021;A;11:00:00;21408
15/10/2021;B;11:00:00;3445
16/10/2021;A;11:00:00;24076
16/10/2021;B;11:00:00;3866
17/10/2021;A;11:00:00;14683
17/10/2021;B;11:00:00;2708
18/10/2021;A;11:00:00;11660
18/10/2021;B;11:00:00;2071
19/10/2021;A;11:00:00;21783
19/10/2021;B;11:00:00;3387
20/10/2021;A;11:00:00;21556
20/10/2021;B;11:00:00;3363
21/10/2021;A;11:00:00;20666
21/10/2021;B;11:00:00;3279
22/10/2021;A;11:00:00;21378
22/10/2021;B;11:00:00;3553
23/10/2021;A;11:00:00;23311
23/10/2021;B;11:00:00;3864
24/10/2021;A;11:00:00;12486
24/10/2021;B;11:00:00;2435
25/10/2021;A;11:00:00;20711
25/10/2021;B;11:00:00;3327
26/10/2021;A;11:00:00;20851
26/10/2021;B;11:00:00;3375
27/10/2021;A;11:00:00;20540
27/10/2021;B;11:00:00;3374
28/10/2021;A;11:00:00;21319
28/10/2021;B;11:00:00;3449
29/10/2021;A;11:00:00;21429
29/10/2021;B;11:00:00;3284
30/10/2021;A;11:00:00;24120
30/10/2021;B;11:00:00;4092
31/10/2021;A;11:00:00;13844
31/10/2021;B;11:00:00;2670
1/11/2021;A;11:00:00;11086
1/11/2021;B;11:00:00;2060
2/11/2021;A;11:00:00;9694
2/11/2021;B;11:00:00;3062
3/11/2021;A;11:00:00;21641
3/11/2021;B;11:00:00;3635
4/11/2021;A;11:00:00;20947
4/11/2021;B;11:00:00;3474
5/11/2021;A;11:00:00;21449
5/11/2021;B;11:00:00;3581
6/11/2021;A;11:00:00;23858
6/11/2021;B;11:00:00;3987
7/11/2021;A;11:00:00;12774
7/11/2021;B;11:00:00;2405
8/11/2021;A;11:00:00;21014
8/11/2021;B;11:00:00;3325
9/11/2021;A;11:00:00;21525
9/11/2021;B;11:00:00;3480
10/11/2021;A;11:00:00;22090
10/11/2021;B;11:00:00;3688
11/11/2021;A;11:00:00;21680
11/11/2021;B;11:00:00;3564
12/11/2021;A;11:00:00;22018
12/11/2021;B;11:00:00;3669
13/11/2021;A;11:00:00;24713
13/11/2021;B;11:00:00;3989
14/11/2021;A;11:00:00;15907
14/11/2021;B;11:00:00;3046
15/11/2021;A;11:00:00;10849
15/11/2021;B;11:00:00;2310
16/11/2021;A;11:00:00;23172
16/11/2021;B;11:00:00;3688
17/11/2021;A;11:00:00;22194
17/11/2021;B;11:00:00;3581
18/11/2021;A;11:00:00;22273
18/11/2021;B;11:00:00;3464
19/11/2021;A;11:00:00;23136
19/11/2021;B;11:00:00;3796
20/11/2021;A;11:00:00;16082
20/11/2021;B;11:00:00;3405
21/11/2021;A;11:00:00;13989
21/11/2021;B;11:00:00;2782
22/11/2021;A;11:00:00;21501
22/11/2021;B;11:00:00;3482
23/11/2021;A;11:00:00;21879
23/11/2021;B;11:00:00;3626
24/11/2021;A;11:00:00;22215
24/11/2021;B;11:00:00;3599
25/11/2021;A;11:00:00;21886
25/11/2021;B;11:00:00;3613
26/11/2021;A;11:00:00;23215
26/11/2021;B;11:00:00;3883
27/11/2021;A;11:00:00;24469
27/11/2021;B;11:00:00;3969
28/11/2021;A;11:00:00;13881
28/11/2021;B;11:00:00;2730
29/11/2021;A;11:00:00;22139
29/11/2021;B;11:00:00;3604
30/11/2021;A;11:00:00;24734
30/11/2021;B;11:00:00;3812
1/12/2021;A;11:00:00;23411
1/12/2021;B;11:00:00;3702
2/12/2021;A;11:00:00;23518
2/12/2021;B;11:00:00;3739
3/12/2021;A;11:00:00;26034
3/12/2021;B;11:00:00;4156
4/12/2021;A;11:00:00;26591
4/12/2021;B;11:00:00;4532
5/12/2021;A;11:00:00;15847
5/12/2021;B;11:00:00;3136
6/12/2021;A;11:00:00;23426
6/12/2021;B;11:00:00;3932
7/12/2021;A;11:00:00;24398
7/12/2021;B;11:00:00;3996
8/12/2021;A;11:00:00;13576
8/12/2021;B;11:00:00;2547
9/12/2021;A;11:00:00;24100
9/12/2021;B;11:00:00;3904
10/12/2021;A;11:00:00;24999
10/12/2021;B;11:00:00;3949
11/12/2021;A;11:00:00;26720
11/12/2021;B;11:00:00;4404
12/12/2021;A;11:00:00;15857
12/12/2021;B;11:00:00;3066
13/12/2021;A;11:00:00;24867
13/12/2021;B;11:00:00;3958
14/12/2021;A;11:00:00;24962
14/12/2021;B;11:00:00;3907
15/12/2021;A;11:00:00;24266
15/12/2021;B;11:00:00;3790
16/12/2021;A;11:00:00;25261
16/12/2021;B;11:00:00;4154
17/12/2021;A;11:00:00;25417
17/12/2021;B;11:00:00;4052
18/12/2021;A;11:00:00;28076
18/12/2021;B;11:00:00;4828
19/12/2021;A;11:00:00;19809
19/12/2021;B;11:00:00;3476
20/12/2021;A;11:00:00;25507
20/12/2021;B;11:00:00;4124
21/12/2021;A;11:00:00;26609
21/12/2021;B;11:00:00;4233
22/12/2021;A;11:00:00;26864
22/12/2021;B;11:00:00;4022
23/12/2021;A;11:00:00;27205
23/12/2021;B;11:00:00;4183
24/12/2021;A;11:00:00;24809
24/12/2021;B;11:00:00;3651
25/12/2021;A;11:00:00;8195
25/12/2021;B;11:00:00;1350
26/12/2021;A;11:00:00;12620
26/12/2021;B;11:00:00;2196
27/12/2021;A;11:00:00;22014
27/12/2021;B;11:00:00;3424
28/12/2021;A;11:00:00;22141
28/12/2021;B;11:00:00;3459
29/12/2021;A;11:00:00;22343
29/12/2021;B;11:00:00;3400
30/12/2021;A;11:00:00;22190
30/12/2021;B;11:00:00;3478
31/12/2021;A;11:00:00;20399
31/12/2021;B;11:00:00;3312
1/01/2022;A;11:00:00;6163
1/01/2022;B;11:00:00;1246
2/01/2022;A;11:00:00;10894
2/01/2022;B;11:00:00;1932
3/01/2022;A;11:00:00;18808
3/01/2022;B;11:00:00;3185
4/01/2022;A;11:00:00;19516
4/01/2022;B;11:00:00;3245
5/01/2022;A;11:00:00;19356
5/01/2022;B;11:00:00;3265
6/01/2022;A;11:00:00;19396
6/01/2022;B;11:00:00;3423
7/01/2022;A;11:00:00;19432
7/01/2022;B;11:00:00;3358
8/01/2022;A;11:00:00;19950
8/01/2022;B;11:00:00;3412
9/01/2022;A;11:00:00;12237
9/01/2022;B;11:00:00;2366
10/01/2022;A;11:00:00;10630
10/01/2022;B;11:00:00;1960
11/01/2022;A;11:00:00;20181
11/01/2022;B;11:00:00;3146
12/01/2022;A;11:00:00;19656
12/01/2022;B;11:00:00;3210
13/01/2022;A;11:00:00;19529
13/01/2022;B;11:00:00;3143
14/01/2022;A;11:00:00;20286
14/01/2022;B;11:00:00;3367
15/01/2022;A;11:00:00;21695
15/01/2022;B;11:00:00;3529
16/01/2022;A;11:00:00;12455
16/01/2022;B;11:00:00;2262
17/01/2022;A;11:00:00;21675
17/01/2022;B;11:00:00;3612
18/01/2022;A;11:00:00;21326
18/01/2022;B;11:00:00;3325
19/01/2022;A;11:00:00;20609
19/01/2022;B;11:00:00;3323
20/01/2022;A;11:00:00;20584
20/01/2022;B;11:00:00;3477
21/01/2022;A;11:00:00;21195
21/01/2022;B;11:00:00;3459
22/01/2022;A;11:00:00;22356
22/01/2022;B;11:00:00;3712
23/01/2022;A;11:00:00;12238
23/01/2022;B;11:00:00;2386
24/01/2022;A;11:00:00;21159
24/01/2022;B;11:00:00;3432
25/01/2022;A;11:00:00;21274
25/01/2022;B;11:00:00;3478
26/01/2022;A;11:00:00;20877
26/01/2022;B;11:00:00;3465
27/01/2022;A;11:00:00;20911
27/01/2022;B;11:00:00;3473
28/01/2022;A;11:00:00;21523
28/01/2022;B;11:00:00;3538
29/01/2022;A;11:00:00;22944
29/01/2022;B;11:00:00;3824
30/01/2022;A;11:00:00;13231
30/01/2022;B;11:00:00;2463
31/01/2022;A;11:00:00;22199
31/01/2022;B;11:00:00;3737
1/02/2022;A;11:00:00;23042
1/02/2022;B;11:00:00;3731
2/02/2022;A;11:00:00;22732
2/02/2022;B;11:00:00;3742
3/02/2022;A;11:00:00;21799
3/02/2022;B;11:00:00;3849
4/02/2022;A;11:00:00;22718
4/02/2022;B;11:00:00;3849
5/02/2022;A;11:00:00;24051
5/02/2022;B;11:00:00;4143
6/02/2022;A;11:00:00;13466
6/02/2022;B;11:00:00;2457
7/02/2022;A;11:00:00;23791
7/02/2022;B;11:00:00;4038
8/02/2022;A;11:00:00;23427
8/02/2022;B;11:00:00;4191
9/02/2022;A;11:00:00;23368
9/02/2022;B;11:00:00;4074
10/02/2022;A;11:00:00;23005
10/02/2022;B;11:00:00;5758
11/02/2022;A;11:00:00;23830
11/02/2022;B;11:00:00;3959
12/02/2022;A;11:00:00;24262
12/02/2022;B;11:00:00;4015
13/02/2022;A;11:00:00;12603
13/02/2022;B;11:00:00;2410
14/02/2022;A;11:00:00;23321
14/02/2022;B;11:00:00;3971
15/02/2022;A;11:00:00;23963
15/02/2022;B;11:00:00;4156
16/02/2022;A;11:00:00;23976
16/02/2022;B;11:00:00;4070
17/02/2022;A;11:00:00;24179
17/02/2022;B;11:00:00;4144
18/02/2022;A;11:00:00;24745
18/02/2022;B;11:00:00;4189
19/02/2022;A;11:00:00;25361
19/02/2022;B;11:00:00;4374
20/02/2022;A;11:00:00;13580
20/02/2022;B;11:00:00;2619
21/02/2022;A;11:00:00;23802
21/02/2022;B;11:00:00;4165
22/02/2022;A;11:00:00;23857
22/02/2022;B;11:00:00;4182
23/02/2022;A;11:00:00;23686
23/02/2022;B;11:00:00;3985
24/02/2022;A;11:00:00;23159
24/02/2022;B;11:00:00;3946
25/02/2022;A;11:00:00;24505
25/02/2022;B;11:00:00;4004
26/02/2022;A;11:00:00;24325
26/02/2022;B;11:00:00;4300
27/02/2022;A;11:00:00;12802
27/02/2022;B;11:00:00;2557
28/02/2022;A;11:00:00;23788
28/02/2022;B;11:00:00;4082
1/03/2022;A;11:00:00;25253
1/03/2022;B;11:00:00;4166
2/03/2022;A;11:00:00;23808
2/03/2022;B;11:00:00;3943
3/03/2022;A;11:00:00;24181
3/03/2022;B;11:00:00;4217
4/03/2022;A;11:00:00;25006
4/03/2022;B;11:00:00;4252
5/03/2022;A;11:00:00;24777
5/03/2022;B;11:00:00;4360
6/03/2022;A;11:00:00;12444
6/03/2022;B;11:00:00;2276
7/03/2022;A;11:00:00;24475
7/03/2022;B;11:00:00;4208
8/03/2022;A;11:00:00;24494
8/03/2022;B;11:00:00;4420
9/03/2022;A;11:00:00;23425
9/03/2022;B;11:00:00;4268
10/03/2022;A;11:00:00;23076
10/03/2022;B;11:00:00;4046
11/03/2022;A;11:00:00;24724
11/03/2022;B;11:00:00;4203
12/03/2022;A;11:00:00;24763
12/03/2022;B;11:00:00;4381
13/03/2022;A;11:00:00;411
13/03/2022;B;11:00:00;24
14/03/2022;A;11:00:00;23874
14/03/2022;B;11:00:00;3925
15/03/2022;A;11:00:00;24611
15/03/2022;B;11:00:00;4252
16/03/2022;A;11:00:00;24692
16/03/2022;B;11:00:00;4150
17/03/2022;A;11:00:00;24128
17/03/2022;B;11:00:00;4182
18/03/2022;A;11:00:00;25158
18/03/2022;B;11:00:00;4132
19/03/2022;A;11:00:00;25045
19/03/2022;B;11:00:00;4474
20/03/2022;A;11:00:00;14903
20/03/2022;B;11:00:00;3005
21/03/2022;A;11:00:00;11663
21/03/2022;B;11:00:00;2317
22/03/2022;A;11:00:00;24899
22/03/2022;B;11:00:00;4278
23/03/2022;A;11:00:00;24141
23/03/2022;B;11:00:00;4002
24/03/2022;A;11:00:00;23743
24/03/2022;B;11:00:00;4790
25/03/2022;A;11:00:00;24239
25/03/2022;B;11:00:00;4314
26/03/2022;A;11:00:00;24337
26/03/2022;B;11:00:00;4550
27/03/2022;A;11:00:00;12224
27/03/2022;B;11:00:00;2715
28/03/2022;A;11:00:00;24970
28/03/2022;B;11:00:00;4017
29/03/2022;A;11:00:00;22925
29/03/2022;B;11:00:00;4131
30/03/2022;A;11:00:00;24368
30/03/2022;B;11:00:00;4075
31/03/2022;A;11:00:00;24840
31/03/2022;B;11:00:00;4250
1/04/2022;A;11:00:00;25778
1/04/2022;B;11:00:00;4515
2/04/2022;A;11:00:00;27093
2/04/2022;B;11:00:00;4707
3/04/2022;A;11:00:00;13737
3/04/2022;B;11:00:00;2612
4/04/2022;A;11:00:00;24751
4/04/2022;B;11:00:00;4243
5/04/2022;A;11:00:00;24960
5/04/2022;B;11:00:00;4205
6/04/2022;A;11:00:00;25018
6/04/2022;B;11:00:00;4234
7/04/2022;A;11:00:00;25461
7/04/2022;B;11:00:00;4083
8/04/2022;A;11:00:00;25403
8/04/2022;B;11:00:00;4592
9/04/2022;A;11:00:00;25920
9/04/2022;B;11:00:00;4409
10/04/2022;A;11:00:00;13057
10/04/2022;B;11:00:00;2625
11/04/2022;A;11:00:00;22199
11/04/2022;B;11:00:00;3666
12/04/2022;A;11:00:00;21763
12/04/2022;B;11:00:00;3625
13/04/2022;A;11:00:00;22895
13/04/2022;B;11:00:00;3719
14/04/2022;A;11:00:00;13515
14/04/2022;B;11:00:00;2576
15/04/2022;A;11:00:00;11576
15/04/2022;B;11:00:00;2269
16/04/2022;A;11:00:00;18320
16/04/2022;B;11:00:00;3311
17/04/2022;A;11:00:00;12441
17/04/2022;B;11:00:00;2333
18/04/2022;A;11:00:00;24546
18/04/2022;B;11:00:00;3766
19/04/2022;A;11:00:00;22681
19/04/2022;B;11:00:00;4233
20/04/2022;A;11:00:00;25533
20/04/2022;B;11:00:00;4156
21/04/2022;A;11:00:00;24948
21/04/2022;B;11:00:00;4044
22/04/2022;A;11:00:00;25082
22/04/2022;B;11:00:00;4241
23/04/2022;A;11:00:00;25309
23/04/2022;B;11:00:00;4567
24/04/2022;A;11:00:00;13206
24/04/2022;B;11:00:00;2699
25/04/2022;A;11:00:00;24475
25/04/2022;B;11:00:00;4211
26/04/2022;A;11:00:00;24818
26/04/2022;B;11:00:00;4126
27/04/2022;A;11:00:00;24697
27/04/2022;B;11:00:00;4254
28/04/2022;A;11:00:00;23470
28/04/2022;B;11:00:00;3963
29/04/2022;A;11:00:00;26035
29/04/2022;B;11:00:00;4308
30/04/2022;A;11:00:00;27394
30/04/2022;B;11:00:00;4876
1/05/2022;A;11:00:00;14144
1/05/2022;B;11:00:00;2660
2/05/2022;A;11:00:00;25388
2/05/2022;B;11:00:00;4208
3/05/2022;A;11:00:00;26255
3/05/2022;B;11:00:00;4464
4/05/2022;A;11:00:00;25459
4/05/2022;B;11:00:00;4213
5/05/2022;A;11:00:00;25062
5/05/2022;B;11:00:00;4195
6/05/2022;A;11:00:00;24970
6/05/2022;B;11:00:00;4338
7/05/2022;A;11:00:00;25373
7/05/2022;B;11:00:00;4556
8/05/2022;A;11:00:00;14959
8/05/2022;B;11:00:00;2656
9/05/2022;A;11:00:00;23696
9/05/2022;B;11:00:00;3901
10/05/2022;A;11:00:00;25142
10/05/2022;B;11:00:00;4179
11/05/2022;A;11:00:00;25561
11/05/2022;B;11:00:00;4356
12/05/2022;A;11:00:00;24760
12/05/2022;B;11:00:00;4192
13/05/2022;A;11:00:00;25649
13/05/2022;B;11:00:00;4250
14/05/2022;A;11:00:00;27428
14/05/2022;B;11:00:00;4547
15/05/2022;A;11:00:00;14243
15/05/2022;B;11:00:00;2898
16/05/2022;A;11:00:00;24753
16/05/2022;B;11:00:00;4058
17/05/2022;A;11:00:00;25644
17/05/2022;B;11:00:00;4022
18/05/2022;A;11:00:00;25750
18/05/2022;B;11:00:00;4266
19/05/2022;A;11:00:00;24661
19/05/2022;B;11:00:00;4116
20/05/2022;A;11:00:00;25493
20/05/2022;B;11:00:00;4117
21/05/2022;A;11:00:00;26131
21/05/2022;B;11:00:00;4555
22/05/2022;A;11:00:00;14000
22/05/2022;B;11:00:00;2588
23/05/2022;A;11:00:00;24343
23/05/2022;B;11:00:00;3888
24/05/2022;A;11:00:00;25650
24/05/2022;B;11:00:00;4106
25/05/2022;A;11:00:00;24735
25/05/2022;B;11:00:00;3935
26/05/2022;A;11:00:00;24539
26/05/2022;B;11:00:00;4120
27/05/2022;A;11:00:00;25221
27/05/2022;B;11:00:00;4123
28/05/2022;A;11:00:00;25378
28/05/2022;B;11:00:00;4378
29/05/2022;A;11:00:00;260
29/05/2022;B;11:00:00;76
30/05/2022;A;11:00:00;10736
30/05/2022;B;11:00:00;3287
31/05/2022;A;11:00:00;25474
31/05/2022;B;11:00:00;4128
1/06/2022;A;11:00:00;25293
1/06/2022;B;11:00:00;4041
2/06/2022;A;11:00:00;24376
2/06/2022;B;11:00:00;3902
3/06/2022;A;11:00:00;25010
3/06/2022;B;11:00:00;4111
4/06/2022;A;11:00:00;25808
4/06/2022;B;11:00:00;4562
5/06/2022;A;11:00:00;13388
5/06/2022;B;11:00:00;2617
6/06/2022;A;11:00:00;23695
6/06/2022;B;11:00:00;3912
7/06/2022;A;11:00:00;23884
7/06/2022;B;11:00:00;3695
8/06/2022;A;11:00:00;24141
8/06/2022;B;11:00:00;3903
9/06/2022;A;11:00:00;23794
9/06/2022;B;11:00:00;4301
10/06/2022;A;11:00:00;25166
10/06/2022;B;11:00:00;4138
11/06/2022;A;11:00:00;24272
11/06/2022;B;11:00:00;4216
12/06/2022;A;11:00:00;13605
12/06/2022;B;11:00:00;2724
13/06/2022;A;11:00:00;23003
13/06/2022;B;11:00:00;3818
14/06/2022;A;11:00:00;23908
14/06/2022;B;11:00:00;3981
15/06/2022;A;11:00:00;23933
15/06/2022;B;11:00:00;3813
16/06/2022;A;11:00:00;19249
16/06/2022;B;11:00:00;3750
17/06/2022;A;11:00:00;19290
17/06/2022;B;11:00:00;3976
18/06/2022;A;11:00:00;19363
18/06/2022;B;11:00:00;3989
19/06/2022;A;11:00:00;177
19/06/2022;B;11:00:00;17
20/06/2022;A;11:00:00;8810
20/06/2022;B;11:00:00;1998
21/06/2022;A;11:00:00;19709
21/06/2022;B;11:00:00;4833
22/06/2022;A;11:00:00;24001
22/06/2022;B;11:00:00;4032
23/06/2022;A;11:00:00;23860
23/06/2022;B;11:00:00;3930
24/06/2022;A;11:00:00;25094
24/06/2022;B;11:00:00;4138
25/06/2022;A;11:00:00;25522
25/06/2022;B;11:00:00;4422
26/06/2022;A;11:00:00;14237
26/06/2022;B;11:00:00;2798
27/06/2022;A;11:00:00;12190
27/06/2022;B;11:00:00;2359
28/06/2022;A;11:00:00;24276
28/06/2022;B;11:00:00;3910
29/06/2022;A;11:00:00;24588
29/06/2022;B;11:00:00;3937
30/06/2022;A;11:00:00;24720
30/06/2022;B;11:00:00;3755
1/07/2022;A;11:00:00;25784
1/07/2022;B;11:00:00;4117
2/07/2022;A;11:00:00;27408
2/07/2022;B;11:00:00;4549
3/07/2022;A;11:00:00;18330
3/07/2022;B;11:00:00;3360
4/07/2022;A;11:00:00;13483
4/07/2022;B;11:00:00;2528
5/07/2022;A;11:00:00;25054
5/07/2022;B;11:00:00;3833
6/07/2022;A;11:00:00;23996
6/07/2022;B;11:00:00;3833
7/07/2022;A;11:00:00;23797
7/07/2022;B;11:00:00;3823
8/07/2022;A;11:00:00;24562
8/07/2022;B;11:00:00;3760
9/07/2022;A;11:00:00;26148
9/07/2022;B;11:00:00;4602
10/07/2022;A;11:00:00;14214
10/07/2022;B;11:00:00;3076
11/07/2022;A;11:00:00;22819
11/07/2022;B;11:00:00;3749
12/07/2022;A;11:00:00;23291
12/07/2022;B;11:00:00;3705
13/07/2022;A;11:00:00;22897
13/07/2022;B;11:00:00;3612
14/07/2022;A;11:00:00;22810
14/07/2022;B;11:00:00;3525
15/07/2022;A;11:00:00;23798
15/07/2022;B;11:00:00;3845
16/07/2022;A;11:00:00;26579
16/07/2022;B;11:00:00;4497
17/07/2022;A;11:00:00;14878
17/07/2022;B;11:00:00;2825
18/07/2022;A;11:00:00;24222
18/07/2022;B;11:00:00;3816
19/07/2022;A;11:00:00;24732
19/07/2022;B;11:00:00;4058
20/07/2022;A;11:00:00;13406
20/07/2022;B;11:00:00;2381
21/07/2022;A;11:00:00;24909
21/07/2022;B;11:00:00;3869
22/07/2022;A;11:00:00;24431
22/07/2022;B;11:00:00;3957
23/07/2022;A;11:00:00;23980
23/07/2022;B;11:00:00;3996
24/07/2022;A;11:00:00;12133
24/07/2022;B;11:00:00;2307
25/07/2022;A;11:00:00;24297
25/07/2022;B;11:00:00;3923
26/07/2022;A;11:00:00;24168
26/07/2022;B;11:00:00;4246
27/07/2022;A;11:00:00;23143
27/07/2022;B;11:00:00;4048
28/07/2022;A;11:00:00;23967
28/07/2022;B;11:00:00;3981
29/07/2022;A;11:00:00;24649
29/07/2022;B;11:00:00;3999
30/07/2022;A;11:00:00;25834
30/07/2022;B;11:00:00;4571
31/07/2022;A;11:00:00;13570
31/07/2022;B;11:00:00;2517
1/08/2022;A;11:00:00;24720
1/08/2022;B;11:00:00;4069
2/08/2022;A;11:00:00;25509
2/08/2022;B;11:00:00;4149
3/08/2022;A;11:00:00;25041
3/08/2022;B;11:00:00;4122
4/08/2022;A;11:00:00;24433
4/08/2022;B;11:00:00;4083
5/08/2022;A;11:00:00;24983
5/08/2022;B;11:00:00;4208
6/08/2022;A;11:00:00;25263
6/08/2022;B;11:00:00;4187
7/08/2022;A;11:00:00;13631
7/08/2022;B;11:00:00;2570
8/08/2022;A;11:00:00;24851
8/08/2022;B;11:00:00;4319
9/08/2022;A;11:00:00;25611
9/08/2022;B;11:00:00;4388
10/08/2022;A;11:00:00;25365
10/08/2022;B;11:00:00;4292
11/08/2022;A;11:00:00;24644
11/08/2022;B;11:00:00;4176
12/08/2022;A;11:00:00;26187
12/08/2022;B;11:00:00;4593
13/08/2022;A;11:00:00;32737
13/08/2022;B;11:00:00;5447
14/08/2022;A;11:00:00;20325
14/08/2022;B;11:00:00;4117
15/08/2022;A;11:00:00;19766
15/08/2022;B;11:00:00;3621
16/08/2022;A;11:00:00;27545
16/08/2022;B;11:00:00;11051
17/08/2022;A;11:00:00;26489
17/08/2022;B;11:00:00;4645
18/08/2022;A;11:00:00;26442
18/08/2022;B;11:00:00;4544
19/08/2022;A;11:00:00;26275
19/08/2022;B;11:00:00;4496
20/08/2022;A;11:00:00;26654
20/08/2022;B;11:00:00;4698
21/08/2022;A;11:00:00;13361
21/08/2022;B;11:00:00;2570
22/08/2022;A;11:00:00;26854
22/08/2022;B;11:00:00;4212
23/08/2022;A;11:00:00;26645
23/08/2022;B;11:00:00;4461
24/08/2022;A;11:00:00;26344
24/08/2022;B;11:00:00;4319
25/08/2022;A;11:00:00;26054
25/08/2022;B;11:00:00;4504
26/08/2022;A;11:00:00;26250
26/08/2022;B;11:00:00;4438
27/08/2022;A;11:00:00;27430
27/08/2022;B;11:00:00;4718
28/08/2022;A;11:00:00;14010
28/08/2022;B;11:00:00;2706
29/08/2022;A;11:00:00;25685
29/08/2022;B;11:00:00;4230
30/08/2022;A;11:00:00;25629
30/08/2022;B;11:00:00;4206
31/08/2022;A;11:00:00;26057
31/08/2022;B;11:00:00;4205
1/09/2022;A;11:00:00;26384
1/09/2022;B;11:00:00;4514
2/09/2022;A;11:00:00;27885
2/09/2022;B;11:00:00;4411
3/09/2022;A;11:00:00;28887
3/09/2022;B;11:00:00;4960
4/09/2022;A;11:00:00;15706
4/09/2022;B;11:00:00;3051
5/09/2022;A;11:00:00;25191
5/09/2022;B;11:00:00;4395
6/09/2022;A;11:00:00;26596
6/09/2022;B;11:00:00;4403
7/09/2022;A;11:00:00;26113
7/09/2022;B;11:00:00;4326
8/09/2022;A;11:00:00;26292
8/09/2022;B;11:00:00;4583
9/09/2022;A;11:00:00;26132
9/09/2022;B;11:00:00;4508
10/09/2022;A;11:00:00;27553
10/09/2022;B;11:00:00;4816
11/09/2022;A;11:00:00;14300
11/09/2022;B;11:00:00;2677
12/09/2022;A;11:00:00;25726
12/09/2022;B;11:00:00;4322
13/09/2022;A;11:00:00;26028
13/09/2022;B;11:00:00;4447
14/09/2022;A;11:00:00;26160
14/09/2022;B;11:00:00;4290
15/09/2022;A;11:00:00;26028
15/09/2022;B;11:00:00;4228
16/09/2022;A;11:00:00;26757
16/09/2022;B;11:00:00;4462
17/09/2022;A;11:00:00;28290
17/09/2022;B;11:00:00;4919
18/09/2022;A;11:00:00;14247
18/09/2022;B;11:00:00;2839
19/09/2022;A;11:00:00;24913
19/09/2022;B;11:00:00;3979
20/09/2022;A;11:00:00;26136
20/09/2022;B;11:00:00;4459
21/09/2022;A;11:00:00;25999
21/09/2022;B;11:00:00;4291
22/09/2022;A;11:00:00;25993
22/09/2022;B;11:00:00;4264
23/09/2022;A;11:00:00;26030
23/09/2022;B;11:00:00;4401
24/09/2022;A;11:00:00;28051
24/09/2022;B;11:00:00;4673
25/09/2022;A;11:00:00;14653
25/09/2022;B;11:00:00;3120
26/09/2022;A;11:00:00;26780
26/09/2022;B;11:00:00;4092
27/09/2022;A;11:00:00;25482
27/09/2022;B;11:00:00;4141
28/09/2022;A;11:00:00;23117
28/09/2022;B;11:00:00;4694
29/09/2022;A;11:00:00;25207
29/09/2022;B;11:00:00;4052
30/09/2022;A;11:00:00;25532
30/09/2022;B;11:00:00;4291
1/10/2022;A;11:00:00;28194
1/10/2022;B;11:00:00;4680
2/10/2022;A;11:00:00;15310
2/10/2022;B;11:00:00;2905
3/10/2022;A;11:00:00;25165
3/10/2022;B;11:00:00;4145
4/10/2022;A;11:00:00;25470
4/10/2022;B;11:00:00;4241
5/10/2022;A;11:00:00;25409
5/10/2022;B;11:00:00;4262
6/10/2022;A;11:00:00;25975
6/10/2022;B;11:00:00;4201
7/10/2022;A;11:00:00;25598
7/10/2022;B;11:00:00;4389
8/10/2022;A;11:00:00;26723
8/10/2022;B;11:00:00;4514
9/10/2022;A;11:00:00;14460
9/10/2022;B;11:00:00;2918
10/10/2022;A;11:00:00;25944
10/10/2022;B;11:00:00;4250
11/10/2022;A;11:00:00;26623
11/10/2022;B;11:00:00;4459
12/10/2022;A;11:00:00;26382
12/10/2022;B;11:00:00;4484
13/10/2022;A;11:00:00;26697
13/10/2022;B;11:00:00;4669
14/10/2022;A;11:00:00;27188
14/10/2022;B;11:00:00;4594
15/10/2022;A;11:00:00;27964
15/10/2022;B;11:00:00;4875
16/10/2022;A;11:00:00;16200
16/10/2022;B;11:00:00;3134
17/10/2022;A;11:00:00;12958
17/10/2022;B;11:00:00;2353
18/10/2022;A;11:00:00;26823
18/10/2022;B;11:00:00;9171
19/10/2022;A;11:00:00;25378
19/10/2022;B;11:00:00;4435
20/10/2022;A;11:00:00;25564
20/10/2022;B;11:00:00;4499
21/10/2022;A;11:00:00;25504
21/10/2022;B;11:00:00;4511
22/10/2022;A;11:00:00;27816
22/10/2022;B;11:00:00;5177
23/10/2022;A;11:00:00;13881
23/10/2022;B;11:00:00;3109
24/10/2022;A;11:00:00;25954
24/10/2022;B;11:00:00;4199
25/10/2022;A;11:00:00;26314
25/10/2022;B;11:00:00;4262
26/10/2022;A;11:00:00;25692
26/10/2022;B;11:00:00;4313
27/10/2022;A;11:00:00;25673
27/10/2022;B;11:00:00;4371
28/10/2022;A;11:00:00;25852
28/10/2022;B;11:00:00;4220
29/10/2022;A;11:00:00;29413
29/10/2022;B;11:00:00;4829
30/10/2022;A;11:00:00;12900
30/10/2022;B;11:00:00;2476
31/10/2022;A;11:00:00;25383
31/10/2022;B;11:00:00;4084
1/11/2022;A;11:00:00;25600
1/11/2022;B;11:00:00;4059
2/11/2022;A;11:00:00;25991
2/11/2022;B;11:00:00;4291
3/11/2022;A;11:00:00;26011
3/11/2022;B;11:00:00;4116
4/11/2022;A;11:00:00;26310
4/11/2022;B;11:00:00;4174
5/11/2022;A;11:00:00;28333
5/11/2022;B;11:00:00;4553
6/11/2022;A;11:00:00;14341
6/11/2022;B;11:00:00;2822
7/11/2022;A;11:00:00;12152
7/11/2022;B;11:00:00;1960
8/11/2022;A;11:00:00;26670
8/11/2022;B;11:00:00;4155
9/11/2022;A;11:00:00;26247
9/11/2022;B;11:00:00;4363
10/11/2022;A;11:00:00;25198
10/11/2022;B;11:00:00;4128
11/11/2022;A;11:00:00;26518
11/11/2022;B;11:00:00;4322
12/11/2022;A;11:00:00;26901
12/11/2022;B;11:00:00;4434
13/11/2022;A;11:00:00;14597
13/11/2022;B;11:00:00;2873
14/11/2022;A;11:00:00;11500
14/11/2022;B;11:00:00;2068
15/11/2022;A;11:00:00;27912
15/11/2022;B;11:00:00;4310
16/11/2022;A;11:00:00;26614
16/11/2022;B;11:00:00;4137
17/11/2022;A;11:00:00;25947
17/11/2022;B;11:00:00;4135
18/11/2022;A;11:00:00;26584
18/11/2022;B;11:00:00;4249
19/11/2022;A;11:00:00;28171
19/11/2022;B;11:00:00;4791
20/11/2022;A;11:00:00;13577
20/11/2022;B;11:00:00;2504
21/11/2022;A;11:00:00;25542
21/11/2022;B;11:00:00;3944
22/11/2022;A;11:00:00;25474
22/11/2022;B;11:00:00;4074
23/11/2022;A;11:00:00;24810
23/11/2022;B;11:00:00;3909
24/11/2022;A;11:00:00;24877
24/11/2022;B;11:00:00;3949
25/11/2022;A;11:00:00;26456
25/11/2022;B;11:00:00;4048
26/11/2022;A;11:00:00;26944
26/11/2022;B;11:00:00;4376
27/11/2022;A;11:00:00;14582
27/11/2022;B;11:00:00;2625
28/11/2022;A;11:00:00;24823
28/11/2022;B;11:00:00;4064
29/11/2022;A;11:00:00;25264
29/11/2022;B;11:00:00;3994
30/11/2022;A;11:00:00;25597
30/11/2022;B;11:00:00;3837
1/12/2022;A;11:00:00;26246
1/12/2022;B;11:00:00;4118
2/12/2022;A;11:00:00;25996
2/12/2022;B;11:00:00;4181
3/12/2022;A;11:00:00;28908
3/12/2022;B;11:00:00;4720
4/12/2022;A;11:00:00;15829
4/12/2022;B;11:00:00;2848
5/12/2022;A;11:00:00;26817
5/12/2022;B;11:00:00;4022
6/12/2022;A;11:00:00;27097
6/12/2022;B;11:00:00;4100
7/12/2022;A;11:00:00;26753
7/12/2022;B;11:00:00;4123
8/12/2022;A;11:00:00;14177
8/12/2022;B;11:00:00;2431
9/12/2022;A;11:00:00;26559
9/12/2022;B;11:00:00;3965
10/12/2022;A;11:00:00;26363
10/12/2022;B;11:00:00;4483
11/12/2022;A;11:00:00;15864
11/12/2022;B;11:00:00;2983
12/12/2022;A;11:00:00;26223
12/12/2022;B;11:00:00;3919
13/12/2022;A;11:00:00;26711
13/12/2022;B;11:00:00;3869
14/12/2022;A;11:00:00;25917
14/12/2022;B;11:00:00;3962
15/12/2022;A;11:00:00;25650
15/12/2022;B;11:00:00;3868
16/12/2022;A;11:00:00;27577
16/12/2022;B;11:00:00;4084
17/12/2022;A;11:00:00;30448
17/12/2022;B;11:00:00;4873
18/12/2022;A;11:00:00;16138
18/12/2022;B;11:00:00;2669
19/12/2022;A;11:00:00;26779
19/12/2022;B;11:00:00;4049
20/12/2022;A;11:00:00;27803
20/12/2022;B;11:00:00;4084
21/12/2022;A;11:00:00;27463
21/12/2022;B;11:00:00;4193
22/12/2022;A;11:00:00;27728
22/12/2022;B;11:00:00;4323
23/12/2022;A;11:00:00;27889
23/12/2022;B;11:00:00;4324
24/12/2022;A;11:00:00;24984
24/12/2022;B;11:00:00;3804
25/12/2022;A;11:00:00;8622
25/12/2022;B;11:00:00;1381
26/12/2022;A;11:00:00;21201
26/12/2022;B;11:00:00;3098
27/12/2022;A;11:00:00;21822
27/12/2022;B;11:00:00;3278
28/12/2022;A;11:00:00;22902
28/12/2022;B;11:00:00;3480
29/12/2022;A;11:00:00;22529
29/12/2022;B;11:00:00;3621
30/12/2022;A;11:00:00;23495
30/12/2022;B;11:00:00;3641
31/12/2022;A;11:00:00;19014
31/12/2022;B;11:00:00;2943
1/01/2023;A;11:00:00;7629
1/01/2024;B;11:00:00;1228
1/02/2023;A;11:00:00;18134
1/02/2023;B;11:00:00;3024
1/03/2023;A;11:00:00;19335
1/03/2023;B;11:00:00;3389
1/04/2023;A;11:00:00;22239
1/04/2023;B;11:00:00;3599
1/05/2023;A;11:00:00;21678
1/05/2023;B;11:00:00;3889
1/06/2023;A;11:00:00;22609
1/06/2023;B;11:00:00;3945
1/07/2023;A;11:00:00;22881
1/07/2023;B;11:00:00;4050
1/08/2023;A;11:00:00;14929
1/08/2023;B;11:00:00;2821
1/09/2023;A;11:00:00;12811
1/09/2023;B;11:00:00;2686
1/10/2023;A;11:00:00;22119
1/10/2023;B;11:00:00;3711
1/11/2023;A;11:00:00;22890
1/11/2023;B;11:00:00;3652
1/12/2023;A;11:00:00;22798
1/12/2023;B;11:00:00;3624
13/01/2023;A;11:00:00;22839
13/01/2023;B;11:00:00;3664
14/01/2023;A;11:00:00;24737
14/01/2023;B;11:00:00;4037
15/01/2023;A;11:00:00;14272
15/01/2023;B;11:00:00;2755
16/01/2023;A;11:00:00;24666
16/01/2023;B;11:00:00;3746
17/01/2023;A;11:00:00;24219
17/01/2023;B;11:00:00;3968
18/01/2023;A;11:00:00;24032
18/01/2023;B;11:00:00;3855
19/01/2023;A;11:00:00;22917
19/01/2023;B;11:00:00;3913
20/01/2023;A;11:00:00;24590
20/01/2023;B;11:00:00;3940
21/01/2023;A;11:00:00;25891
21/01/2023;B;11:00:00;4115
22/01/2023;A;11:00:00;13397
22/01/2023;B;11:00:00;2670
23/01/2023;A;11:00:00;24841
23/01/2023;B;11:00:00;3966
24/01/2023;A;11:00:00;24588
24/01/2023;B;11:00:00;3886
25/01/2023;A;11:00:00;23434
25/01/2023;B;11:00:00;3887
26/01/2023;A;11:00:00;23287
26/01/2023;B;11:00:00;3990
27/01/2023;A;11:00:00;24247
27/01/2023;B;11:00:00;3952
28/01/2023;A;11:00:00;25310
28/01/2023;B;11:00:00;4302
29/01/2023;A;11:00:00;13315
29/01/2023;B;11:00:00;2581
30/01/2023;A;11:00:00;23446
30/01/2023;B;11:00:00;3914
31/01/2023;A;11:00:00;24808
31/01/2023;B;11:00:00;4151
2/01/2023;A;11:00:00;25129
2/01/2023;B;11:00:00;3982
2/02/2023;A;11:00:00;24897
2/02/2023;B;11:00:00;4099
2/03/2023;A;11:00:00;25650
2/03/2023;B;11:00:00;4305
2/04/2023;A;11:00:00;26802
2/04/2023;B;11:00:00;4757
2/05/2023;A;11:00:00;14254
2/05/2023;B;11:00:00;2715
2/06/2023;A;11:00:00;26218
2/06/2023;B;11:00:00;4418
2/07/2023;A;11:00:00;27103
2/07/2023;B;11:00:00;4580
2/08/2023;A;11:00:00;26344
2/08/2023;B;11:00:00;4409
2/09/2023;A;11:00:00;26175
2/09/2023;B;11:00:00;4450
2/10/2023;A;11:00:00;26521
2/10/2023;B;11:00:00;4264
2/11/2023;A;11:00:00;26435
2/11/2023;B;11:00:00;4598
2/12/2023;A;11:00:00;12243
2/12/2023;B;11:00:00;2462
13/02/2023;A;11:00:00;25779
13/02/2023;B;11:00:00;4384
14/02/2023;A;11:00:00;25833
14/02/2023;B;11:00:00;4322
15/02/2023;A;11:00:00;27488
15/02/2023;B;11:00:00;4506
16/02/2023;A;11:00:00;26608
16/02/2023;B;11:00:00;4562
17/02/2023;A;11:00:00;26796
17/02/2023;B;11:00:00;4557
18/02/2023;A;11:00:00;27011
18/02/2023;B;11:00:00;4487
19/02/2023;A;11:00:00;14100
19/02/2023;B;11:00:00;2617
20/02/2023;A;11:00:00;26671
20/02/2023;B;11:00:00;4552
21/02/2023;A;11:00:00;26962
21/02/2023;B;11:00:00;4546
22/02/2023;A;11:00:00;24344
22/02/2023;B;11:00:00;4192
23/02/2023;A;11:00:00;25775
23/02/2023;B;11:00:00;4366
24/02/2023;A;11:00:00;26156
24/02/2023;B;11:00:00;4205
25/02/2023;A;11:00:00;26331
25/02/2023;B;11:00:00;4366
26/02/2023;A;11:00:00;13252
26/02/2023;B;11:00:00;2531
27/02/2023;A;11:00:00;26173
27/02/2023;B;11:00:00;4413
28/02/2023;A;11:00:00;28493
28/02/2023;B;11:00:00;4702
3/01/2023;A;11:00:00;27730
3/01/2023;B;11:00:00;4640
3/02/2023;A;11:00:00;27311
3/02/2023;B;11:00:00;4547
3/03/2023;A;11:00:00;27597
3/03/2023;B;11:00:00;4678
3/04/2023;A;11:00:00;27280
3/04/2023;B;11:00:00;4834
3/05/2023;A;11:00:00;13285
3/05/2023;B;11:00:00;2490
3/06/2023;A;11:00:00;26565
3/06/2023;B;11:00:00;4334
3/07/2023;A;11:00:00;27204
3/07/2023;B;11:00:00;4523
3/08/2023;A;11:00:00;26745
3/08/2023;B;11:00:00;4595
3/09/2023;A;11:00:00;27183
3/09/2023;B;11:00:00;4416
3/10/2023;A;11:00:00;26343
3/10/2023;B;11:00:00;4502
3/11/2023;A;11:00:00;26179
3/11/2023;B;11:00:00;4351
3/12/2023;A;11:00:00;13513
3/12/2023;B;11:00:00;2667
13/03/2023;A;11:00:00;25311
13/03/2023;B;11:00:00;4063
14/03/2023;A;11:00:00;26789
14/03/2023;B;11:00:00;4396
15/03/2023;A;11:00:00;26791
15/03/2023;B;11:00:00;4539
16/03/2023;A;11:00:00;28114
16/03/2023;B;11:00:00;4732
17/03/2023;A;11:00:00;26988
17/03/2023;B;11:00:00;4548
18/03/2023;A;11:00:00;27161
18/03/2023;B;11:00:00;4413
19/03/2023;A;11:00:00;14994
19/03/2023;B;11:00:00;2818
20/03/2023;A;11:00:00;12274
20/03/2023;B;11:00:00;2286
21/03/2023;A;11:00:00;27436
21/03/2023;B;11:00:00;4454
22/03/2023;A;11:00:00;26941
22/03/2023;B;11:00:00;4481
23/03/2023;A;11:00:00;26442
23/03/2023;B;11:00:00;4433
24/03/2023;A;11:00:00;26611
24/03/2023;B;11:00:00;4428
25/03/2023;A;11:00:00;25844
25/03/2023;B;11:00:00;4266
26/03/2023;A;11:00:00;12381
26/03/2023;B;11:00:00;2585
27/03/2023;A;11:00:00;25805
27/03/2023;B;11:00:00;5645
28/03/2023;A;11:00:00;26303
28/03/2023;B;11:00:00;4241
29/03/2023;A;11:00:00;26128
29/03/2023;B;11:00:00;4324
30/03/2023;A;11:00:00;26309
30/03/2023;B;11:00:00;4202
31/03/2023;A;11:00:00;26968
31/03/2023;B;11:00:00;4350
4/01/2023;A;11:00:00;27642
4/01/2023;B;11:00:00;4690
4/02/2023;A;11:00:00;13479
4/02/2023;B;11:00:00;2353
4/03/2023;A;11:00:00;23954
4/03/2023;B;11:00:00;3665
4/04/2023;A;11:00:00;23593
4/04/2023;B;11:00:00;3717
4/05/2023;A;11:00:00;24057
4/05/2023;B;11:00:00;3903
4/06/2023;A;11:00:00;13005
4/06/2023;B;11:00:00;2341
4/07/2023;A;11:00:00;11061
4/07/2023;B;11:00:00;2178
4/08/2023;A;11:00:00;18567
4/08/2023;B;11:00:00;3171
4/09/2023;A;11:00:00;12062
4/09/2023;B;11:00:00;1914
4/10/2023;A;11:00:00;25529
4/10/2023;B;11:00:00;4183
4/11/2023;A;11:00:00;25861
4/11/2023;B;11:00:00;4296
4/12/2023;A;11:00:00;25700
4/12/2023;B;11:00:00;4360
13/04/2023;A;11:00:00;25137
13/04/2023;B;11:00:00;4324
14/04/2023;A;11:00:00;25668
14/04/2023;B;11:00:00;4314
15/04/2023;A;11:00:00;27378
15/04/2023;B;11:00:00;4485
16/04/2023;A;11:00:00;14034
16/04/2023;B;11:00:00;2811
17/04/2023;A;11:00:00;26819
17/04/2023;B;11:00:00;4457
18/04/2023;A;11:00:00;27081
18/04/2023;B;11:00:00;4386
19/04/2023;A;11:00:00;27221
19/04/2023;B;11:00:00;4466
20/04/2023;A;11:00:00;26677
20/04/2023;B;11:00:00;4450
21/04/2023;A;11:00:00;26633
21/04/2023;B;11:00:00;4247
22/04/2023;A;11:00:00;27675
22/04/2023;B;11:00:00;4593
23/04/2023;A;11:00:00;13954
23/04/2023;B;11:00:00;2868
24/04/2023;A;11:00:00;25762
24/04/2023;B;11:00:00;4206
25/04/2023;A;11:00:00;26561
25/04/2023;B;11:00:00;4447
26/04/2023;A;11:00:00;26680
26/04/2023;B;11:00:00;4461
27/04/2023;A;11:00:00;26320
27/04/2023;B;11:00:00;4228
28/04/2023;A;11:00:00;26651
28/04/2023;B;11:00:00;4501
29/04/2023;A;11:00:00;28355
29/04/2023;B;11:00:00;4643
30/04/2023;A;11:00:00;15115
30/04/2023;B;11:00:00;2942
5/01/2023;A;11:00:00;12770
5/01/2023;B;11:00:00;2156
5/02/2023;A;11:00:00;27794
5/02/2023;B;11:00:00;4528
5/03/2023;A;11:00:00;27241
5/03/2023;B;11:00:00;4503
5/04/2023;A;11:00:00;26804
5/04/2023;B;11:00:00;4381
5/05/2023;A;11:00:00;27277
5/05/2023;B;11:00:00;4484
5/06/2023;A;11:00:00;28563
5/06/2023;B;11:00:00;4684
5/07/2023;A;11:00:00;13806
5/07/2023;B;11:00:00;2697
5/08/2023;A;11:00:00;26275
5/08/2023;B;11:00:00;4060
5/09/2023;A;11:00:00;26342
5/09/2023;B;11:00:00;4337
5/10/2023;A;11:00:00;26581
5/10/2023;B;11:00:00;4384
5/11/2023;A;11:00:00;26672
5/11/2023;B;11:00:00;4340
5/12/2023;A;11:00:00;27294
5/12/2023;B;11:00:00;4379
13/05/2023;A;11:00:00;28412
13/05/2023;B;11:00:00;4574
14/05/2023;A;11:00:00;15386
14/05/2023;B;11:00:00;2805
15/05/2023;A;11:00:00;24989
15/05/2023;B;11:00:00;3853
16/05/2023;A;11:00:00;26523
16/05/2023;B;11:00:00;4382
17/05/2023;A;11:00:00;26627
17/05/2023;B;11:00:00;4442
18/05/2023;A;11:00:00;26099
18/05/2023;B;11:00:00;4293
19/05/2023;A;11:00:00;27614
19/05/2023;B;11:00:00;4314
20/05/2023;A;11:00:00;27461
20/05/2023;B;11:00:00;4316
21/05/2023;A;11:00:00;12356
21/05/2023;B;11:00:00;2956
22/05/2023;A;11:00:00;12721
22/05/2023;B;11:00:00;2200
23/05/2023;A;11:00:00;26851
23/05/2023;B;11:00:00;4332
24/05/2023;A;11:00:00;26504
24/05/2023;B;11:00:00;4385
25/05/2023;A;11:00:00;25912
25/05/2023;B;11:00:00;4248
26/05/2023;A;11:00:00;27017
26/05/2023;B;11:00:00;4228
27/05/2023;A;11:00:00;26564
27/05/2023;B;11:00:00;4432
28/05/2023;A;11:00:00;12428
28/05/2023;B;11:00:00;2482
29/05/2023;A;11:00:00;24738
29/05/2023;B;11:00:00;3903
30/05/2023;A;11:00:00;25652
30/05/2023;B;11:00:00;3985
31/05/2023;A;11:00:00;25814
31/05/2023;B;11:00:00;3827
6/01/2023;A;11:00:00;25622
6/01/2023;B;11:00:00;4185
6/02/2023;A;11:00:00;26620
6/02/2023;B;11:00:00;4230
6/03/2023;A;11:00:00;27291
6/03/2023;B;11:00:00;4478
6/04/2023;A;11:00:00;13627
6/04/2023;B;11:00:00;2467
6/05/2023;A;11:00:00;24855
6/05/2023;B;11:00:00;3955
6/06/2023;A;11:00:00;25885
6/06/2023;B;11:00:00;3967
6/07/2023;A;11:00:00;26795
6/07/2023;B;11:00:00;4092
6/08/2023;A;11:00:00;24997
6/08/2023;B;11:00:00;3952
6/09/2023;A;11:00:00;25392
6/09/2023;B;11:00:00;3897
6/10/2023;A;11:00:00;27042
6/10/2023;B;11:00:00;4848
6/11/2023;A;11:00:00;14373
6/11/2023;B;11:00:00;2811
6/12/2023;A;11:00:00;11917
6/12/2023;B;11:00:00;2055
13/06/2023;A;11:00:00;25596
13/06/2023;B;11:00:00;4058
14/06/2023;A;11:00:00;24991
14/06/2023;B;11:00:00;3970
15/06/2023;A;11:00:00;25399
15/06/2023;B;11:00:00;4046
16/06/2023;A;11:00:00;26194
16/06/2023;B;11:00:00;4067
17/06/2023;A;11:00:00;28497
17/06/2023;B;11:00:00;4736
18/06/2023;A;11:00:00;16282
18/06/2023;B;11:00:00;2961
19/06/2023;A;11:00:00;12566
19/06/2023;B;11:00:00;2222
20/06/2023;A;11:00:00;29507
20/06/2023;B;11:00:00;4331
21/06/2023;A;11:00:00;25713
21/06/2023;B;11:00:00;4298
22/06/2023;A;11:00:00;25029
22/06/2023;B;11:00:00;4168
23/06/2023;A;11:00:00;25409
23/06/2023;B;11:00:00;3988
24/06/2023;A;11:00:00;26673
24/06/2023;B;11:00:00;4317
25/06/2023;A;11:00:00;14711
25/06/2023;B;11:00:00;2491
26/06/2023;A;11:00:00;23622
26/06/2023;B;11:00:00;3734
27/06/2023;A;11:00:00;25027
27/06/2023;B;11:00:00;3986
28/06/2023;A;11:00:00;24571
28/06/2023;B;11:00:00;3760
29/06/2023;A;11:00:00;24679
29/06/2023;B;11:00:00;4035
30/06/2023;A;11:00:00;25703
30/06/2023;B;11:00:00;4178
7/01/2023;A;11:00:00;28793
7/01/2023;B;11:00:00;4693
7/02/2023;A;11:00:00;19302
7/02/2023;B;11:00:00;3478
7/03/2023;A;11:00:00;13810
7/03/2023;B;11:00:00;2646
7/04/2023;A;11:00:00;25274
7/04/2023;B;11:00:00;3776
7/05/2023;A;11:00:00;24233
7/05/2023;B;11:00:00;3826
7/06/2023;A;11:00:00;24483
7/06/2023;B;11:00:00;3994
7/07/2023;A;11:00:00;25154
7/07/2023;B;11:00:00;4014
7/08/2023;A;11:00:00;26913
7/08/2023;B;11:00:00;4376
7/09/2023;A;11:00:00;14104
7/09/2023;B;11:00:00;2701
7/10/2023;A;11:00:00;24174
7/10/2023;B;11:00:00;3745
7/11/2023;A;11:00:00;24444
7/11/2023;B;11:00:00;3785
7/12/2023;A;11:00:00;23808
7/12/2023;B;11:00:00;3847
13/07/2023;A;11:00:00;23587
13/07/2023;B;11:00:00;3715
14/07/2023;A;11:00:00;24666
14/07/2023;B;11:00:00;3708
15/07/2023;A;11:00:00;28696
15/07/2023;B;11:00:00;4497
16/07/2023;A;11:00:00;14748
16/07/2023;B;11:00:00;2915
17/07/2023;A;11:00:00;25277
17/07/2023;B;11:00:00;3898
18/07/2023;A;11:00:00;25787
18/07/2023;B;11:00:00;3991
19/07/2023;A;11:00:00;27647
19/07/2023;B;11:00:00;4300
20/07/2023;A;11:00:00;14416
20/07/2023;B;11:00:00;2626
21/07/2023;A;11:00:00;26296
21/07/2023;B;11:00:00;4300
22/07/2023;A;11:00:00;27798
22/07/2023;B;11:00:00;4674
23/07/2023;A;11:00:00;13690
23/07/2023;B;11:00:00;2748
24/07/2023;A;11:00:00;25657
24/07/2023;B;11:00:00;3920
25/07/2023;A;11:00:00;25432
25/07/2023;B;11:00:00;4147
26/07/2023;A;11:00:00;24648
26/07/2023;B;11:00:00;4228
27/07/2023;A;11:00:00;25693
27/07/2023;B;11:00:00;4263
28/07/2023;A;11:00:00;25766
28/07/2023;B;11:00:00;4348
29/07/2023;A;11:00:00;29255
29/07/2023;B;11:00:00;4835
30/07/2023;A;11:00:00;14942
30/07/2023;B;11:00:00;2861
31/07/2023;A;11:00:00;25767
31/07/2023;B;11:00:00;4134
8/01/2023;A;11:00:00;27522
8/01/2023;B;11:00:00;4546
8/02/2023;A;11:00:00;27017
8/02/2023;B;11:00:00;4596
8/03/2023;A;11:00:00;27163
8/03/2023;B;11:00:00;4566
8/04/2023;A;11:00:00;27759
8/04/2023;B;11:00:00;4777
8/05/2023;A;11:00:00;36012
8/05/2023;B;11:00:00;6018
8/06/2023;A;11:00:00;17433
8/06/2023;B;11:00:00;3249
8/07/2023;A;11:00:00;18365
8/07/2023;B;11:00:00;3159
8/08/2023;A;11:00:00;28676
8/08/2023;B;11:00:00;8784
8/09/2023;A;11:00:00;29234
8/09/2023;B;11:00:00;4774
8/10/2023;A;11:00:00;27688
8/10/2023;B;11:00:00;4449
8/11/2023;A;11:00:00;27937
8/11/2023;B;11:00:00;4549
8/12/2023;A;11:00:00;29128
8/12/2023;B;11:00:00;4800
13/08/2023;A;11:00:00;12612
13/08/2023;B;11:00:00;2391
14/08/2023;A;11:00:00;26500
14/08/2023;B;11:00:00;4524
15/08/2023;A;11:00:00;27377
15/08/2023;B;11:00:00;4565
16/08/2023;A;11:00:00;29183
16/08/2023;B;11:00:00;4679
17/08/2023;A;11:00:00;27283
17/08/2023;B;11:00:00;4431
18/08/2023;A;11:00:00;27717
18/08/2023;B;11:00:00;4557
19/08/2023;A;11:00:00;30649
19/08/2023;B;11:00:00;4991
20/08/2023;A;11:00:00;15397
20/08/2023;B;11:00:00;2976
21/08/2023;A;11:00:00;11821
21/08/2023;B;11:00:00;2340
22/08/2023;A;11:00:00;28171
22/08/2023;B;11:00:00;4637
23/08/2023;A;11:00:00;27240
23/08/2023;B;11:00:00;4393
24/08/2023;A;11:00:00;26835
24/08/2023;B;11:00:00;4462
25/08/2023;A;11:00:00;26300
25/08/2023;B;11:00:00;4574
26/08/2023;A;11:00:00;28901
26/08/2023;B;11:00:00;4828
27/08/2023;A;11:00:00;13837
27/08/2023;B;11:00:00;2540
28/08/2023;A;11:00:00;25804
28/08/2023;B;11:00:00;4181
29/08/2023;A;11:00:00;25972
29/08/2023;B;11:00:00;4247
30/08/2023;A;11:00:00;27379
30/08/2023;B;11:00:00;4408
31/08/2023;A;11:00:00;26579
31/08/2023;B;11:00:00;4358
9/01/2023;A;11:00:00;27462
9/01/2023;B;11:00:00;4291
9/02/2023;A;11:00:00;29659
9/02/2023;B;11:00:00;4748
9/03/2023;A;11:00:00;15955
9/03/2023;B;11:00:00;2837
9/04/2023;A;11:00:00;27108
9/04/2023;B;11:00:00;4243
9/05/2023;A;11:00:00;27560
9/05/2023;B;11:00:00;4463
9/06/2023;A;11:00:00;27024
9/06/2023;B;11:00:00;4540
9/07/2023;A;11:00:00;26993
9/07/2023;B;11:00:00;4338
9/08/2023;A;11:00:00;27279
9/08/2023;B;11:00:00;4366
9/09/2023;A;11:00:00;29606
9/09/2023;B;11:00:00;4573
9/10/2023;A;11:00:00;14573
9/10/2023;B;11:00:00;2747
9/11/2023;A;11:00:00;26493
9/11/2023;B;11:00:00;4291
9/12/2023;A;11:00:00;26374
9/12/2023;B;11:00:00;4279
13/09/2023;A;11:00:00;26551
13/09/2023;B;11:00:00;4439
14/09/2023;A;11:00:00;26385
14/09/2023;B;11:00:00;4327
15/09/2023;A;11:00:00;26757
15/09/2023;B;11:00:00;4472
16/09/2023;A;11:00:00;30453
16/09/2023;B;11:00:00;4952
17/09/2023;A;11:00:00;15456
17/09/2023;B;11:00:00;3123
18/09/2023;A;11:00:00;25977
18/09/2023;B;11:00:00;4138
19/09/2023;A;11:00:00;26360
19/09/2023;B;11:00:00;4340
20/09/2023;A;11:00:00;26246
20/09/2023;B;11:00:00;4190
21/09/2023;A;11:00:00;27289
21/09/2023;B;11:00:00;4204
22/09/2023;A;11:00:00;26005
22/09/2023;B;11:00:00;4193
23/09/2023;A;11:00:00;22503
23/09/2023;B;11:00:00;2715
24/09/2023;A;11:00:00;13712
24/09/2023;B;11:00:00;2948
25/09/2023;A;11:00:00;24686
25/09/2023;B;11:00:00;4076
26/09/2023;A;11:00:00;25914
26/09/2023;B;11:00:00;4053
27/09/2023;A;11:00:00;26695
27/09/2023;B;11:00:00;4197
28/09/2023;A;11:00:00;25380
28/09/2023;B;11:00:00;4140
29/09/2023;A;11:00:00;30435
29/09/2023;B;11:00:00;5725
30/09/2023;A;11:00:00;29324
30/09/2023;B;11:00:00;4868
10/01/2023;A;11:00:00;15322
10/01/2023;B;11:00:00;2629
10/02/2023;A;11:00:00;26501
10/02/2023;B;11:00:00;4105
10/03/2023;A;11:00:00;26345
10/03/2023;B;11:00:00;4172
10/04/2023;A;11:00:00;24080
10/04/2023;B;11:00:00;3976
10/05/2023;A;11:00:00;26402
10/05/2023;B;11:00:00;4456
10/06/2023;A;11:00:00;26180
10/06/2023;B;11:00:00;4360
10/07/2023;A;11:00:00;29657
10/07/2023;B;11:00:00;4759
10/08/2023;A;11:00:00;13918
10/08/2023;B;11:00:00;2575
10/09/2023;A;11:00:00;26640
10/09/2023;B;11:00:00;4199
10/10/2023;A;11:00:00;26474
10/10/2023;B;11:00:00;4436
10/11/2023;A;11:00:00;26511
10/11/2023;B;11:00:00;4479
10/12/2023;A;11:00:00;26825
10/12/2023;B;11:00:00;4432
13/10/2023;A;11:00:00;26970
13/10/2023;B;11:00:00;4441
14/10/2023;A;11:00:00;29698
14/10/2023;B;11:00:00;4812
15/10/2023;A;11:00:00;15617
15/10/2023;B;11:00:00;3137
16/10/2023;A;11:00:00;11877
16/10/2023;B;11:00:00;2189
17/10/2023;A;11:00:00;27169
17/10/2023;B;11:00:00;4298
18/10/2023;A;11:00:00;27045
18/10/2023;B;11:00:00;4389
19/10/2023;A;11:00:00;26253
19/10/2023;B;11:00:00;4334
20/10/2023;A;11:00:00;26925
20/10/2023;B;11:00:00;4223
21/10/2023;A;11:00:00;28183
21/10/2023;B;11:00:00;4739
22/10/2023;A;11:00:00;13031
22/10/2023;B;11:00:00;2578
23/10/2023;A;11:00:00;25711
23/10/2023;B;11:00:00;4015
24/10/2023;A;11:00:00;25489
24/10/2023;B;11:00:00;4021
25/10/2023;A;11:00:00;26061
25/10/2023;B;11:00:00;4276
26/10/2023;A;11:00:00;26550
26/10/2023;B;11:00:00;4872
27/10/2023;A;11:00:00;26084
27/10/2023;B;11:00:00;4228
28/10/2023;A;11:00:00;27549
28/10/2023;B;11:00:00;4468
29/10/2023;A;11:00:00;13
29/10/2023;B;11:00:00;
30/10/2023;A;11:00:00;25170
30/10/2023;B;11:00:00;4233
31/10/2023;A;11:00:00;26634
31/10/2023;B;11:00:00;4549
11/01/2023;A;11:00:00;26057
11/01/2023;B;11:00:00;4519
11/02/2023;A;11:00:00;27163
11/02/2023;B;11:00:00;4617
11/03/2023;A;11:00:00;28952
11/03/2023;B;11:00:00;4820
11/04/2023;A;11:00:00;31701
11/04/2023;B;11:00:00;5821
11/05/2023;A;11:00:00;18090
11/05/2023;B;11:00:00;4148
11/06/2023;A;11:00:00;14292
11/06/2023;B;11:00:00;2980
11/07/2023;A;11:00:00;29867
11/07/2023;B;11:00:00;4752
11/08/2023;A;11:00:00;28597
11/08/2023;B;11:00:00;4552
11/09/2023;A;11:00:00;27433
11/09/2023;B;11:00:00;4472
11/10/2023;A;11:00:00;28101
11/10/2023;B;11:00:00;4414
11/11/2023;A;11:00:00;29586
11/11/2023;B;11:00:00;4675
11/12/2023;A;11:00:00;14745
11/12/2023;B;11:00:00;2913
13/11/2023;A;11:00:00;11829
13/11/2023;B;11:00:00;2107
14/11/2023;A;11:00:00;27754
14/11/2023;B;11:00:00;4224
15/11/2023;A;11:00:00;27063
15/11/2023;B;11:00:00;4176
16/11/2023;A;11:00:00;27568
16/11/2023;B;11:00:00;4226
17/11/2023;A;11:00:00;27302
17/11/2023;B;11:00:00;4311
18/11/2023;A;11:00:00;29765
18/11/2023;B;11:00:00;4598
19/11/2023;A;11:00:00;14573
19/11/2023;B;11:00:00;2989
20/11/2023;A;11:00:00;26673
20/11/2023;B;11:00:00;4264
21/11/2023;A;11:00:00;26962
21/11/2023;B;11:00:00;4285
22/11/2023;A;11:00:00;26953
22/11/2023;B;11:00:00;4172
23/11/2023;A;11:00:00;26358
23/11/2023;B;11:00:00;4303
24/11/2023;A;11:00:00;27089
24/11/2023;B;11:00:00;4285
25/11/2023;A;11:00:00;29151
25/11/2023;B;11:00:00;4875
26/11/2023;A;11:00:00;15005
26/11/2023;B;11:00:00;2831
27/11/2023;A;11:00:00;26378
27/11/2023;B;11:00:00;4164
28/11/2023;A;11:00:00;26726
28/11/2023;B;11:00:00;4090
29/11/2023;A;11:00:00;26371
29/11/2023;B;11:00:00;4211
30/11/2023;A;11:00:00;27640
30/11/2023;B;11:00:00;4200
12/01/2023;A;11:00:00;28659
12/01/2023;B;11:00:00;4784
12/02/2023;A;11:00:00;33020
12/02/2023;B;11:00:00;5044
12/03/2023;A;11:00:00;16942
12/03/2023;B;11:00:00;3046
12/04/2023;A;11:00:00;27911
12/04/2023;B;11:00:00;4243
12/05/2023;A;11:00:00;28430
12/05/2023;B;11:00:00;4455
12/06/2023;A;11:00:00;28472
12/06/2023;B;11:00:00;4396
12/07/2023;A;11:00:00;28383
12/07/2023;B;11:00:00;4372
12/08/2023;A;11:00:00;16922
12/08/2023;B;11:00:00;3199
12/09/2023;A;11:00:00;28109
12/09/2023;B;11:00:00;5025
12/10/2023;A;11:00:00;16283
12/10/2023;B;11:00:00;3421
12/11/2023;A;11:00:00;27992
12/11/2023;B;11:00:00;4307
12/12/2023;A;11:00:00;27539
12/12/2023;B;11:00:00;4351
13/12/2023;A;11:00:00;26333
13/12/2023;B;11:00:00;4205
14/12/2023;A;11:00:00;52130
14/12/2023;B;11:00:00;8428
15/12/2023;A;11:00:00;27015
15/12/2023;B;11:00:00;4799
16/12/2023;A;11:00:00;32014
16/12/2023;B;11:00:00;5320
17/12/2023;A;11:00:00;21366
17/12/2023;B;11:00:00;3766
18/12/2023;A;11:00:00;27985
18/12/2023;B;11:00:00;4247
19/12/2023;A;11:00:00;27931
19/12/2023;B;11:00:00;4270
20/12/2023;A;11:00:00;28767
20/12/2023;B;11:00:00;4390
21/12/2023;A;11:00:00;28855
21/12/2023;B;11:00:00;4471
22/12/2023;A;11:00:00;30204
22/12/2023;B;11:00:00;4651
23/12/2023;A;11:00:00;32066
23/12/2023;B;11:00:00;4968
24/12/2023;A;11:00:00;17918
24/12/2023;B;11:00:00;2978
25/12/2023;A;11:00:00;9004
25/12/2023;B;11:00:00;1476
26/12/2023;A;11:00:00;23974
26/12/2023;B;11:00:00;3670
27/12/2023;A;11:00:00;24513
27/12/2023;B;11:00:00;3925
28/12/2023;A;11:00:00;24913
28/12/2023;B;11:00:00;4288
29/12/2023;A;11:00:00;26372
29/12/2023;B;11:00:00;4152
30/12/2023;A;11:00:00;24810
30/12/2023;B;11:00:00;4108
31/12/2023;A;11:00:00;14540
31/12/2023;B;11:00:00;2753
1/01/2024;A;11:00:00;7197
1/01/2024;B;11:00:00;1398
2/01/2024;A;11:00:00;18843
2/01/2024;B;11:00:00;2924
3/01/2024;A;11:00:00;20937
3/01/2024;B;11:00:00;3611
4/01/2024;A;11:00:00;21809
4/01/2024;B;11:00:00;3800
5/01/2024;A;11:00:00;22169
5/01/2024;B;11:00:00;3866
6/01/2024;A;11:00:00;23506
6/01/2024;B;11:00:00;4123
7/01/2024;A;11:00:00;13888
7/01/2024;B;11:00:00;3043
8/01/2024;A;11:00:00;12066
8/01/2024;B;11:00:00;2559
9/01/2024;A;11:00:00;22652
9/01/2024;B;11:00:00;3559
10/01/2024;A;11:00:00;22135
10/01/2024;B;11:00:00;3601
11/01/2024;A;11:00:00;21824
11/01/2024;B;11:00:00;3338
12/01/2024;A;11:00:00;22022
12/01/2024;B;11:00:00;3756
13/01/2024;A;11:00:00;25006
13/01/2024;B;11:00:00;3996
14/01/2024;A;11:00:00;12546
14/01/2024;B;11:00:00;2368
15/01/2024;A;11:00:00;23260
15/01/2024;B;11:00:00;3725
16/01/2024;A;11:00:00;23967
16/01/2024;B;11:00:00;3865
17/01/2024;A;11:00:00;23553
17/01/2024;B;11:00:00;3588
18/01/2024;A;11:00:00;23182
18/01/2024;B;11:00:00;3503
19/01/2024;A;11:00:00;23472
19/01/2024;B;11:00:00;3848
20/01/2024;A;11:00:00;26628
20/01/2024;B;11:00:00;4431
21/01/2024;A;11:00:00;12920
21/01/2024;B;11:00:00;2642
22/01/2024;A;11:00:00;23838
22/01/2024;B;11:00:00;3789
23/01/2024;A;11:00:00;23744
23/01/2024;B;11:00:00;3886
24/01/2024;A;11:00:00;23162
24/01/2024;B;11:00:00;3665
25/01/2024;A;11:00:00;22887
25/01/2024;B;11:00:00;3810
26/01/2024;A;11:00:00;23756
26/01/2024;B;11:00:00;3933
27/01/2024;A;11:00:00;27000
27/01/2024;B;11:00:00;4447
28/01/2024;A;11:00:00;12808
28/01/2024;B;11:00:00;2589
29/01/2024;A;11:00:00;24274
29/01/2024;B;11:00:00;3856
30/01/2024;A;11:00:00;23679
30/01/2024;B;11:00:00;3804
31/01/2024;A;11:00:00;24519
31/01/2024;B;11:00:00;3942
1/02/2024;A;11:00:00;23747
1/02/2024;B;11:00:00;4027
2/02/2024;A;11:00:00;24565
2/02/2024;B;11:00:00;4035
3/02/2024;A;11:00:00;27470
3/02/2024;B;11:00:00;4756
4/02/2024;A;11:00:00;12838
4/02/2024;B;11:00:00;2511
5/02/2024;A;11:00:00;25947
5/02/2024;B;11:00:00;4381
6/02/2024;A;11:00:00;27115
6/02/2024;B;11:00:00;4420
7/02/2024;A;11:00:00;26566
7/02/2024;B;11:00:00;4536
8/02/2024;A;11:00:00;26905
8/02/2024;B;11:00:00;4488
9/02/2024;A;11:00:00;26521
9/02/2024;B;11:00:00;4329
10/02/2024;A;11:00:00;28261
10/02/2024;B;11:00:00;4671
11/02/2024;A;11:00:00;12820
11/02/2024;B;11:00:00;2738
12/02/2024;A;11:00:00;25533
12/02/2024;B;11:00:00;4299
13/02/2024;A;11:00:00;25733
13/02/2024;B;11:00:00;4442
14/02/2024;A;11:00:00;26119
14/02/2024;B;11:00:00;4476
15/02/2024;A;11:00:00;25577
15/02/2024;B;11:00:00;4431
16/02/2024;A;11:00:00;27221
16/02/2024;B;11:00:00;4490
17/02/2024;A;11:00:00;28908
17/02/2024;B;11:00:00;4733
18/02/2024;A;11:00:00;13767
18/02/2024;B;11:00:00;2650
19/02/2024;A;11:00:00;26080
19/02/2024;B;11:00:00;4325
20/02/2024;A;11:00:00;26477
20/02/2024;B;11:00:00;4550
21/02/2024;A;11:00:00;26119
21/02/2024;B;11:00:00;4498
22/02/2024;A;11:00:00;25703
22/02/2024;B;11:00:00;4418
23/02/2024;A;11:00:00;25810
23/02/2024;B;11:00:00;4271
24/02/2024;A;11:00:00;28467
24/02/2024;B;11:00:00;4945
25/02/2024;A;11:00:00;12482
25/02/2024;B;11:00:00;2554
26/02/2024;A;11:00:00;25475
26/02/2024;B;11:00:00;4418
27/02/2024;A;11:00:00;25752
27/02/2024;B;11:00:00;4496
28/02/2024;A;11:00:00;26094
28/02/2024;B;11:00:00;4263
29/02/2024;A;11:00:00;26111
29/02/2024;B;11:00:00;4162
1/03/2024;A;11:00:00;26568
1/03/2024;B;11:00:00;4444
2/03/2024;A;11:00:00;28423
2/03/2024;B;11:00:00;4591
3/03/2024;A;11:00:00;13825
3/03/2024;B;11:00:00;2617
4/03/2024;A;11:00:00;25965
4/03/2024;B;11:00:00;4265
5/03/2024;A;11:00:00;26039
5/03/2024;B;11:00:00;4377
6/03/2024;A;11:00:00;29013
6/03/2024;B;11:00:00;4487
7/03/2024;A;11:00:00;26269
7/03/2024;B;11:00:00;4544
8/03/2024;A;11:00:00;25943
8/03/2024;B;11:00:00;4507
9/03/2024;A;11:00:00;27558
9/03/2024;B;11:00:00;4423
10/03/2024;A;11:00:00;12558
10/03/2024;B;11:00:00;2611
11/03/2024;A;11:00:00;25461
11/03/2024;B;11:00:00;4145
12/03/2024;A;11:00:00;25526
12/03/2024;B;11:00:00;4331
13/03/2024;A;11:00:00;25110
13/03/2024;B;11:00:00;4269
14/03/2024;A;11:00:00;25295
14/03/2024;B;11:00:00;4297
15/03/2024;A;11:00:00;25787
15/03/2024;B;11:00:00;4295
16/03/2024;A;11:00:00;28624
16/03/2024;B;11:00:00;4485
17/03/2024;A;11:00:00;13414
17/03/2024;B;11:00:00;2692
18/03/2024;A;11:00:00;25078
18/03/2024;B;11:00:00;4112
19/03/2024;A;11:00:00;26453
19/03/2024;B;11:00:00;4414
20/03/2024;A;11:00:00;26208
20/03/2024;B;11:00:00;4204
21/03/2024;A;11:00:00;26130
21/03/2024;B;11:00:00;4221
22/03/2024;A;11:00:00;26897
22/03/2024;B;11:00:00;4313
23/03/2024;A;11:00:00;28393
23/03/2024;B;11:00:00;4325
24/03/2024;A;11:00:00;13048
24/03/2024;B;11:00:00;2596
25/03/2024;A;11:00:00;11803
25/03/2024;B;11:00:00;2388
26/03/2024;A;11:00:00;22661
26/03/2024;B;11:00:00;3597
27/03/2024;A;11:00:00;21672
27/03/2024;B;11:00:00;3595
28/03/2024;A;11:00:00;12722
28/03/2024;B;11:00:00;2354
29/03/2024;A;11:00:00;10085
29/03/2024;B;11:00:00;2074
30/03/2024;A;11:00:00;18327
30/03/2024;B;11:00:00;3023
31/03/2024;A;11:00:00;11342
31/03/2024;B;11:00:00;2019
1/04/2024;A;11:00:00;25398
1/04/2024;B;11:00:00;3973
2/04/2024;A;11:00:00;26401
2/04/2024;B;11:00:00;4297
3/04/2024;A;11:00:00;25653
3/04/2024;B;11:00:00;4209
4/04/2024;A;11:00:00;25854
4/04/2024;B;11:00:00;4290
5/04/2024;A;11:00:00;26323
5/04/2024;B;11:00:00;4313
6/04/2024;A;11:00:00;27806
6/04/2024;B;11:00:00;4487
7/04/2024;A;11:00:00;12361
7/04/2024;B;11:00:00;2451
8/04/2024;A;11:00:00;24094
8/04/2024;B;11:00:00;4047
9/04/2024;A;11:00:00;26345
9/04/2024;B;11:00:00;4272
10/04/2024;A;11:00:00;25005
10/04/2024;B;11:00:00;4056
11/04/2024;A;11:00:00;24052
11/04/2024;B;11:00:00;4143
12/04/2024;A;11:00:00;24701
12/04/2024;B;11:00:00;3986
13/04/2024;A;11:00:00;27668
13/04/2024;B;11:00:00;4415
14/04/2024;A;11:00:00;12504
14/04/2024;B;11:00:00;2613
15/04/2024;A;11:00:00;24899
15/04/2024;B;11:00:00;3980
16/04/2024;A;11:00:00;25895
16/04/2024;B;11:00:00;4387
17/04/2024;A;11:00:00;25875
17/04/2024;B;11:00:00;4235
18/04/2024;A;11:00:00;25727
18/04/2024;B;11:00:00;4340
19/04/2024;A;11:00:00;24247
19/04/2024;B;11:00:00;4134
20/04/2024;A;11:00:00;28611
20/04/2024;B;11:00:00;4547
21/04/2024;A;11:00:00;17112
21/04/2024;B;11:00:00;3143
22/04/2024;A;11:00:00;25452
22/04/2024;B;11:00:00;4253
23/04/2024;A;11:00:00;25880
23/04/2024;B;11:00:00;4454
24/04/2024;A;11:00:00;25648
24/04/2024;B;11:00:00;4332
25/04/2024;A;11:00:00;25515
25/04/2024;B;11:00:00;4348
26/04/2024;A;11:00:00;25936
26/04/2024;B;11:00:00;4381
27/04/2024;A;11:00:00;28233
27/04/2024;B;11:00:00;4416
28/04/2024;A;11:00:00;12417
28/04/2024;B;11:00:00;2505
29/04/2024;A;11:00:00;25073
29/04/2024;B;11:00:00;4101
30/04/2024;A;11:00:00;26472
30/04/2024;B;11:00:00;4421
1/05/2024;A;11:00:00;13542
1/05/2024;B;11:00:00;2343
2/05/2024;A;11:00:00;25479
2/05/2024;B;11:00:00;4265
3/05/2024;A;11:00:00;27242
3/05/2024;B;11:00:00;4522
4/05/2024;A;11:00:00;28508
4/05/2024;B;11:00:00;4481
5/05/2024;A;11:00:00;13313
5/05/2024;B;11:00:00;2674
6/05/2024;A;11:00:00;25631
6/05/2024;B;11:00:00;4199
7/05/2024;A;11:00:00;26344
7/05/2024;B;11:00:00;4495
8/05/2024;A;11:00:00;26042
8/05/2024;B;11:00:00;4434
9/05/2024;A;11:00:00;26565
9/05/2024;B;11:00:00;4378
10/05/2024;A;11:00:00;27130
10/05/2024;B;11:00:00;4589
11/05/2024;A;11:00:00;29411
11/05/2024;B;11:00:00;4849
12/05/2024;A;11:00:00;14735
12/05/2024;B;11:00:00;2749
13/05/2024;A;11:00:00;10862
13/05/2024;B;11:00:00;1904
14/05/2024;A;11:00:00;26070
14/05/2024;B;11:00:00;4415
15/05/2024;A;11:00:00;25985
15/05/2024;B;11:00:00;4209
16/05/2024;A;11:00:00;26282
16/05/2024;B;11:00:00;4390
17/05/2024;A;11:00:00;26344
17/05/2024;B;11:00:00;4314
18/05/2024;A;11:00:00;28253
18/05/2024;B;11:00:00;4590
19/05/2024;A;11:00:00;12756
19/05/2024;B;11:00:00;2445
20/05/2024;A;11:00:00;24896
20/05/2024;B;11:00:00;4110
21/05/2024;A;11:00:00;25462
21/05/2024;B;11:00:00;4170
22/05/2024;A;11:00:00;25342
22/05/2024;B;11:00:00;4204
23/05/2024;A;11:00:00;24574
23/05/2024;B;11:00:00;4174
24/05/2024;A;11:00:00;25576
24/05/2024;B;11:00:00;4348
25/05/2024;A;11:00:00;27357
25/05/2024;B;11:00:00;4260
26/05/2024;A;11:00:00;12558
26/05/2024;B;11:00:00;2796
27/05/2024;A;11:00:00;24643
27/05/2024;B;11:00:00;4055
28/05/2024;A;11:00:00;24577
28/05/2024;B;11:00:00;4059
29/05/2024;A;11:00:00;25323
29/05/2024;B;11:00:00;4014
30/05/2024;A;11:00:00;23666
30/05/2024;B;11:00:00;4113
31/05/2024;A;11:00:00;26355
31/05/2024;B;11:00:00;4110
1/06/2024;A;11:00:00;29230
1/06/2024;B;11:00:00;4572
2/06/2024;A;11:00:00;13878
2/06/2024;B;11:00:00;2726
3/06/2024;A;11:00:00;11396
3/06/2024;B;11:00:00;1901
4/06/2024;A;11:00:00;25408
4/06/2024;B;11:00:00;4085
5/06/2024;A;11:00:00;25381
5/06/2024;B;11:00:00;3931
6/06/2024;A;11:00:00;25114
6/06/2024;B;11:00:00;3934
7/06/2024;A;11:00:00;26021
7/06/2024;B;11:00:00;4108
8/06/2024;A;11:00:00;28418
8/06/2024;B;11:00:00;4350
9/06/2024;A;11:00:00;13856
9/06/2024;B;11:00:00;2585
10/06/2024;A;11:00:00;11390
10/06/2024;B;11:00:00;2136
11/06/2024;A;11:00:00;25351
11/06/2024;B;11:00:00;3867
12/06/2024;A;11:00:00;25544
12/06/2024;B;11:00:00;3886
13/06/2024;A;11:00:00;24933
13/06/2024;B;11:00:00;3824
14/06/2024;A;11:00:00;24547
14/06/2024;B;11:00:00;3919
15/06/2024;A;11:00:00;28790
15/06/2024;B;11:00:00;4586
16/06/2024;A;11:00:00;15025
16/06/2024;B;11:00:00;2655
17/06/2024;A;11:00:00;26010
17/06/2024;B;11:00:00;3891
18/06/2024;A;11:00:00;24747
18/06/2024;B;11:00:00;4152
19/06/2024;A;11:00:00;24077
19/06/2024;B;11:00:00;3982
20/06/2024;A;11:00:00;23774
20/06/2024;B;11:00:00;3887
21/06/2024;A;11:00:00;25043
21/06/2024;B;11:00:00;4156
22/06/2024;A;11:00:00;27623
22/06/2024;B;11:00:00;4533
23/06/2024;A;11:00:00;14241
23/06/2024;B;11:00:00;2774
24/06/2024;A;11:00:00;23735
24/06/2024;B;11:00:00;3808
25/06/2024;A;11:00:00;23732
25/06/2024;B;11:00:00;3825
26/06/2024;A;11:00:00;24246
26/06/2024;B;11:00:00;3632
27/06/2024;A;11:00:00;23858
27/06/2024;B;11:00:00;3750
28/06/2024;A;11:00:00;25259
28/06/2024;B;11:00:00;3814
29/06/2024;A;11:00:00;28578
29/06/2024;B;11:00:00;4472
30/06/2024;A;11:00:00;16875
30/06/2024;B;11:00:00;3196
1/07/2024;A;11:00:00;13200
1/07/2024;B;11:00:00;2464
2/07/2024;A;11:00:00;24843
2/07/2024;B;11:00:00;3783
3/07/2024;A;11:00:00;23829
3/07/2024;B;11:00:00;3795
4/07/2024;A;11:00:00;24202
4/07/2024;B;11:00:00;3914
5/07/2024;A;11:00:00;23423
5/07/2024;B;11:00:00;3585
6/07/2024;A;11:00:00;28837
6/07/2024;B;11:00:00;4437
7/07/2024;A;11:00:00;14197
7/07/2024;B;11:00:00;2742
8/07/2024;A;11:00:00;24060
8/07/2024;B;11:00:00;3621
9/07/2024;A;11:00:00;24317
9/07/2024;B;11:00:00;3807
10/07/2024;A;11:00:00;24282
10/07/2024;B;11:00:00;3750
11/07/2024;A;11:00:00;23778
11/07/2024;B;11:00:00;3805
12/07/2024;A;11:00:00;24411
12/07/2024;B;11:00:00;3994
13/07/2024;A;11:00:00;29483
13/07/2024;B;11:00:00;4541
14/07/2024;A;11:00:00;14145
14/07/2024;B;11:00:00;2959
15/07/2024;A;11:00:00;21610
15/07/2024;B;11:00:00;3246
16/07/2024;A;11:00:00;25083
16/07/2024;B;11:00:00;3840
17/07/2024;A;11:00:00;25202
17/07/2024;B;11:00:00;3935
18/07/2024;A;11:00:00;24922
18/07/2024;B;11:00:00;3857
19/07/2024;A;11:00:00;25424
19/07/2024;B;11:00:00;3839
20/07/2024;A;11:00:00;18507
20/07/2024;B;11:00:00;3242
21/07/2024;A;11:00:00;13075
21/07/2024;B;11:00:00;2492
22/07/2024;A;11:00:00;23864
22/07/2024;B;11:00:00;3802
23/07/2024;A;11:00:00;24720
23/07/2024;B;11:00:00;4093
24/07/2024;A;11:00:00;24191
24/07/2024;B;11:00:00;3920
25/07/2024;A;11:00:00;24108
25/07/2024;B;11:00:00;3990
26/07/2024;A;11:00:00;24479
26/07/2024;B;11:00:00;3976
27/07/2024;A;11:00:00;27727
27/07/2024;B;11:00:00;4411
28/07/2024;A;11:00:00;12559
28/07/2024;B;11:00:00;2493
29/07/2024;A;11:00:00;23986
29/07/2024;B;11:00:00;3981
30/07/2024;A;11:00:00;24548
30/07/2024;B;11:00:00;4098
31/07/2024;A;11:00:00;24689
31/07/2024;B;11:00:00;4319
1/08/2024;A;11:00:00;25250
1/08/2024;B;11:00:00;4247
2/08/2024;A;11:00:00;20254
2/08/2024;B;11:00:00;4312
3/08/2024;A;11:00:00;28781
3/08/2024;B;11:00:00;4780
4/08/2024;A;11:00:00;14742
4/08/2024;B;11:00:00;3100
5/08/2024;A;11:00:00;26628
5/08/2024;B;11:00:00;4681
6/08/2024;A;11:00:00;27536
6/08/2024;B;11:00:00;4781
7/08/2024;A;11:00:00;14749
7/08/2024;B;11:00:00;2559
8/08/2024;A;11:00:00;28048
8/08/2024;B;11:00:00;4692
9/08/2024;A;11:00:00;26249
9/08/2024;B;11:00:00;4607
10/08/2024;A;11:00:00;36754
10/08/2024;B;11:00:00;6280
11/08/2024;A;11:00:00;19040
11/08/2024;B;11:00:00;3531
12/08/2024;A;11:00:00;26625
12/08/2024;B;11:00:00;4534
13/08/2024;A;11:00:00;26040
13/08/2024;B;11:00:00;4323
14/08/2024;A;11:00:00;26314
14/08/2024;B;11:00:00;4641
15/08/2024;A;11:00:00;26442
15/08/2024;B;11:00:00;4348
16/08/2024;A;11:00:00;27490
16/08/2024;B;11:00:00;4570
17/08/2024;A;11:00:00;29722
17/08/2024;B;11:00:00;4964
18/08/2024;A;11:00:00;14662
18/08/2024;B;11:00:00;2969
19/08/2024;A;11:00:00;11715
19/08/2024;B;11:00:00;2164
20/08/2024;A;11:00:00;27313
20/08/2024;B;11:00:00;4594
21/08/2024;A;11:00:00;26556
21/08/2024;B;11:00:00;4692
22/08/2024;A;11:00:00;26287
22/08/2024;B;11:00:00;4465
23/08/2024;A;11:00:00;26448
23/08/2024;B;11:00:00;4447
24/08/2024;A;11:00:00;28458
24/08/2024;B;11:00:00;4626
25/08/2024;A;11:00:00;13114
25/08/2024;B;11:00:00;3006
26/08/2024;A;11:00:00;26008
26/08/2024;B;11:00:00;4615
27/08/2024;A;11:00:00;25807
27/08/2024;B;11:00:00;4393
28/08/2024;A;11:00:00;25368
28/08/2024;B;11:00:00;4648
29/08/2024;A;11:00:00;25551
29/08/2024;B;11:00:00;4451
30/08/2024;A;11:00:00;26206
30/08/2024;B;11:00:00;4743
31/08/2024;A;11:00:00;30652
31/08/2024;B;11:00:00;5320
1/09/2024;A;11:00:00;14951
1/09/2024;B;11:00:00;2711
2/09/2024;A;11:00:00;26628
2/09/2024;B;11:00:00;4356
3/09/2024;A;11:00:00;26389
3/09/2024;B;11:00:00;4461
4/09/2024;A;11:00:00;26973
4/09/2024;B;11:00:00;4323
5/09/2024;A;11:00:00;25235
5/09/2024;B;11:00:00;4128
6/09/2024;A;11:00:00;24157
6/09/2024;B;11:00:00;3845
7/09/2024;A;11:00:00;29001
7/09/2024;B;11:00:00;4570
8/09/2024;A;11:00:00;13662
8/09/2024;B;11:00:00;2526
9/09/2024;A;11:00:00;26047
9/09/2024;B;11:00:00;4346
10/09/2024;A;11:00:00;26362
10/09/2024;B;11:00:00;4458
11/09/2024;A;11:00:00;26039
11/09/2024;B;11:00:00;4357
12/09/2024;A;11:00:00;27293
12/09/2024;B;11:00:00;4245
13/09/2024;A;11:00:00;26844
13/09/2024;B;11:00:00;4123
14/09/2024;A;11:00:00;30538
14/09/2024;B;11:00:00;4648
15/09/2024;A;11:00:00;14491
15/09/2024;B;11:00:00;2835
16/09/2024;A;11:00:00;25535
16/09/2024;B;11:00:00;4343
17/09/2024;A;11:00:00;26766
17/09/2024;B;11:00:00;4249
18/09/2024;A;11:00:00;26179
18/09/2024;B;11:00:00;4251
19/09/2024;A;11:00:00;27067
19/09/2024;B;11:00:00;4393
20/09/2024;A;11:00:00;25157
20/09/2024;B;11:00:00;4434
21/09/2024;A;11:00:00;29470
21/09/2024;B;11:00:00;4623
22/09/2024;A;11:00:00;13766
22/09/2024;B;11:00:00;2648
23/09/2024;A;11:00:00;24527
23/09/2024;B;11:00:00;4015
24/09/2024;A;11:00:00;24679
24/09/2024;B;11:00:00;4147
25/09/2024;A;11:00:00;25089
25/09/2024;B;11:00:00;4113
26/09/2024;A;11:00:00;24585
26/09/2024;B;11:00:00;4144
27/09/2024;A;11:00:00;24785
27/09/2024;B;11:00:00;4099
28/09/2024;A;11:00:00;28617
28/09/2024;B;11:00:00;4473
29/09/2024;A;11:00:00;14004
29/09/2024;B;11:00:00;2644
30/09/2024;A;11:00:00;25117
30/09/2024;B;11:00:00;4012
1/10/2024;A;11:00:00;26165
1/10/2024;B;11:00:00;4117
2/10/2024;A;11:00:00;25686
2/10/2024;B;11:00:00;4177
3/10/2024;A;11:00:00;25283
3/10/2024;B;11:00:00;4203
4/10/2024;A;11:00:00;26154
4/10/2024;B;11:00:00;4325
5/10/2024;A;11:00:00;29695
5/10/2024;B;11:00:00;4803
6/10/2024;A;11:00:00;13984
6/10/2024;B;11:00:00;2633
7/10/2024;A;11:00:00;25734
7/10/2024;B;11:00:00;4219
8/10/2024;A;11:00:00;26476
8/10/2024;B;11:00:00;4180
9/10/2024;A;11:00:00;26621
9/10/2024;B;11:00:00;4566
10/10/2024;A;11:00:00;26699
10/10/2024;B;11:00:00;4322
11/10/2024;A;11:00:00;26561
11/10/2024;B;11:00:00;4396
12/10/2024;A;11:00:00;28923
12/10/2024;B;11:00:00;4637
13/10/2024;A;11:00:00;14256
13/10/2024;B;11:00:00;2867
14/10/2024;A;11:00:00;11443
14/10/2024;B;11:00:00;2078
15/10/2024;A;11:00:00;26409
15/10/2024;B;11:00:00;4375
16/10/2024;A;11:00:00;26502
16/10/2024;B;11:00:00;4162
17/10/2024;A;11:00:00;26522
17/10/2024;B;11:00:00;4266
18/10/2024;A;11:00:00;27544
18/10/2024;B;11:00:00;4262
19/10/2024;A;11:00:00;29180
19/10/2024;B;11:00:00;4689
20/10/2024;A;11:00:00;13482
20/10/2024;B;11:00:00;2669
21/10/2024;A;11:00:00;26150
21/10/2024;B;11:00:00;4311
22/10/2024;A;11:00:00;24804
22/10/2024;B;11:00:00;4199
23/10/2024;A;11:00:00;27289
23/10/2024;B;11:00:00;4291
24/10/2024;A;11:00:00;25484
24/10/2024;B;11:00:00;4360
25/10/2024;A;11:00:00;26230
25/10/2024;B;11:00:00;4423
26/10/2024;A;11:00:00;28839
26/10/2024;B;11:00:00;4596
27/10/2024;A;11:00:00;13293
27/10/2024;B;11:00:00;2584
28/10/2024;A;11:00:00;26404
28/10/2024;B;11:00:00;4151
29/10/2024;A;11:00:00;26109
29/10/2024;B;11:00:00;4163
30/10/2024;A;11:00:00;26144
30/10/2024;B;11:00:00;4225
31/10/2024;A;11:00:00;26681
31/10/2024;B;11:00:00;4421
1/01/2019;A;12:00:00;10132
2/01/2019;A;12:00:00;23708
3/01/2019;A;12:00:00;25589
4/01/2019;A;12:00:00;27168
5/01/2019;A;12:00:00;32863
6/01/2019;A;12:00:00;16832
7/01/2019;A;12:00:00;15195
8/01/2019;A;12:00:00;27931
9/01/2019;A;12:00:00;27311
10/01/2019;A;12:00:00;26657
11/01/2019;A;12:00:00;27500
12/01/2019;A;12:00:00;37177
13/01/2019;A;12:00:00;15825
14/01/2019;A;12:00:00;21533
15/01/2019;A;12:00:00;3262
16/01/2019;A;12:00:00;28334
17/01/2019;A;12:00:00;27971
18/01/2019;A;12:00:00;29268
19/01/2019;A;12:00:00;40889
20/01/2019;A;12:00:00;17898
21/01/2019;A;12:00:00;29717
22/01/2019;A;12:00:00;29339
23/01/2019;A;12:00:00;29158
24/01/2019;A;12:00:00;28911
25/01/2019;A;12:00:00;29524
26/01/2019;A;12:00:00;41126
27/01/2019;A;12:00:00;16329
28/01/2019;A;12:00:00;28489
29/01/2019;A;12:00:00;29854
30/01/2019;A;12:00:00;29784
31/01/2019;A;12:00:00;29053
1/02/2019;A;12:00:00;30972
2/02/2019;A;12:00:00;43564
3/02/2019;A;12:00:00;17364
4/02/2019;A;12:00:00;32011
5/02/2019;A;12:00:00;32196
6/02/2019;A;12:00:00;31685
7/02/2019;A;12:00:00;31323
8/02/2019;A;12:00:00;31882
9/02/2019;A;12:00:00;43060
10/02/2019;A;12:00:00;17380
11/02/2019;A;12:00:00;31146
12/02/2019;A;12:00:00;40178
13/02/2019;A;12:00:00;31887
14/02/2019;A;12:00:00;32488
15/02/2019;A;12:00:00;34635
16/02/2019;A;12:00:00;
17/02/2019;A;12:00:00;18908
18/02/2019;A;12:00:00;32092
19/02/2019;A;12:00:00;32684
20/02/2019;A;12:00:00;32398
21/02/2019;A;12:00:00;32484
22/02/2019;A;12:00:00;32803
23/02/2019;A;12:00:00;44975
24/02/2019;A;12:00:00;17009
25/02/2019;A;12:00:00;31458
26/02/2019;A;12:00:00;32317
27/02/2019;A;12:00:00;31983
28/02/2019;A;12:00:00;31984
1/03/2019;A;12:00:00;32986
2/03/2019;A;12:00:00;46829
3/03/2019;A;12:00:00;18340
4/03/2019;A;12:00:00;76661
5/03/2019;A;12:00:00;32549
6/03/2019;A;12:00:00;33195
7/03/2019;A;12:00:00;32851
8/03/2019;A;12:00:00;32944
9/03/2019;A;12:00:00;45875
10/03/2019;A;12:00:00;17716
11/03/2019;A;12:00:00;31453
12/03/2019;A;12:00:00;31725
13/03/2019;A;12:00:00;32277
14/03/2019;A;12:00:00;30235
15/03/2019;A;12:00:00;30927
16/03/2019;A;12:00:00;47111
17/03/2019;A;12:00:00;17044
18/03/2019;A;12:00:00;32101
19/03/2019;A;12:00:00;34393
20/03/2019;A;12:00:00;33755
21/03/2019;A;12:00:00;31592
22/03/2019;A;12:00:00;32490
23/03/2019;A;12:00:00;43926
24/03/2019;A;12:00:00;18864
25/03/2019;A;12:00:00;15033
26/03/2019;A;12:00:00;32217
27/03/2019;A;12:00:00;31751
28/03/2019;A;12:00:00;31229
29/03/2019;A;12:00:00;32378
30/03/2019;A;12:00:00;47158
31/03/2019;A;12:00:00;17529
1/04/2019;A;12:00:00;32505
2/04/2019;A;12:00:00;34827
3/04/2019;A;12:00:00;32173
4/04/2019;A;12:00:00;31541
5/04/2019;A;12:00:00;32188
6/04/2019;A;12:00:00;44442
7/04/2019;A;12:00:00;18181
8/04/2019;A;12:00:00;30826
9/04/2019;A;12:00:00;31432
10/04/2019;A;12:00:00;33096
11/04/2019;A;12:00:00;31547
12/04/2019;A;12:00:00;32586
13/04/2019;A;12:00:00;43445
14/04/2019;A;12:00:00;16731
15/04/2019;A;12:00:00;27177
16/04/2019;A;12:00:00;27335
17/04/2019;A;12:00:00;32558
18/04/2019;A;12:00:00;16780
19/04/2019;A;12:00:00;13712
20/04/2019;A;12:00:00;24159
21/04/2019;A;12:00:00;15517
22/04/2019;A;12:00:00;30853
23/04/2019;A;12:00:00;36964
24/04/2019;A;12:00:00;31539
25/04/2019;A;12:00:00;2473
26/04/2019;A;12:00:00;16728
27/04/2019;A;12:00:00;45074
28/04/2019;A;12:00:00;17142
29/04/2019;A;12:00:00;30729
30/04/2019;A;12:00:00;31556
1/05/2019;A;12:00:00;19679
2/05/2019;A;12:00:00;32627
3/05/2019;A;12:00:00;33060
4/05/2019;A;12:00:00;45429
5/05/2019;A;12:00:00;18366
6/05/2019;A;12:00:00;31520
7/05/2019;A;12:00:00;31886
8/05/2019;A;12:00:00;31558
9/05/2019;A;12:00:00;32556
10/05/2019;A;12:00:00;32956
11/05/2019;A;12:00:00;46532
12/05/2019;A;12:00:00;19397
13/05/2019;A;12:00:00;
14/05/2019;A;12:00:00;31133
15/05/2019;A;12:00:00;31904
16/05/2019;A;12:00:00;31778
17/05/2019;A;12:00:00;30631
18/05/2019;A;12:00:00;44887
19/05/2019;A;12:00:00;18099
20/05/2019;A;12:00:00;30911
21/05/2019;A;12:00:00;31661
22/05/2019;A;12:00:00;32000
23/05/2019;A;12:00:00;29827
24/05/2019;A;12:00:00;31790
25/05/2019;A;12:00:00;43922
26/05/2019;A;12:00:00;16178
27/05/2019;A;12:00:00;30254
28/05/2019;A;12:00:00;30631
29/05/2019;A;12:00:00;31366
30/05/2019;A;12:00:00;30425
31/05/2019;A;12:00:00;32451
1/06/2019;A;12:00:00;44763
2/06/2019;A;12:00:00;17943
3/06/2019;A;12:00:00;15605
4/06/2019;A;12:00:00;35775
5/06/2019;A;12:00:00;32213
6/06/2019;A;12:00:00;31477
7/06/2019;A;12:00:00;31493
8/06/2019;A;12:00:00;44211
9/06/2019;A;12:00:00;17803
10/06/2019;A;12:00:00;30094
11/06/2019;A;12:00:00;30619
12/06/2019;A;12:00:00;30761
13/06/2019;A;12:00:00;30716
14/06/2019;A;12:00:00;31406
15/06/2019;A;12:00:00;46270
16/06/2019;A;12:00:00;20240
17/06/2019;A;12:00:00;31399
18/06/2019;A;12:00:00;31265
19/06/2019;A;12:00:00;31618
20/06/2019;A;12:00:00;30651
21/06/2019;A;12:00:00;31648
22/06/2019;A;12:00:00;43478
23/06/2019;A;12:00:00;19486
24/06/2019;A;12:00:00;14959
25/06/2019;A;12:00:00;30563
26/06/2019;A;12:00:00;29803
27/06/2019;A;12:00:00;30030
28/06/2019;A;12:00:00;31388
29/06/2019;A;12:00:00;41804
30/06/2019;A;12:00:00;21499
1/07/2019;A;12:00:00;16369
2/07/2019;A;12:00:00;31508
3/07/2019;A;12:00:00;31068
4/07/2019;A;12:00:00;30490
5/07/2019;A;12:00:00;32443
6/07/2019;A;12:00:00;44877
7/07/2019;A;12:00:00;18242
8/07/2019;A;12:00:00;29549
9/07/2019;A;12:00:00;29781
10/07/2019;A;12:00:00;35571
11/07/2019;A;12:00:00;30187
12/07/2019;A;12:00:00;31267
13/07/2019;A;12:00:00;44824
14/07/2019;A;12:00:00;17069
15/07/2019;A;12:00:00;30819
16/07/2019;A;12:00:00;31838
17/07/2019;A;12:00:00;31108
18/07/2019;A;12:00:00;30658
19/07/2019;A;12:00:00;32386
20/07/2019;A;12:00:00;24122
21/07/2019;A;12:00:00;17691
22/07/2019;A;12:00:00;31808
23/07/2019;A;12:00:00;33798
24/07/2019;A;12:00:00;31448
25/07/2019;A;12:00:00;31446
26/07/2019;A;12:00:00;32290
27/07/2019;A;12:00:00;46088
28/07/2019;A;12:00:00;17380
29/07/2019;A;12:00:00;31504
30/07/2019;A;12:00:00;31212
31/07/2019;A;12:00:00;31938
1/08/2019;A;12:00:00;32333
2/08/2019;A;12:00:00;33102
3/08/2019;A;12:00:00;48736
4/08/2019;A;12:00:00;21476
5/08/2019;A;12:00:00;34044
6/08/2019;A;12:00:00;34710
7/08/2019;A;12:00:00;21024
8/08/2019;A;12:00:00;34414
9/08/2019;A;12:00:00;34982
10/08/2019;A;12:00:00;58044
11/08/2019;A;12:00:00;23836
12/08/2019;A;12:00:00;33023
13/08/2019;A;12:00:00;32576
14/08/2019;A;12:00:00;32993
15/08/2019;A;12:00:00;32760
16/08/2019;A;12:00:00;33965
17/08/2019;A;12:00:00;45785
18/08/2019;A;12:00:00;18724
19/08/2019;A;12:00:00;15459
20/08/2019;A;12:00:00;33970
21/08/2019;A;12:00:00;33303
22/08/2019;A;12:00:00;33307
23/08/2019;A;12:00:00;32897
24/08/2019;A;12:00:00;46119
25/08/2019;A;12:00:00;17231
26/08/2019;A;12:00:00;31866
27/08/2019;A;12:00:00;31919
28/08/2019;A;12:00:00;33292
29/08/2019;A;12:00:00;31718
30/08/2019;A;12:00:00;32660
31/08/2019;A;12:00:00;46343
1/09/2019;A;12:00:00;18575
2/09/2019;A;12:00:00;33167
3/09/2019;A;12:00:00;33204
4/09/2019;A;12:00:00;732
5/09/2019;A;12:00:00;32672
6/09/2019;A;12:00:00;33708
7/09/2019;A;12:00:00;48444
8/09/2019;A;12:00:00;19238
9/09/2019;A;12:00:00;31993
10/09/2019;A;12:00:00;32730
11/09/2019;A;12:00:00;33265
12/09/2019;A;12:00:00;33294
13/09/2019;A;12:00:00;33425
14/09/2019;A;12:00:00;46237
15/09/2019;A;12:00:00;19385
16/09/2019;A;12:00:00;364
17/09/2019;A;12:00:00;32839
18/09/2019;A;12:00:00;33051
19/09/2019;A;12:00:00;31893
20/09/2019;A;12:00:00;34354
21/09/2019;A;12:00:00;46177
22/09/2019;A;12:00:00;17482
23/09/2019;A;12:00:00;42722
24/09/2019;A;12:00:00;35330
25/09/2019;A;12:00:00;33049
26/09/2019;A;12:00:00;31570
27/09/2019;A;12:00:00;32650
28/09/2019;A;12:00:00;46480
29/09/2019;A;12:00:00;17402
30/09/2019;A;12:00:00;32014
1/10/2019;A;12:00:00;33253
2/10/2019;A;12:00:00;32933
3/10/2019;A;12:00:00;33005
4/10/2019;A;12:00:00;33853
5/10/2019;A;12:00:00;47817
6/10/2019;A;12:00:00;20514
7/10/2019;A;12:00:00;33547
8/10/2019;A;12:00:00;33372
9/10/2019;A;12:00:00;33458
10/10/2019;A;12:00:00;34863
11/10/2019;A;12:00:00;35619
12/10/2019;A;12:00:00;44388
13/10/2019;A;12:00:00;19178
14/10/2019;A;12:00:00;15891
15/10/2019;A;12:00:00;25038
16/10/2019;A;12:00:00;32821
17/10/2019;A;12:00:00;34455
18/10/2019;A;12:00:00;33072
19/10/2019;A;12:00:00;48011
20/10/2019;A;12:00:00;18820
21/10/2019;A;12:00:00;32345
22/10/2019;A;12:00:00;34145
23/10/2019;A;12:00:00;32807
24/10/2019;A;12:00:00;33282
25/10/2019;A;12:00:00;33479
26/10/2019;A;12:00:00;46790
27/10/2019;A;12:00:00;186
28/10/2019;A;12:00:00;31372
29/10/2019;A;12:00:00;32055
30/10/2019;A;12:00:00;28580
31/10/2019;A;12:00:00;34680
1/11/2019;A;12:00:00;33194
2/11/2019;A;12:00:00;46642
3/11/2019;A;12:00:00;18831
4/11/2019;A;12:00:00;15930
5/11/2019;A;12:00:00;35375
6/11/2019;A;12:00:00;33702
7/11/2019;A;12:00:00;32954
8/11/2019;A;12:00:00;34470
9/11/2019;A;12:00:00;48072
10/11/2019;A;12:00:00;19061
11/11/2019;A;12:00:00;17148
12/11/2019;A;12:00:00;33869
13/11/2019;A;12:00:00;33226
14/11/2019;A;12:00:00;32475
15/11/2019;A;12:00:00;34134
16/11/2019;A;12:00:00;48536
17/11/2019;A;12:00:00;18849
18/11/2019;A;12:00:00;33308
19/11/2019;A;12:00:00;34641
20/11/2019;A;12:00:00;40002
21/11/2019;A;12:00:00;43822
22/11/2019;A;12:00:00;34707
23/11/2019;A;12:00:00;46617
24/11/2019;A;12:00:00;18994
25/11/2019;A;12:00:00;33688
26/11/2019;A;12:00:00;35288
27/11/2019;A;12:00:00;34109
28/11/2019;A;12:00:00;33920
29/11/2019;A;12:00:00;35103
30/11/2019;A;12:00:00;46507
1/12/2019;A;12:00:00;19760
2/12/2019;A;12:00:00;34103
3/12/2019;A;12:00:00;34585
4/12/2019;A;12:00:00;35644
5/12/2019;A;12:00:00;35891
6/12/2019;A;12:00:00;35535
7/12/2019;A;12:00:00;46278
8/12/2019;A;12:00:00;19684
9/12/2019;A;12:00:00;33798
10/12/2019;A;12:00:00;35478
11/12/2019;A;12:00:00;34425
12/12/2019;A;12:00:00;34541
13/12/2019;A;12:00:00;35275
14/12/2019;A;12:00:00;46788
15/12/2019;A;12:00:00;25616
16/12/2019;A;12:00:00;35225
17/12/2019;A;12:00:00;34623
18/12/2019;A;12:00:00;34473
19/12/2019;A;12:00:00;35346
20/12/2019;A;12:00:00;35968
21/12/2019;A;12:00:00;46745
22/12/2019;A;12:00:00;28419
23/12/2019;A;12:00:00;37849
24/12/2019;A;12:00:00;41602
25/12/2019;A;12:00:00;11839
26/12/2019;A;12:00:00;28438
27/12/2019;A;12:00:00;30565
28/12/2019;A;12:00:00;36619
29/12/2019;A;12:00:00;19391
30/12/2019;A;12:00:00;7747
31/12/2019;A;12:00:00;30791
1/01/2019;B;12:00:00;1826
2/01/2019;B;12:00:00;3705
3/01/2019;B;12:00:00;4042
4/01/2019;B;12:00:00;4421
5/01/2019;B;12:00:00;4837
6/01/2019;B;12:00:00;3126
7/01/2019;B;12:00:00;2679
8/01/2019;B;12:00:00;4291
9/01/2019;B;12:00:00;4244
10/01/2019;B;12:00:00;4145
11/01/2019;B;12:00:00;4308
12/01/2019;B;12:00:00;5234
13/01/2019;B;12:00:00;2922
14/01/2019;B;12:00:00;3493
15/01/2019;B;12:00:00;417
16/01/2019;B;12:00:00;4390
17/01/2019;B;12:00:00;4405
18/01/2019;B;12:00:00;4728
19/01/2019;B;12:00:00;6204
20/01/2019;B;12:00:00;3056
21/01/2019;B;12:00:00;4807
22/01/2019;B;12:00:00;4667
23/01/2019;B;12:00:00;4665
24/01/2019;B;12:00:00;4560
25/01/2019;B;12:00:00;4619
26/01/2019;B;12:00:00;6185
27/01/2019;B;12:00:00;3043
28/01/2019;B;12:00:00;4896
29/01/2019;B;12:00:00;4747
30/01/2019;B;12:00:00;4847
31/01/2019;B;12:00:00;5046
1/02/2019;B;12:00:00;5256
2/02/2019;B;12:00:00;6647
3/02/2019;B;12:00:00;3257
4/02/2019;B;12:00:00;5248
5/02/2019;B;12:00:00;5460
6/02/2019;B;12:00:00;5286
7/02/2019;B;12:00:00;5069
8/02/2019;B;12:00:00;5497
9/02/2019;B;12:00:00;6710
10/02/2019;B;12:00:00;3151
11/02/2019;B;12:00:00;5197
12/02/2019;B;12:00:00;6638
13/02/2019;B;12:00:00;5293
14/02/2019;B;12:00:00;5520
15/02/2019;B;12:00:00;7439
16/02/2019;B;12:00:00;
17/02/2019;B;12:00:00;3322
18/02/2019;B;12:00:00;5524
19/02/2019;B;12:00:00;5386
20/02/2019;B;12:00:00;5506
21/02/2019;B;12:00:00;5560
22/02/2019;B;12:00:00;5637
23/02/2019;B;12:00:00;7081
24/02/2019;B;12:00:00;3237
25/02/2019;B;12:00:00;5300
26/02/2019;B;12:00:00;5502
27/02/2019;B;12:00:00;5346
28/02/2019;B;12:00:00;5256
1/03/2019;B;12:00:00;5593
2/03/2019;B;12:00:00;7156
3/03/2019;B;12:00:00;3529
4/03/2019;B;12:00:00;12971
5/03/2019;B;12:00:00;5370
6/03/2019;B;12:00:00;5386
7/03/2019;B;12:00:00;5105
8/03/2019;B;12:00:00;5601
9/03/2019;B;12:00:00;6787
10/03/2019;B;12:00:00;3398
11/03/2019;B;12:00:00;5317
12/03/2019;B;12:00:00;5279
13/03/2019;B;12:00:00;5462
14/03/2019;B;12:00:00;5086
15/03/2019;B;12:00:00;5294
16/03/2019;B;12:00:00;7106
17/03/2019;B;12:00:00;3029
18/03/2019;B;12:00:00;5311
19/03/2019;B;12:00:00;5282
20/03/2019;B;12:00:00;5461
21/03/2019;B;12:00:00;5043
22/03/2019;B;12:00:00;5455
23/03/2019;B;12:00:00;6509
24/03/2019;B;12:00:00;3419
25/03/2019;B;12:00:00;2596
26/03/2019;B;12:00:00;5279
27/03/2019;B;12:00:00;5490
28/03/2019;B;12:00:00;5038
29/03/2019;B;12:00:00;5328
30/03/2019;B;12:00:00;7170
31/03/2019;B;12:00:00;3250
1/04/2019;B;12:00:00;5367
2/04/2019;B;12:00:00;5791
3/04/2019;B;12:00:00;5226
4/04/2019;B;12:00:00;5312
5/04/2019;B;12:00:00;5505
6/04/2019;B;12:00:00;6969
7/04/2019;B;12:00:00;3521
8/04/2019;B;12:00:00;5197
9/04/2019;B;12:00:00;5270
10/04/2019;B;12:00:00;5511
11/04/2019;B;12:00:00;5082
12/04/2019;B;12:00:00;5114
13/04/2019;B;12:00:00;6491
14/04/2019;B;12:00:00;3031
15/04/2019;B;12:00:00;4410
16/04/2019;B;12:00:00;4735
17/04/2019;B;12:00:00;5032
18/04/2019;B;12:00:00;3100
19/04/2019;B;12:00:00;2575
20/04/2019;B;12:00:00;3901
21/04/2019;B;12:00:00;2700
22/04/2019;B;12:00:00;4964
23/04/2019;B;12:00:00;6387
24/04/2019;B;12:00:00;5275
25/04/2019;B;12:00:00;289
26/04/2019;B;12:00:00;3328
27/04/2019;B;12:00:00;6809
28/04/2019;B;12:00:00;3100
29/04/2019;B;12:00:00;5209
30/04/2019;B;12:00:00;5245
1/05/2019;B;12:00:00;3101
2/05/2019;B;12:00:00;5353
3/05/2019;B;12:00:00;5482
4/05/2019;B;12:00:00;7157
5/05/2019;B;12:00:00;3275
6/05/2019;B;12:00:00;5161
7/05/2019;B;12:00:00;5348
8/05/2019;B;12:00:00;5185
9/05/2019;B;12:00:00;5159
10/05/2019;B;12:00:00;5373
11/05/2019;B;12:00:00;7040
12/05/2019;B;12:00:00;3253
13/05/2019;B;12:00:00;
14/05/2019;B;12:00:00;5146
15/05/2019;B;12:00:00;5256
16/05/2019;B;12:00:00;5186
17/05/2019;B;12:00:00;5230
18/05/2019;B;12:00:00;6913
19/05/2019;B;12:00:00;3270
20/05/2019;B;12:00:00;5015
21/05/2019;B;12:00:00;5084
22/05/2019;B;12:00:00;5103
23/05/2019;B;12:00:00;4703
24/05/2019;B;12:00:00;4958
25/05/2019;B;12:00:00;6807
26/05/2019;B;12:00:00;3271
27/05/2019;B;12:00:00;4846
28/05/2019;B;12:00:00;5044
29/05/2019;B;12:00:00;5037
30/05/2019;B;12:00:00;4636
31/05/2019;B;12:00:00;4887
1/06/2019;B;12:00:00;6708
2/06/2019;B;12:00:00;3193
3/06/2019;B;12:00:00;2654
4/06/2019;B;12:00:00;5186
5/06/2019;B;12:00:00;5045
6/06/2019;B;12:00:00;5022
7/06/2019;B;12:00:00;4807
8/06/2019;B;12:00:00;6883
9/06/2019;B;12:00:00;3333
10/06/2019;B;12:00:00;4586
11/06/2019;B;12:00:00;4973
12/06/2019;B;12:00:00;4837
13/06/2019;B;12:00:00;4732
14/06/2019;B;12:00:00;4707
15/06/2019;B;12:00:00;6398
16/06/2019;B;12:00:00;3230
17/06/2019;B;12:00:00;4328
18/06/2019;B;12:00:00;4930
19/06/2019;B;12:00:00;4910
20/06/2019;B;12:00:00;4777
21/06/2019;B;12:00:00;4799
22/06/2019;B;12:00:00;6395
23/06/2019;B;12:00:00;3558
24/06/2019;B;12:00:00;2563
25/06/2019;B;12:00:00;4710
26/06/2019;B;12:00:00;4893
27/06/2019;B;12:00:00;4622
28/06/2019;B;12:00:00;4763
29/06/2019;B;12:00:00;6182
30/06/2019;B;12:00:00;4189
1/07/2019;B;12:00:00;2648
2/07/2019;B;12:00:00;5094
3/07/2019;B;12:00:00;4947
4/07/2019;B;12:00:00;4847
5/07/2019;B;12:00:00;5041
6/07/2019;B;12:00:00;6565
7/07/2019;B;12:00:00;3327
8/07/2019;B;12:00:00;4593
9/07/2019;B;12:00:00;4476
10/07/2019;B;12:00:00;5874
11/07/2019;B;12:00:00;4610
12/07/2019;B;12:00:00;4773
13/07/2019;B;12:00:00;6622
14/07/2019;B;12:00:00;3312
15/07/2019;B;12:00:00;4933
16/07/2019;B;12:00:00;4966
17/07/2019;B;12:00:00;4838
18/07/2019;B;12:00:00;4947
19/07/2019;B;12:00:00;5027
20/07/2019;B;12:00:00;4286
21/07/2019;B;12:00:00;3772
22/07/2019;B;12:00:00;4911
23/07/2019;B;12:00:00;5247
24/07/2019;B;12:00:00;5078
25/07/2019;B;12:00:00;5007
26/07/2019;B;12:00:00;5130
27/07/2019;B;12:00:00;6891
28/07/2019;B;12:00:00;3429
29/07/2019;B;12:00:00;5065
30/07/2019;B;12:00:00;5023
31/07/2019;B;12:00:00;5351
1/08/2019;B;12:00:00;5646
2/08/2019;B;12:00:00;5657
3/08/2019;B;12:00:00;8007
4/08/2019;B;12:00:00;3918
5/08/2019;B;12:00:00;5447
6/08/2019;B;12:00:00;5793
7/08/2019;B;12:00:00;3519
8/08/2019;B;12:00:00;5792
9/08/2019;B;12:00:00;5915
10/08/2019;B;12:00:00;8911
11/08/2019;B;12:00:00;4546
12/08/2019;B;12:00:00;5356
13/08/2019;B;12:00:00;5394
14/08/2019;B;12:00:00;5416
15/08/2019;B;12:00:00;5347
16/08/2019;B;12:00:00;5524
17/08/2019;B;12:00:00;7264
18/08/2019;B;12:00:00;3673
19/08/2019;B;12:00:00;2847
20/08/2019;B;12:00:00;5579
21/08/2019;B;12:00:00;5403
22/08/2019;B;12:00:00;5305
23/08/2019;B;12:00:00;5386
24/08/2019;B;12:00:00;7166
25/08/2019;B;12:00:00;3439
26/08/2019;B;12:00:00;5154
27/08/2019;B;12:00:00;5255
28/08/2019;B;12:00:00;5282
29/08/2019;B;12:00:00;5020
30/08/2019;B;12:00:00;5440
31/08/2019;B;12:00:00;7310
1/09/2019;B;12:00:00;3505
2/09/2019;B;12:00:00;5233
3/09/2019;B;12:00:00;5402
4/09/2019;B;12:00:00;39
5/09/2019;B;12:00:00;5210
6/09/2019;B;12:00:00;5422
7/09/2019;B;12:00:00;7330
8/09/2019;B;12:00:00;3400
9/09/2019;B;12:00:00;5291
10/09/2019;B;12:00:00;5282
11/09/2019;B;12:00:00;5519
12/09/2019;B;12:00:00;5236
13/09/2019;B;12:00:00;5233
14/09/2019;B;12:00:00;7154
15/09/2019;B;12:00:00;3896
16/09/2019;B;12:00:00;65
17/09/2019;B;12:00:00;5317
18/09/2019;B;12:00:00;5280
19/09/2019;B;12:00:00;5192
20/09/2019;B;12:00:00;4893
21/09/2019;B;12:00:00;7220
22/09/2019;B;12:00:00;3279
23/09/2019;B;12:00:00;6352
24/09/2019;B;12:00:00;5361
25/09/2019;B;12:00:00;5421
26/09/2019;B;12:00:00;5128
27/09/2019;B;12:00:00;5410
28/09/2019;B;12:00:00;6941
29/09/2019;B;12:00:00;3230
30/09/2019;B;12:00:00;5206
1/10/2019;B;12:00:00;5300
2/10/2019;B;12:00:00;5063
3/10/2019;B;12:00:00;5414
4/10/2019;B;12:00:00;5306
5/10/2019;B;12:00:00;7190
6/10/2019;B;12:00:00;3819
7/10/2019;B;12:00:00;5329
8/10/2019;B;12:00:00;5428
9/10/2019;B;12:00:00;5504
10/10/2019;B;12:00:00;5793
11/10/2019;B;12:00:00;5624
12/10/2019;B;12:00:00;6707
13/10/2019;B;12:00:00;3695
14/10/2019;B;12:00:00;2664
15/10/2019;B;12:00:00;4138
16/10/2019;B;12:00:00;5437
17/10/2019;B;12:00:00;5317
18/10/2019;B;12:00:00;5414
19/10/2019;B;12:00:00;7572
20/10/2019;B;12:00:00;3528
21/10/2019;B;12:00:00;5058
22/10/2019;B;12:00:00;5489
23/10/2019;B;12:00:00;5358
24/10/2019;B;12:00:00;5388
25/10/2019;B;12:00:00;5302
26/10/2019;B;12:00:00;7219
27/10/2019;B;12:00:00;6
28/10/2019;B;12:00:00;4718
29/10/2019;B;12:00:00;5208
30/10/2019;B;12:00:00;4411
31/10/2019;B;12:00:00;5502
1/11/2019;B;12:00:00;5125
2/11/2019;B;12:00:00;7020
3/11/2019;B;12:00:00;3401
4/11/2019;B;12:00:00;2553
5/11/2019;B;12:00:00;5387
6/11/2019;B;12:00:00;5267
7/11/2019;B;12:00:00;5494
8/11/2019;B;12:00:00;5370
9/11/2019;B;12:00:00;6770
10/11/2019;B;12:00:00;3539
11/11/2019;B;12:00:00;2812
12/11/2019;B;12:00:00;5442
13/11/2019;B;12:00:00;5022
14/11/2019;B;12:00:00;5051
15/11/2019;B;12:00:00;5348
16/11/2019;B;12:00:00;7264
17/11/2019;B;12:00:00;3598
18/11/2019;B;12:00:00;4859
19/11/2019;B;12:00:00;4928
20/11/2019;B;12:00:00;6349
21/11/2019;B;12:00:00;6990
22/11/2019;B;12:00:00;5416
23/11/2019;B;12:00:00;6922
24/11/2019;B;12:00:00;3473
25/11/2019;B;12:00:00;5162
26/11/2019;B;12:00:00;5136
27/11/2019;B;12:00:00;5087
28/11/2019;B;12:00:00;5039
29/11/2019;B;12:00:00;5114
30/11/2019;B;12:00:00;6933
1/12/2019;B;12:00:00;3616
2/12/2019;B;12:00:00;4926
3/12/2019;B;12:00:00;4867
4/12/2019;B;12:00:00;5214
5/12/2019;B;12:00:00;5307
6/12/2019;B;12:00:00;5348
7/12/2019;B;12:00:00;6496
8/12/2019;B;12:00:00;3385
9/12/2019;B;12:00:00;4971
10/12/2019;B;12:00:00;5126
11/12/2019;B;12:00:00;5135
12/12/2019;B;12:00:00;4838
13/12/2019;B;12:00:00;5172
14/12/2019;B;12:00:00;7067
15/12/2019;B;12:00:00;3995
16/12/2019;B;12:00:00;4974
17/12/2019;B;12:00:00;5223
18/12/2019;B;12:00:00;5156
19/12/2019;B;12:00:00;5144
20/12/2019;B;12:00:00;5159
21/12/2019;B;12:00:00;6613
22/12/2019;B;12:00:00;4339
23/12/2019;B;12:00:00;5343
24/12/2019;B;12:00:00;5345
25/12/2019;B;12:00:00;1913
26/12/2019;B;12:00:00;4116
27/12/2019;B;12:00:00;4469
28/12/2019;B;12:00:00;5249
29/12/2019;B;12:00:00;3301
30/12/2019;B;12:00:00;1097
31/12/2019;B;12:00:00;4492
1/01/2020;A;12:00:00;10554
1/01/2020;B;12:00:00;2023
2/01/2020;A;12:00:00;23850
2/01/2020;B;12:00:00;3814
3/01/2020;A;12:00:00;26926
3/01/2020;B;12:00:00;4321
4/01/2020;A;12:00:00;32629
4/01/2020;B;12:00:00;4759
5/01/2020;A;12:00:00;17575
5/01/2020;B;12:00:00;3228
6/01/2020;A;12:00:00;16199
6/01/2020;B;12:00:00;3056
7/01/2020;A;12:00:00;30303
7/01/2020;B;12:00:00;4674
8/01/2020;A;12:00:00;27734
8/01/2020;B;12:00:00;4282
9/01/2020;A;12:00:00;27792
9/01/2020;B;12:00:00;4184
10/01/2020;A;12:00:00;28188
10/01/2020;B;12:00:00;4258
11/01/2020;A;12:00:00;38286
11/01/2020;B;12:00:00;5432
12/01/2020;A;12:00:00;16430
12/01/2020;B;12:00:00;2988
13/01/2020;A;12:00:00;29018
13/01/2020;B;12:00:00;4378
14/01/2020;A;12:00:00;29146
14/01/2020;B;12:00:00;4535
15/01/2020;A;12:00:00;29165
15/01/2020;B;12:00:00;4317
16/01/2020;A;12:00:00;30012
16/01/2020;B;12:00:00;4453
17/01/2020;A;12:00:00;29797
17/01/2020;B;12:00:00;4624
18/01/2020;A;12:00:00;42192
18/01/2020;B;12:00:00;6148
19/01/2020;A;12:00:00;17011
19/01/2020;B;12:00:00;3171
20/01/2020;A;12:00:00;30558
20/01/2020;B;12:00:00;4870
21/01/2020;A;12:00:00;31203
21/01/2020;B;12:00:00;4908
22/01/2020;A;12:00:00;30458
22/01/2020;B;12:00:00;4744
23/01/2020;A;12:00:00;30165
23/01/2020;B;12:00:00;4753
24/01/2020;A;12:00:00;30789
24/01/2020;B;12:00:00;4902
25/01/2020;A;12:00:00;43614
25/01/2020;B;12:00:00;6597
26/01/2020;A;12:00:00;17055
26/01/2020;B;12:00:00;3220
27/01/2020;A;12:00:00;30567
27/01/2020;B;12:00:00;4893
28/01/2020;A;12:00:00;27881
28/01/2020;B;12:00:00;4959
29/01/2020;A;12:00:00;30510
29/01/2020;B;12:00:00;5204
30/01/2020;A;12:00:00;30146
30/01/2020;B;12:00:00;5006
31/01/2020;A;12:00:00;31870
31/01/2020;B;12:00:00;5107
1/02/2020;A;12:00:00;44528
1/02/2020;B;12:00:00;6923
2/02/2020;A;12:00:00;17506
2/02/2020;B;12:00:00;3428
3/02/2020;A;12:00:00;32717
3/02/2020;B;12:00:00;5130
4/02/2020;A;12:00:00;33515
4/02/2020;B;12:00:00;5228
5/02/2020;A;12:00:00;32576
5/02/2020;B;12:00:00;5240
6/02/2020;A;12:00:00;32344
6/02/2020;B;12:00:00;5350
7/02/2020;A;12:00:00;33064
7/02/2020;B;12:00:00;5467
8/02/2020;A;12:00:00;45780
8/02/2020;B;12:00:00;7125
9/02/2020;A;12:00:00;16720
9/02/2020;B;12:00:00;3091
10/02/2020;A;12:00:00;32892
10/02/2020;B;12:00:00;5190
11/02/2020;A;12:00:00;32924
11/02/2020;B;12:00:00;5207
12/02/2020;A;12:00:00;34064
12/02/2020;B;12:00:00;5652
13/02/2020;A;12:00:00;32424
13/02/2020;B;12:00:00;5188
14/02/2020;A;12:00:00;31842
14/02/2020;B;12:00:00;5191
15/02/2020;A;12:00:00;44702
15/02/2020;B;12:00:00;7065
16/02/2020;A;12:00:00;13515
16/02/2020;B;12:00:00;3099
17/02/2020;A;12:00:00;65992
17/02/2020;B;12:00:00;10508
18/02/2020;A;12:00:00;65582
18/02/2020;B;12:00:00;10766
19/02/2020;A;12:00:00;32409
19/02/2020;B;12:00:00;5282
20/02/2020;A;12:00:00;34805
20/02/2020;B;12:00:00;5521
21/02/2020;A;12:00:00;34138
21/02/2020;B;12:00:00;5364
22/02/2020;A;12:00:00;46300
22/02/2020;B;12:00:00;6965
23/02/2020;A;12:00:00;17459
23/02/2020;B;12:00:00;3200
24/02/2020;A;12:00:00;32763
24/02/2020;B;12:00:00;5150
25/02/2020;A;12:00:00;32124
25/02/2020;B;12:00:00;5245
26/02/2020;A;12:00:00;31945
26/02/2020;B;12:00:00;5240
27/02/2020;A;12:00:00;32192
27/02/2020;B;12:00:00;5120
28/02/2020;A;12:00:00;33383
28/02/2020;B;12:00:00;5265
29/02/2020;A;12:00:00;49658
29/02/2020;B;12:00:00;7212
1/03/2020;A;12:00:00;17905
1/03/2020;B;12:00:00;3430
2/03/2020;A;12:00:00;32625
2/03/2020;B;12:00:00;5239
3/03/2020;A;12:00:00;34227
3/03/2020;B;12:00:00;5689
4/03/2020;A;12:00:00;34000
4/03/2020;B;12:00:00;5545
5/03/2020;A;12:00:00;33593
5/03/2020;B;12:00:00;5465
6/03/2020;A;12:00:00;33416
6/03/2020;B;12:00:00;5612
7/03/2020;A;12:00:00;48993
7/03/2020;B;12:00:00;7461
8/03/2020;A;12:00:00;17007
8/03/2020;B;12:00:00;2952
9/03/2020;A;12:00:00;32002
9/03/2020;B;12:00:00;5109
10/03/2020;A;12:00:00;28618
10/03/2020;B;12:00:00;5225
11/03/2020;A;12:00:00;34341
11/03/2020;B;12:00:00;5663
12/03/2020;A;12:00:00;32954
12/03/2020;B;12:00:00;5299
13/03/2020;A;12:00:00;32880
13/03/2020;B;12:00:00;5405
14/03/2020;A;12:00:00;41047
14/03/2020;B;12:00:00;5772
15/03/2020;A;12:00:00;13493
15/03/2020;B;12:00:00;2373
16/03/2020;A;12:00:00;23163
16/03/2020;B;12:00:00;3245
17/03/2020;A;12:00:00;19326
17/03/2020;B;12:00:00;2908
18/03/2020;A;12:00:00;16519
18/03/2020;B;12:00:00;2523
19/03/2020;A;12:00:00;14938
19/03/2020;B;12:00:00;2220
20/03/2020;A;12:00:00;16033
20/03/2020;B;12:00:00;2181
21/03/2020;A;12:00:00;4649
21/03/2020;B;12:00:00;616
22/03/2020;A;12:00:00;1959
22/03/2020;B;12:00:00;246
23/03/2020;A;12:00:00;2646
23/03/2020;B;12:00:00;390
24/03/2020;A;12:00:00;9716
24/03/2020;B;12:00:00;1485
25/03/2020;A;12:00:00;4055
25/03/2020;B;12:00:00;537
26/03/2020;A;12:00:00;3815
26/03/2020;B;12:00:00;507
27/03/2020;A;12:00:00;3981
27/03/2020;B;12:00:00;542
28/03/2020;A;12:00:00;4006
28/03/2020;B;12:00:00;500
29/03/2020;A;12:00:00;1254
29/03/2020;B;12:00:00;155
30/03/2020;A;12:00:00;3853
30/03/2020;B;12:00:00;560
31/03/2020;A;12:00:00;3891
31/03/2020;B;12:00:00;568
1/04/2020;A;12:00:00;3971
1/04/2020;B;12:00:00;557
2/04/2020;A;12:00:00;3734
2/04/2020;B;12:00:00;517
3/04/2020;A;12:00:00;3782
3/04/2020;B;12:00:00;554
4/04/2020;A;12:00:00;4064
4/04/2020;B;12:00:00;545
5/04/2020;A;12:00:00;1347
5/04/2020;B;12:00:00;179
6/04/2020;A;12:00:00;3898
6/04/2020;B;12:00:00;563
7/04/2020;A;12:00:00;3954
7/04/2020;B;12:00:00;582
8/04/2020;A;12:00:00;4169
8/04/2020;B;12:00:00;620
9/04/2020;A;12:00:00;1769
9/04/2020;B;12:00:00;265
10/04/2020;A;12:00:00;1302
10/04/2020;B;12:00:00;205
11/04/2020;A;12:00:00;3163
11/04/2020;B;12:00:00;466
12/04/2020;A;12:00:00;1227
12/04/2020;B;12:00:00;194
13/04/2020;A;12:00:00;4318
13/04/2020;B;12:00:00;656
14/04/2020;A;12:00:00;4021
14/04/2020;B;12:00:00;562
15/04/2020;A;12:00:00;4274
15/04/2020;B;12:00:00;596
16/04/2020;A;12:00:00;4375
16/04/2020;B;12:00:00;660
17/04/2020;A;12:00:00;4316
17/04/2020;B;12:00:00;633
18/04/2020;A;12:00:00;5057
18/04/2020;B;12:00:00;641
19/04/2020;A;12:00:00;1546
19/04/2020;B;12:00:00;254
20/04/2020;A;12:00:00;4333
20/04/2020;B;12:00:00;686
21/04/2020;A;12:00:00;4279
21/04/2020;B;12:00:00;660
22/04/2020;A;12:00:00;4384
22/04/2020;B;12:00:00;631
23/04/2020;A;12:00:00;4367
23/04/2020;B;12:00:00;646
24/04/2020;A;12:00:00;4599
24/04/2020;B;12:00:00;670
25/04/2020;A;12:00:00;5293
25/04/2020;B;12:00:00;719
26/04/2020;A;12:00:00;1728
26/04/2020;B;12:00:00;278
27/04/2020;A;12:00:00;4696
27/04/2020;B;12:00:00;653
28/04/2020;A;12:00:00;4599
28/04/2020;B;12:00:00;669
29/04/2020;A;12:00:00;5008
29/04/2020;B;12:00:00;717
30/04/2020;A;12:00:00;4987
30/04/2020;B;12:00:00;688
1/05/2020;A;12:00:00;2518
1/05/2020;B;12:00:00;383
2/05/2020;A;12:00:00;5985
2/05/2020;B;12:00:00;785
3/05/2020;A;12:00:00;1971
3/05/2020;B;12:00:00;297
4/05/2020;A;12:00:00;5222
4/05/2020;B;12:00:00;739
5/05/2020;A;12:00:00;5308
5/05/2020;B;12:00:00;739
6/05/2020;A;12:00:00;5360
6/05/2020;B;12:00:00;723
7/05/2020;A;12:00:00;5399
7/05/2020;B;12:00:00;729
8/05/2020;A;12:00:00;5490
8/05/2020;B;12:00:00;759
9/05/2020;A;12:00:00;8247
9/05/2020;B;12:00:00;992
10/05/2020;A;12:00:00;1790
10/05/2020;B;12:00:00;282
11/05/2020;A;12:00:00;5445
11/05/2020;B;12:00:00;804
12/05/2020;A;12:00:00;5433
12/05/2020;B;12:00:00;835
13/05/2020;A;12:00:00;5721
13/05/2020;B;12:00:00;784
14/05/2020;A;12:00:00;5842
14/05/2020;B;12:00:00;866
15/05/2020;A;12:00:00;5916
15/05/2020;B;12:00:00;887
16/05/2020;A;12:00:00;9848
16/05/2020;B;12:00:00;1192
17/05/2020;A;12:00:00;2331
17/05/2020;B;12:00:00;371
18/05/2020;A;12:00:00;5861
18/05/2020;B;12:00:00;907
19/05/2020;A;12:00:00;5975
19/05/2020;B;12:00:00;874
20/05/2020;A;12:00:00;6218
20/05/2020;B;12:00:00;878
21/05/2020;A;12:00:00;6241
21/05/2020;B;12:00:00;904
22/05/2020;A;12:00:00;6545
22/05/2020;B;12:00:00;963
23/05/2020;A;12:00:00;11011
23/05/2020;B;12:00:00;1336
24/05/2020;A;12:00:00;2414
24/05/2020;B;12:00:00;405
25/05/2020;A;12:00:00;2402
25/05/2020;B;12:00:00;344
26/05/2020;A;12:00:00;6348
26/05/2020;B;12:00:00;914
27/05/2020;A;12:00:00;6384
27/05/2020;B;12:00:00;873
28/05/2020;A;12:00:00;6614
28/05/2020;B;12:00:00;933
29/05/2020;A;12:00:00;6717
29/05/2020;B;12:00:00;1007
30/05/2020;A;12:00:00;11466
30/05/2020;B;12:00:00;1309
31/05/2020;A;12:00:00;2643
31/05/2020;B;12:00:00;431
1/06/2020;A;12:00:00;7886
1/06/2020;B;12:00:00;1112
2/06/2020;A;12:00:00;8259
2/06/2020;B;12:00:00;1228
3/06/2020;A;12:00:00;7728
3/06/2020;B;12:00:00;1082
4/06/2020;A;12:00:00;8050
4/06/2020;B;12:00:00;1095
5/06/2020;A;12:00:00;8265
5/06/2020;B;12:00:00;1167
6/06/2020;A;12:00:00;13009
6/06/2020;B;12:00:00;1583
7/06/2020;A;12:00:00;3227
7/06/2020;B;12:00:00;535
8/06/2020;A;12:00:00;8016
8/06/2020;B;12:00:00;1141
9/06/2020;A;12:00:00;8553
9/06/2020;B;12:00:00;1247
10/06/2020;A;12:00:00;8144
10/06/2020;B;12:00:00;1140
11/06/2020;A;12:00:00;8490
11/06/2020;B;12:00:00;1107
12/06/2020;A;12:00:00;9174
12/06/2020;B;12:00:00;1301
14/06/2020;A;12:00:00;3875
14/06/2020;B;12:00:00;609
15/06/2020;A;12:00:00;4007
15/06/2020;B;12:00:00;637
16/06/2020;A;12:00:00;9572
16/06/2020;B;12:00:00;1479
17/06/2020;A;12:00:00;9464
17/06/2020;B;12:00:00;1348
18/06/2020;A;12:00:00;9351
18/06/2020;B;12:00:00;1431
19/06/2020;A;12:00:00;11174
19/06/2020;B;12:00:00;1646
20/06/2020;A;12:00:00;14939
20/06/2020;B;12:00:00;1784
21/06/2020;A;12:00:00;4072
21/06/2020;B;12:00:00;609
22/06/2020;A;12:00:00;3755
22/06/2020;B;12:00:00;603
23/06/2020;A;12:00:00;9517
23/06/2020;B;12:00:00;1440
24/06/2020;A;12:00:00;9644
24/06/2020;B;12:00:00;1399
25/06/2020;A;12:00:00;9617
25/06/2020;B;12:00:00;1377
26/06/2020;A;12:00:00;9835
26/06/2020;B;12:00:00;1399
27/06/2020;A;12:00:00;14902
27/06/2020;B;12:00:00;1850
28/06/2020;A;12:00:00;4189
28/06/2020;B;12:00:00;612
29/06/2020;A;12:00:00;4190
29/06/2020;B;12:00:00;665
30/06/2020;A;12:00:00;9733
30/06/2020;B;12:00:00;1461
1/07/2020;A;12:00:00;10313
1/07/2020;B;12:00:00;1494
2/07/2020;A;12:00:00;10031
2/07/2020;B;12:00:00;1550
3/07/2020;A;12:00:00;9427
3/07/2020;B;12:00:00;1469
4/07/2020;A;12:00:00;15470
4/07/2020;B;12:00:00;2056
5/07/2020;A;12:00:00;4229
5/07/2020;B;12:00:00;630
6/07/2020;A;12:00:00;9794
6/07/2020;B;12:00:00;1376
7/07/2020;A;12:00:00;10027
7/07/2020;B;12:00:00;1453
8/07/2020;A;12:00:00;9630
8/07/2020;B;12:00:00;1476
9/07/2020;A;12:00:00;9689
9/07/2020;B;12:00:00;1417
10/07/2020;A;12:00:00;9585
10/07/2020;B;12:00:00;1444
11/07/2020;A;12:00:00;15161
11/07/2020;B;12:00:00;1846
12/07/2020;A;12:00:00;4181
12/07/2020;B;12:00:00;666
13/07/2020;A;12:00:00;7598
13/07/2020;B;12:00:00;1126
14/07/2020;A;12:00:00;7439
14/07/2020;B;12:00:00;1084
15/07/2020;A;12:00:00;7558
15/07/2020;B;12:00:00;1101
16/07/2020;A;12:00:00;8272
16/07/2020;B;12:00:00;1307
17/07/2020;A;12:00:00;3932
17/07/2020;B;12:00:00;502
18/07/2020;A;12:00:00;5234
18/07/2020;B;12:00:00;589
19/07/2020;A;12:00:00;1471
19/07/2020;B;12:00:00;164
20/07/2020;A;12:00:00;1591
20/07/2020;B;12:00:00;231
21/07/2020;A;12:00:00;8301
21/07/2020;B;12:00:00;1250
22/07/2020;A;12:00:00;8021
22/07/2020;B;12:00:00;1252
23/07/2020;A;12:00:00;7902
23/07/2020;B;12:00:00;1149
24/07/2020;A;12:00:00;4369
24/07/2020;B;12:00:00;621
25/07/2020;A;12:00:00;6501
25/07/2020;B;12:00:00;780
26/07/2020;A;12:00:00;1614
26/07/2020;B;12:00:00;201
27/07/2020;A;12:00:00;8141
27/07/2020;B;12:00:00;1285
28/07/2020;A;12:00:00;8225
28/07/2020;B;12:00:00;1219
29/07/2020;A;12:00:00;7950
29/07/2020;B;12:00:00;1269
30/07/2020;A;12:00:00;7787
30/07/2020;B;12:00:00;1153
31/07/2020;A;12:00:00;4246
31/07/2020;B;12:00:00;573
1/08/2020;A;12:00:00;6247
1/08/2020;B;12:00:00;737
2/08/2020;A;12:00:00;1648
2/08/2020;B;12:00:00;188
3/08/2020;A;12:00:00;8311
3/08/2020;B;12:00:00;1190
4/08/2020;A;12:00:00;8170
4/08/2020;B;12:00:00;1197
5/08/2020;A;12:00:00;8644
5/08/2020;B;12:00:00;1309
6/08/2020;A;12:00:00;9020
6/08/2020;B;12:00:00;1295
7/08/2020;A;12:00:00;2461
7/08/2020;B;12:00:00;362
9/08/2020;A;12:00:00;1564
9/08/2020;B;12:00:00;214
10/08/2020;A;12:00:00;8455
10/08/2020;B;12:00:00;1229
11/08/2020;A;12:00:00;8236
11/08/2020;B;12:00:00;1244
12/08/2020;A;12:00:00;8110
12/08/2020;B;12:00:00;1244
13/08/2020;A;12:00:00;8337
13/08/2020;B;12:00:00;1231
14/08/2020;A;12:00:00;8061
14/08/2020;B;12:00:00;1176
15/08/2020;A;12:00:00;8392
15/08/2020;B;12:00:00;998
16/08/2020;A;12:00:00;1943
16/08/2020;B;12:00:00;231
17/08/2020;A;12:00:00;2006
17/08/2020;B;12:00:00;261
18/08/2020;A;12:00:00;8849
18/08/2020;B;12:00:00;1358
19/08/2020;A;12:00:00;8704
19/08/2020;B;12:00:00;1405
20/08/2020;A;12:00:00;17582
20/08/2020;B;12:00:00;2648
21/08/2020;A;12:00:00;8685
21/08/2020;B;12:00:00;1285
22/08/2020;A;12:00:00;14060
22/08/2020;B;12:00:00;1724
23/08/2020;A;12:00:00;3360
23/08/2020;B;12:00:00;564
24/08/2020;A;12:00:00;8606
24/08/2020;B;12:00:00;1282
25/08/2020;A;12:00:00;8829
25/08/2020;B;12:00:00;1333
26/08/2020;A;12:00:00;8831
26/08/2020;B;12:00:00;1365
27/08/2020;A;12:00:00;8695
27/08/2020;B;12:00:00;1227
28/08/2020;A;12:00:00;8992
28/08/2020;B;12:00:00;1280
29/08/2020;A;12:00:00;14666
29/08/2020;B;12:00:00;1726
30/08/2020;A;12:00:00;4023
30/08/2020;B;12:00:00;553
31/08/2020;A;12:00:00;10495
31/08/2020;B;12:00:00;1508
1/09/2020;A;12:00:00;12065
1/09/2020;B;12:00:00;1741
2/09/2020;A;12:00:00;11831
2/09/2020;B;12:00:00;1733
3/09/2020;A;12:00:00;11960
3/09/2020;B;12:00:00;1805
4/09/2020;A;12:00:00;12303
4/09/2020;B;12:00:00;1868
5/09/2020;A;12:00:00;19953
5/09/2020;B;12:00:00;2488
6/09/2020;A;12:00:00;6664
6/09/2020;B;12:00:00;1058
7/09/2020;A;12:00:00;12915
7/09/2020;B;12:00:00;1839
8/09/2020;A;12:00:00;12824
8/09/2020;B;12:00:00;1908
9/09/2020;A;12:00:00;12614
9/09/2020;B;12:00:00;1925
10/09/2020;A;12:00:00;12437
10/09/2020;B;12:00:00;1870
11/09/2020;A;12:00:00;12966
11/09/2020;B;12:00:00;1870
12/09/2020;A;12:00:00;20609
12/09/2020;B;12:00:00;2733
13/09/2020;A;12:00:00;7226
13/09/2020;B;12:00:00;1236
14/09/2020;A;12:00:00;12937
14/09/2020;B;12:00:00;1889
15/09/2020;A;12:00:00;13033
15/09/2020;B;12:00:00;1959
16/09/2020;A;12:00:00;13447
16/09/2020;B;12:00:00;1876
17/09/2020;A;12:00:00;13617
17/09/2020;B;12:00:00;1922
18/09/2020;A;12:00:00;14008
18/09/2020;B;12:00:00;2019
19/09/2020;A;12:00:00;22132
19/09/2020;B;12:00:00;2911
20/09/2020;A;12:00:00;8254
20/09/2020;B;12:00:00;1389
21/09/2020;A;12:00:00;13786
21/09/2020;B;12:00:00;2029
22/09/2020;A;12:00:00;13986
22/09/2020;B;12:00:00;2077
23/09/2020;A;12:00:00;13973
23/09/2020;B;12:00:00;1968
24/09/2020;A;12:00:00;13669
24/09/2020;B;12:00:00;2029
25/09/2020;A;12:00:00;14203
25/09/2020;B;12:00:00;2055
26/09/2020;A;12:00:00;22447
26/09/2020;B;12:00:00;3032
27/09/2020;A;12:00:00;8266
27/09/2020;B;12:00:00;1427
28/09/2020;A;12:00:00;14128
28/09/2020;B;12:00:00;2143
29/09/2020;A;12:00:00;13526
29/09/2020;B;12:00:00;1659
30/09/2020;A;12:00:00;13981
30/09/2020;B;12:00:00;2161
1/10/2020;A;12:00:00;14944
1/10/2020;B;12:00:00;2163
2/10/2020;A;12:00:00;14849
2/10/2020;B;12:00:00;2237
3/10/2020;A;12:00:00;23262
3/10/2020;B;12:00:00;3301
4/10/2020;A;12:00:00;9375
4/10/2020;B;12:00:00;1702
5/10/2020;A;12:00:00;15490
5/10/2020;B;12:00:00;2355
6/10/2020;A;12:00:00;15459
6/10/2020;B;12:00:00;2350
7/10/2020;A;12:00:00;15156
7/10/2020;B;12:00:00;2257
8/10/2020;A;12:00:00;14893
8/10/2020;B;12:00:00;2249
9/10/2020;A;12:00:00;15363
9/10/2020;B;12:00:00;2271
10/10/2020;A;12:00:00;24068
10/10/2020;B;12:00:00;3239
11/10/2020;A;12:00:00;9258
11/10/2020;B;12:00:00;1647
12/10/2020;A;12:00:00;7973
12/10/2020;B;12:00:00;1295
13/10/2020;A;12:00:00;15657
13/10/2020;B;12:00:00;2289
14/10/2020;A;12:00:00;15014
14/10/2020;B;12:00:00;2240
15/10/2020;A;12:00:00;14767
15/10/2020;B;12:00:00;2356
16/10/2020;A;12:00:00;15556
16/10/2020;B;12:00:00;2195
17/10/2020;A;12:00:00;24444
17/10/2020;B;12:00:00;3407
18/10/2020;A;12:00:00;9332
18/10/2020;B;12:00:00;1593
19/10/2020;A;12:00:00;15525
19/10/2020;B;12:00:00;2272
20/10/2020;A;12:00:00;15248
20/10/2020;B;12:00:00;2353
21/10/2020;A;12:00:00;15524
21/10/2020;B;12:00:00;2285
22/10/2020;A;12:00:00;15316
22/10/2020;B;12:00:00;2241
23/10/2020;A;12:00:00;15561
23/10/2020;B;12:00:00;2277
24/10/2020;A;12:00:00;24938
24/10/2020;B;12:00:00;3330
25/10/2020;A;12:00:00;9245
25/10/2020;B;12:00:00;1544
26/10/2020;A;12:00:00;15142
26/10/2020;B;12:00:00;2429
27/10/2020;A;12:00:00;15204
27/10/2020;B;12:00:00;2288
28/10/2020;A;12:00:00;15424
28/10/2020;B;12:00:00;2350
29/10/2020;A;12:00:00;15049
29/10/2020;B;12:00:00;2187
30/10/2020;A;12:00:00;15585
30/10/2020;B;12:00:00;2321
31/10/2020;A;12:00:00;23160
31/10/2020;B;12:00:00;3118
1/11/2020;A;12:00:00;7930
1/11/2020;B;12:00:00;1436
2/11/2020;A;12:00:00;7024
2/11/2020;B;12:00:00;1225
3/11/2020;A;12:00:00;16969
3/11/2020;B;12:00:00;2724
4/11/2020;A;12:00:00;15919
4/11/2020;B;12:00:00;2553
5/11/2020;A;12:00:00;15904
5/11/2020;B;12:00:00;2450
6/11/2020;A;12:00:00;16326
6/11/2020;B;12:00:00;2510
7/11/2020;A;12:00:00;26221
7/11/2020;B;12:00:00;3616
8/11/2020;A;12:00:00;10666
8/11/2020;B;12:00:00;1860
9/11/2020;A;12:00:00;16563
9/11/2020;B;12:00:00;2383
10/11/2020;A;12:00:00;16452
10/11/2020;B;12:00:00;2297
11/11/2020;A;12:00:00;16345
11/11/2020;B;12:00:00;2332
13/11/2020;A;12:00:00;17346
13/11/2020;B;12:00:00;2476
14/11/2020;A;12:00:00;26910
14/11/2020;B;12:00:00;3559
15/11/2020;A;12:00:00;11507
15/11/2020;B;12:00:00;1886
16/11/2020;A;12:00:00;9605
16/11/2020;B;12:00:00;1421
17/11/2020;A;12:00:00;17896
17/11/2020;B;12:00:00;2674
18/11/2020;A;12:00:00;17698
18/11/2020;B;12:00:00;2537
19/11/2020;A;12:00:00;17616
19/11/2020;B;12:00:00;2487
20/11/2020;A;12:00:00;17919
20/11/2020;B;12:00:00;2610
21/11/2020;A;12:00:00;28774
21/11/2020;B;12:00:00;3804
22/11/2020;A;12:00:00;11509
22/11/2020;B;12:00:00;1912
23/11/2020;A;12:00:00;17320
23/11/2020;B;12:00:00;2607
24/11/2020;A;12:00:00;17129
24/11/2020;B;12:00:00;2471
25/11/2020;A;12:00:00;17993
25/11/2020;B;12:00:00;2765
26/11/2020;A;12:00:00;17856
26/11/2020;B;12:00:00;2525
27/11/2020;A;12:00:00;19233
27/11/2020;B;12:00:00;2720
28/11/2020;A;12:00:00;29276
28/11/2020;B;12:00:00;4017
29/11/2020;A;12:00:00;12639
29/11/2020;B;12:00:00;2076
30/11/2020;A;12:00:00;18640
30/11/2020;B;12:00:00;2638
1/12/2020;A;12:00:00;18759
1/12/2020;B;12:00:00;2739
2/12/2020;A;12:00:00;19250
2/12/2020;B;12:00:00;2907
3/12/2020;A;12:00:00;19035
3/12/2020;B;12:00:00;2715
4/12/2020;A;12:00:00;19698
4/12/2020;B;12:00:00;2767
5/12/2020;A;12:00:00;29887
5/12/2020;B;12:00:00;4143
6/12/2020;A;12:00:00;13580
6/12/2020;B;12:00:00;2199
7/12/2020;A;12:00:00;19979
7/12/2020;B;12:00:00;2887
8/12/2020;A;12:00:00;11383
8/12/2020;B;12:00:00;1780
9/12/2020;A;12:00:00;20387
9/12/2020;B;12:00:00;2773
10/12/2020;A;12:00:00;20003
10/12/2020;B;12:00:00;2868
11/12/2020;A;12:00:00;20974
11/12/2020;B;12:00:00;2968
12/12/2020;A;12:00:00;29757
12/12/2020;B;12:00:00;4086
13/12/2020;A;12:00:00;13181
13/12/2020;B;12:00:00;2156
14/12/2020;A;12:00:00;19696
14/12/2020;B;12:00:00;2908
15/12/2020;A;12:00:00;20062
15/12/2020;B;12:00:00;2900
16/12/2020;A;12:00:00;20443
16/12/2020;B;12:00:00;2922
17/12/2020;A;12:00:00;20257
17/12/2020;B;12:00:00;2780
18/12/2020;A;12:00:00;21251
18/12/2020;B;12:00:00;2962
19/12/2020;A;12:00:00;31347
19/12/2020;B;12:00:00;4404
20/12/2020;A;12:00:00;16458
20/12/2020;B;12:00:00;2358
21/12/2020;A;12:00:00;23427
21/12/2020;B;12:00:00;3307
22/12/2020;A;12:00:00;19232
22/12/2020;B;12:00:00;2532
23/12/2020;A;12:00:00;20634
23/12/2020;B;12:00:00;2779
24/12/2020;A;12:00:00;23981
24/12/2020;B;12:00:00;3138
25/12/2020;A;12:00:00;3378
25/12/2020;B;12:00:00;444
26/12/2020;A;12:00:00;17340
26/12/2020;B;12:00:00;2465
27/12/2020;A;12:00:00;21858
27/12/2020;B;12:00:00;3306
28/12/2020;A;12:00:00;17571
28/12/2020;B;12:00:00;2609
29/12/2020;A;12:00:00;17890
29/12/2020;B;12:00:00;2593
30/12/2020;A;12:00:00;18163
30/12/2020;B;12:00:00;2532
31/12/2020;A;12:00:00;21232
31/12/2020;B;12:00:00;2817
1/01/2021;A;12:00:00;1201
1/01/2021;B;12:00:00;149
2/01/2021;A;12:00:00;4321
2/01/2021;B;12:00:00;456
3/01/2021;A;12:00:00;9866
3/01/2021;B;12:00:00;1546
4/01/2021;A;12:00:00;16145
4/01/2021;B;12:00:00;2355
5/01/2021;A;12:00:00;15835
5/01/2021;B;12:00:00;2281
6/01/2021;A;12:00:00;15185
6/01/2021;B;12:00:00;2158
7/01/2021;A;12:00:00;15126
7/01/2021;B;12:00:00;2301
8/01/2021;A;12:00:00;15454
8/01/2021;B;12:00:00;2301
9/01/2021;A;12:00:00;10544
9/01/2021;B;12:00:00;1071
10/01/2021;A;12:00:00;2184
10/01/2021;B;12:00:00;262
11/01/2021;A;12:00:00;2536
11/01/2021;B;12:00:00;289
12/01/2021;A;12:00:00;17448
12/01/2021;B;12:00:00;2454
13/01/2021;A;12:00:00;16505
13/01/2021;B;12:00:00;2394
14/01/2021;A;12:00:00;16197
14/01/2021;B;12:00:00;2282
15/01/2021;A;12:00:00;16334
15/01/2021;B;12:00:00;2362
16/01/2021;A;12:00:00;15287
16/01/2021;B;12:00:00;1364
17/01/2021;A;12:00:00;2968
17/01/2021;B;12:00:00;399
18/01/2021;A;12:00:00;17801
18/01/2021;B;12:00:00;2648
19/01/2021;A;12:00:00;17071
19/01/2021;B;12:00:00;2545
20/01/2021;A;12:00:00;16595
20/01/2021;B;12:00:00;2579
21/01/2021;A;12:00:00;16340
21/01/2021;B;12:00:00;2449
22/01/2021;A;12:00:00;16800
22/01/2021;B;12:00:00;2579
23/01/2021;A;12:00:00;25949
23/01/2021;B;12:00:00;3464
24/01/2021;A;12:00:00;9130
24/01/2021;B;12:00:00;1549
25/01/2021;A;12:00:00;16802
25/01/2021;B;12:00:00;2485
26/01/2021;A;12:00:00;16626
26/01/2021;B;12:00:00;2588
27/01/2021;A;12:00:00;16575
27/01/2021;B;12:00:00;2422
28/01/2021;A;12:00:00;16366
28/01/2021;B;12:00:00;2457
29/01/2021;A;12:00:00;16835
29/01/2021;B;12:00:00;2470
30/01/2021;A;12:00:00;27550
30/01/2021;B;12:00:00;3682
31/01/2021;A;12:00:00;10435
31/01/2021;B;12:00:00;1756
1/02/2021;A;12:00:00;17414
1/02/2021;B;12:00:00;2748
2/02/2021;A;12:00:00;17180
2/02/2021;B;12:00:00;2627
3/02/2021;A;12:00:00;17232
3/02/2021;B;12:00:00;2592
4/02/2021;A;12:00:00;16710
4/02/2021;B;12:00:00;2557
5/02/2021;A;12:00:00;17403
5/02/2021;B;12:00:00;2635
6/02/2021;A;12:00:00;28721
6/02/2021;B;12:00:00;3896
7/02/2021;A;12:00:00;10184
7/02/2021;B;12:00:00;1793
8/02/2021;A;12:00:00;17011
8/02/2021;B;12:00:00;2538
9/02/2021;A;12:00:00;17601
9/02/2021;B;12:00:00;2598
10/02/2021;A;12:00:00;17359
10/02/2021;B;12:00:00;2564
11/02/2021;A;12:00:00;17006
11/02/2021;B;12:00:00;2649
12/02/2021;A;12:00:00;17870
12/02/2021;B;12:00:00;2866
13/02/2021;A;12:00:00;29201
13/02/2021;B;12:00:00;3982
14/02/2021;A;12:00:00;10375
14/02/2021;B;12:00:00;1918
15/02/2021;A;12:00:00;18130
15/02/2021;B;12:00:00;2781
16/02/2021;A;12:00:00;18595
16/02/2021;B;12:00:00;2739
17/02/2021;A;12:00:00;17752
17/02/2021;B;12:00:00;2734
18/02/2021;A;12:00:00;17693
18/02/2021;B;12:00:00;2592
19/02/2021;A;12:00:00;18124
19/02/2021;B;12:00:00;2591
20/02/2021;A;12:00:00;29281
20/02/2021;B;12:00:00;4116
21/02/2021;A;12:00:00;11103
21/02/2021;B;12:00:00;1995
22/02/2021;A;12:00:00;18379
22/02/2021;B;12:00:00;2746
23/02/2021;A;12:00:00;18482
23/02/2021;B;12:00:00;2767
24/02/2021;A;12:00:00;17943
24/02/2021;B;12:00:00;2779
25/02/2021;A;12:00:00;17850
25/02/2021;B;12:00:00;2680
26/02/2021;A;12:00:00;18519
26/02/2021;B;12:00:00;2746
27/02/2021;A;12:00:00;30030
27/02/2021;B;12:00:00;4116
28/02/2021;A;12:00:00;13511
28/02/2021;B;12:00:00;2346
1/03/2021;A;12:00:00;19111
1/03/2021;B;12:00:00;2796
2/03/2021;A;12:00:00;19382
2/03/2021;B;12:00:00;2908
3/03/2021;A;12:00:00;18690
3/03/2021;B;12:00:00;2776
4/03/2021;A;12:00:00;18781
4/03/2021;B;12:00:00;2822
5/03/2021;A;12:00:00;19261
5/03/2021;B;12:00:00;2803
6/03/2021;A;12:00:00;31027
6/03/2021;B;12:00:00;4305
7/03/2021;A;12:00:00;11531
7/03/2021;B;12:00:00;2048
8/03/2021;A;12:00:00;18944
8/03/2021;B;12:00:00;2863
9/03/2021;A;12:00:00;18801
9/03/2021;B;12:00:00;2770
10/03/2021;A;12:00:00;18751
10/03/2021;B;12:00:00;2753
11/03/2021;A;12:00:00;18685
11/03/2021;B;12:00:00;2730
12/03/2021;A;12:00:00;18843
12/03/2021;B;12:00:00;2754
13/03/2021;A;12:00:00;30740
13/03/2021;B;12:00:00;4363
14/03/2021;A;12:00:00;11301
14/03/2021;B;12:00:00;1987
15/03/2021;A;12:00:00;18643
15/03/2021;B;12:00:00;2935
16/03/2021;A;12:00:00;19775
16/03/2021;B;12:00:00;2919
17/03/2021;A;12:00:00;19134
17/03/2021;B;12:00:00;3034
18/03/2021;A;12:00:00;19159
18/03/2021;B;12:00:00;2953
19/03/2021;A;12:00:00;19642
19/03/2021;B;12:00:00;2913
20/03/2021;A;12:00:00;30936
20/03/2021;B;12:00:00;4243
21/03/2021;A;12:00:00;12353
21/03/2021;B;12:00:00;2295
22/03/2021;A;12:00:00;7538
22/03/2021;B;12:00:00;1784
23/03/2021;A;12:00:00;15618
23/03/2021;B;12:00:00;2966
24/03/2021;A;12:00:00;16193
24/03/2021;B;12:00:00;2703
25/03/2021;A;12:00:00;15720
25/03/2021;B;12:00:00;2606
26/03/2021;A;12:00:00;16357
26/03/2021;B;12:00:00;2805
27/03/2021;A;12:00:00;25794
27/03/2021;B;12:00:00;3982
28/03/2021;A;12:00:00;9322
28/03/2021;B;12:00:00;1689
29/03/2021;A;12:00:00;15077
29/03/2021;B;12:00:00;2545
30/03/2021;A;12:00:00;15114
30/03/2021;B;12:00:00;2542
31/03/2021;A;12:00:00;17661
31/03/2021;B;12:00:00;2744
1/04/2021;A;12:00:00;7438
1/04/2021;B;12:00:00;1409
2/04/2021;A;12:00:00;6047
2/04/2021;B;12:00:00;1076
3/04/2021;A;12:00:00;13628
3/04/2021;B;12:00:00;2322
4/04/2021;A;12:00:00;8304
4/04/2021;B;12:00:00;1415
5/04/2021;A;12:00:00;15981
5/04/2021;B;12:00:00;2533
6/04/2021;A;12:00:00;15883
6/04/2021;B;12:00:00;2620
7/04/2021;A;12:00:00;14758
7/04/2021;B;12:00:00;2445
8/04/2021;A;12:00:00;15312
8/04/2021;B;12:00:00;2452
9/04/2021;A;12:00:00;6517
9/04/2021;B;12:00:00;955
10/04/2021;A;12:00:00;11740
10/04/2021;B;12:00:00;1446
11/04/2021;A;12:00:00;2432
11/04/2021;B;12:00:00;353
12/04/2021;A;12:00:00;15078
12/04/2021;B;12:00:00;2378
13/04/2021;A;12:00:00;14583
13/04/2021;B;12:00:00;2293
14/04/2021;A;12:00:00;14013
14/04/2021;B;12:00:00;2287
15/04/2021;A;12:00:00;14703
15/04/2021;B;12:00:00;2319
16/04/2021;A;12:00:00;7805
16/04/2021;B;12:00:00;1038
17/04/2021;A;12:00:00;14349
17/04/2021;B;12:00:00;1692
18/04/2021;A;12:00:00;2948
18/04/2021;B;12:00:00;370
19/04/2021;A;12:00:00;15213
19/04/2021;B;12:00:00;2394
20/04/2021;A;12:00:00;14775
20/04/2021;B;12:00:00;2313
21/04/2021;A;12:00:00;14800
21/04/2021;B;12:00:00;2448
22/04/2021;A;12:00:00;14913
22/04/2021;B;12:00:00;2377
23/04/2021;A;12:00:00;6435
23/04/2021;B;12:00:00;1172
24/04/2021;A;12:00:00;15171
24/04/2021;B;12:00:00;1896
25/04/2021;A;12:00:00;3236
25/04/2021;B;12:00:00;411
26/04/2021;A;12:00:00;15388
26/04/2021;B;12:00:00;2435
27/04/2021;A;12:00:00;14734
27/04/2021;B;12:00:00;2201
28/04/2021;A;12:00:00;15752
28/04/2021;B;12:00:00;2587
29/04/2021;A;12:00:00;15717
29/04/2021;B;12:00:00;2321
30/04/2021;A;12:00:00;8286
30/04/2021;B;12:00:00;1248
1/05/2021;A;12:00:00;5981
1/05/2021;B;12:00:00;678
2/05/2021;A;12:00:00;1363
2/05/2021;B;12:00:00;230
3/05/2021;A;12:00:00;19971
3/05/2021;B;12:00:00;2811
4/05/2021;A;12:00:00;15257
4/05/2021;B;12:00:00;2326
5/05/2021;A;12:00:00;17543
5/05/2021;B;12:00:00;2360
6/05/2021;A;12:00:00;14219
6/05/2021;B;12:00:00;2235
7/05/2021;A;12:00:00;13317
7/05/2021;B;12:00:00;2226
8/05/2021;A;12:00:00;16493
8/05/2021;B;12:00:00;1841
9/05/2021;A;12:00:00;3670
9/05/2021;B;12:00:00;567
10/05/2021;A;12:00:00;15776
10/05/2021;B;12:00:00;2460
11/05/2021;A;12:00:00;15761
11/05/2021;B;12:00:00;2558
12/05/2021;A;12:00:00;15496
12/05/2021;B;12:00:00;2326
13/05/2021;A;12:00:00;15662
13/05/2021;B;12:00:00;2434
14/05/2021;A;12:00:00;15859
14/05/2021;B;12:00:00;2466
15/05/2021;A;12:00:00;25300
15/05/2021;B;12:00:00;3777
16/05/2021;A;12:00:00;9155
16/05/2021;B;12:00:00;1601
17/05/2021;A;12:00:00;7973
17/05/2021;B;12:00:00;1416
18/05/2021;A;12:00:00;17540
18/05/2021;B;12:00:00;2699
19/05/2021;A;12:00:00;16222
19/05/2021;B;12:00:00;2408
20/05/2021;A;12:00:00;16629
20/05/2021;B;12:00:00;2623
21/05/2021;A;12:00:00;16602
21/05/2021;B;12:00:00;2560
22/05/2021;A;12:00:00;27896
22/05/2021;B;12:00:00;3951
23/05/2021;A;12:00:00;8788
23/05/2021;B;12:00:00;1715
24/05/2021;A;12:00:00;16396
24/05/2021;B;12:00:00;2504
25/05/2021;A;12:00:00;16686
25/05/2021;B;12:00:00;2680
26/05/2021;A;12:00:00;16434
26/05/2021;B;12:00:00;2625
27/05/2021;A;12:00:00;16844
27/05/2021;B;12:00:00;2569
28/05/2021;A;12:00:00;18131
28/05/2021;B;12:00:00;2868
29/05/2021;A;12:00:00;26872
29/05/2021;B;12:00:00;4003
30/05/2021;A;12:00:00;10542
30/05/2021;B;12:00:00;2006
31/05/2021;A;12:00:00;17079
31/05/2021;B;12:00:00;2702
1/06/2021;A;12:00:00;17858
1/06/2021;B;12:00:00;2753
2/06/2021;A;12:00:00;18777
2/06/2021;B;12:00:00;2912
3/06/2021;A;12:00:00;17647
3/06/2021;B;12:00:00;2667
4/06/2021;A;12:00:00;17735
4/06/2021;B;12:00:00;2771
5/06/2021;A;12:00:00;28394
5/06/2021;B;12:00:00;4166
6/06/2021;A;12:00:00;10984
6/06/2021;B;12:00:00;1963
7/06/2021;A;12:00:00;9022
7/06/2021;B;12:00:00;1681
8/06/2021;A;12:00:00;18616
8/06/2021;B;12:00:00;2905
9/06/2021;A;12:00:00;19719
9/06/2021;B;12:00:00;2937
10/06/2021;A;12:00:00;17907
10/06/2021;B;12:00:00;2691
11/06/2021;A;12:00:00;18332
11/06/2021;B;12:00:00;2826
12/06/2021;A;12:00:00;28748
12/06/2021;B;12:00:00;4054
13/06/2021;A;12:00:00;11815
13/06/2021;B;12:00:00;2073
14/06/2021;A;12:00:00;9635
14/06/2021;B;12:00:00;1641
15/06/2021;A;12:00:00;19373
15/06/2021;B;12:00:00;2888
16/06/2021;A;12:00:00;19426
16/06/2021;B;12:00:00;2936
17/06/2021;A;12:00:00;12144
17/06/2021;B;12:00:00;2158
18/06/2021;A;12:00:00;19092
18/06/2021;B;12:00:00;2851
19/06/2021;A;12:00:00;29504
19/06/2021;B;12:00:00;4641
20/06/2021;A;12:00:00;12173
20/06/2021;B;12:00:00;2370
21/06/2021;A;12:00:00;18474
21/06/2021;B;12:00:00;3146
22/06/2021;A;12:00:00;17666
22/06/2021;B;12:00:00;2767
23/06/2021;A;12:00:00;18325
23/06/2021;B;12:00:00;3106
24/06/2021;A;12:00:00;17906
24/06/2021;B;12:00:00;2982
25/06/2021;A;12:00:00;18494
25/06/2021;B;12:00:00;3051
26/06/2021;A;12:00:00;29426
26/06/2021;B;12:00:00;4556
27/06/2021;A;12:00:00;11726
27/06/2021;B;12:00:00;2197
28/06/2021;A;12:00:00;18686
28/06/2021;B;12:00:00;3042
29/06/2021;A;12:00:00;18894
29/06/2021;B;12:00:00;2764
30/06/2021;A;12:00:00;18538
30/06/2021;B;12:00:00;2886
1/07/2021;A;12:00:00;19187
1/07/2021;B;12:00:00;2951
2/07/2021;A;12:00:00;19508
2/07/2021;B;12:00:00;3051
3/07/2021;A;12:00:00;30623
3/07/2021;B;12:00:00;4541
4/07/2021;A;12:00:00;15403
4/07/2021;B;12:00:00;2643
5/07/2021;A;12:00:00;11205
5/07/2021;B;12:00:00;2079
6/07/2021;A;12:00:00;19988
6/07/2021;B;12:00:00;2986
7/07/2021;A;12:00:00;20148
7/07/2021;B;12:00:00;3074
8/07/2021;A;12:00:00;19916
8/07/2021;B;12:00:00;3156
9/07/2021;A;12:00:00;19948
9/07/2021;B;12:00:00;3029
10/07/2021;A;12:00:00;30487
10/07/2021;B;12:00:00;4496
11/07/2021;A;12:00:00;12278
11/07/2021;B;12:00:00;2190
12/07/2021;A;12:00:00;19042
12/07/2021;B;12:00:00;2846
13/07/2021;A;12:00:00;19164
13/07/2021;B;12:00:00;2865
14/07/2021;A;12:00:00;18708
14/07/2021;B;12:00:00;2903
15/07/2021;A;12:00:00;19274
15/07/2021;B;12:00:00;2956
16/07/2021;A;12:00:00;19586
16/07/2021;B;12:00:00;3022
17/07/2021;A;12:00:00;31028
17/07/2021;B;12:00:00;4659
18/07/2021;A;12:00:00;12579
18/07/2021;B;12:00:00;2485
19/07/2021;A;12:00:00;19348
19/07/2021;B;12:00:00;3034
20/07/2021;A;12:00:00;9736
20/07/2021;B;12:00:00;1620
21/07/2021;A;12:00:00;20679
21/07/2021;B;12:00:00;3436
22/07/2021;A;12:00:00;19801
22/07/2021;B;12:00:00;3114
23/07/2021;A;12:00:00;20039
23/07/2021;B;12:00:00;3164
24/07/2021;A;12:00:00;28954
24/07/2021;B;12:00:00;4223
25/07/2021;A;12:00:00;11425
25/07/2021;B;12:00:00;2063
26/07/2021;A;12:00:00;19952
26/07/2021;B;12:00:00;3099
27/07/2021;A;12:00:00;19824
27/07/2021;B;12:00:00;2992
28/07/2021;A;12:00:00;20416
28/07/2021;B;12:00:00;3226
29/07/2021;A;12:00:00;19968
29/07/2021;B;12:00:00;3237
30/07/2021;A;12:00:00;20606
30/07/2021;B;12:00:00;3263
31/07/2021;A;12:00:00;32435
31/07/2021;B;12:00:00;4920
1/08/2021;A;12:00:00;11896
1/08/2021;B;12:00:00;2216
2/08/2021;A;12:00:00;21165
2/08/2021;B;12:00:00;3326
3/08/2021;A;12:00:00;21631
3/08/2021;B;12:00:00;3384
4/08/2021;A;12:00:00;20745
4/08/2021;B;12:00:00;3181
5/08/2021;A;12:00:00;20618
5/08/2021;B;12:00:00;3216
6/08/2021;A;12:00:00;21768
6/08/2021;B;12:00:00;3460
7/08/2021;A;12:00:00;16931
7/08/2021;B;12:00:00;2998
8/08/2021;A;12:00:00;11969
8/08/2021;B;12:00:00;2226
9/08/2021;A;12:00:00;21797
9/08/2021;B;12:00:00;3241
10/08/2021;A;12:00:00;21514
10/08/2021;B;12:00:00;3279
11/08/2021;A;12:00:00;21650
11/08/2021;B;12:00:00;3267
12/08/2021;A;12:00:00;21529
12/08/2021;B;12:00:00;3409
13/08/2021;A;12:00:00;22348
13/08/2021;B;12:00:00;3442
14/08/2021;A;12:00:00;31491
14/08/2021;B;12:00:00;5126
15/08/2021;A;12:00:00;14872
15/08/2021;B;12:00:00;2789
16/08/2021;A;12:00:00;12282
16/08/2021;B;12:00:00;2076
17/08/2021;A;12:00:00;23397
17/08/2021;B;12:00:00;3670
18/08/2021;A;12:00:00;22920
18/08/2021;B;12:00:00;3563
19/08/2021;A;12:00:00;22225
19/08/2021;B;12:00:00;3455
20/08/2021;A;12:00:00;22410
20/08/2021;B;12:00:00;3512
21/08/2021;A;12:00:00;33956
21/08/2021;B;12:00:00;5221
22/08/2021;A;12:00:00;13599
22/08/2021;B;12:00:00;2522
23/08/2021;A;12:00:00;22391
23/08/2021;B;12:00:00;3480
24/08/2021;A;12:00:00;22032
24/08/2021;B;12:00:00;3374
25/08/2021;A;12:00:00;22305
25/08/2021;B;12:00:00;3627
26/08/2021;A;12:00:00;22134
26/08/2021;B;12:00:00;3354
27/08/2021;A;12:00:00;22064
27/08/2021;B;12:00:00;3524
28/08/2021;A;12:00:00;33020
28/08/2021;B;12:00:00;4768
29/08/2021;A;12:00:00;12996
29/08/2021;B;12:00:00;2381
30/08/2021;A;12:00:00;22325
30/08/2021;B;12:00:00;3323
31/08/2021;A;12:00:00;23246
31/08/2021;B;12:00:00;3557
1/09/2021;A;12:00:00;22843
1/09/2021;B;12:00:00;3708
2/09/2021;A;12:00:00;22954
2/09/2021;B;12:00:00;3732
3/09/2021;A;12:00:00;23508
3/09/2021;B;12:00:00;3722
4/09/2021;A;12:00:00;34106
4/09/2021;B;12:00:00;5194
5/09/2021;A;12:00:00;13897
5/09/2021;B;12:00:00;2564
6/09/2021;A;12:00:00;23191
6/09/2021;B;12:00:00;3610
7/09/2021;A;12:00:00;23809
7/09/2021;B;12:00:00;3736
8/09/2021;A;12:00:00;21816
8/09/2021;B;12:00:00;3364
9/09/2021;A;12:00:00;22847
9/09/2021;B;12:00:00;3865
10/09/2021;A;12:00:00;23073
10/09/2021;B;12:00:00;3790
11/09/2021;A;12:00:00;33976
11/09/2021;B;12:00:00;5472
12/09/2021;A;12:00:00;13677
12/09/2021;B;12:00:00;2763
13/09/2021;A;12:00:00;22633
13/09/2021;B;12:00:00;3560
14/09/2021;A;12:00:00;23114
14/09/2021;B;12:00:00;3624
15/09/2021;A;12:00:00;23347
15/09/2021;B;12:00:00;3740
16/09/2021;A;12:00:00;23597
16/09/2021;B;12:00:00;3770
17/09/2021;A;12:00:00;24626
17/09/2021;B;12:00:00;4136
18/09/2021;A;12:00:00;35156
18/09/2021;B;12:00:00;5334
19/09/2021;A;12:00:00;13285
19/09/2021;B;12:00:00;2618
20/09/2021;A;12:00:00;22983
20/09/2021;B;12:00:00;3501
21/09/2021;A;12:00:00;23095
21/09/2021;B;12:00:00;3787
22/09/2021;A;12:00:00;22879
22/09/2021;B;12:00:00;3505
23/09/2021;A;12:00:00;22752
23/09/2021;B;12:00:00;3669
24/09/2021;A;12:00:00;23687
24/09/2021;B;12:00:00;3632
25/09/2021;A;12:00:00;34888
25/09/2021;B;12:00:00;5368
26/09/2021;A;12:00:00;13617
26/09/2021;B;12:00:00;2623
27/09/2021;A;12:00:00;22929
27/09/2021;B;12:00:00;3428
28/09/2021;A;12:00:00;21791
28/09/2021;B;12:00:00;3661
29/09/2021;A;12:00:00;23086
29/09/2021;B;12:00:00;3614
30/09/2021;A;12:00:00;22833
30/09/2021;B;12:00:00;3691
1/10/2021;A;12:00:00;24664
1/10/2021;B;12:00:00;3869
2/10/2021;A;12:00:00;35313
2/10/2021;B;12:00:00;5364
3/10/2021;A;12:00:00;14598
3/10/2021;B;12:00:00;2626
4/10/2021;A;12:00:00;24202
4/10/2021;B;12:00:00;3733
5/10/2021;A;12:00:00;23422
5/10/2021;B;12:00:00;3610
6/10/2021;A;12:00:00;23906
6/10/2021;B;12:00:00;3804
7/10/2021;A;12:00:00;23900
7/10/2021;B;12:00:00;3760
8/10/2021;A;12:00:00;24719
8/10/2021;B;12:00:00;3877
9/10/2021;A;12:00:00;35492
9/10/2021;B;12:00:00;5310
10/10/2021;A;12:00:00;14179
10/10/2021;B;12:00:00;2656
11/10/2021;A;12:00:00;22616
11/10/2021;B;12:00:00;3667
12/10/2021;A;12:00:00;23455
12/10/2021;B;12:00:00;3775
13/10/2021;A;12:00:00;23126
13/10/2021;B;12:00:00;3718
14/10/2021;A;12:00:00;24133
14/10/2021;B;12:00:00;4105
15/10/2021;A;12:00:00;24082
15/10/2021;B;12:00:00;3867
16/10/2021;A;12:00:00;36081
16/10/2021;B;12:00:00;5380
17/10/2021;A;12:00:00;15563
17/10/2021;B;12:00:00;3059
18/10/2021;A;12:00:00;12898
18/10/2021;B;12:00:00;2306
19/10/2021;A;12:00:00;25299
19/10/2021;B;12:00:00;3819
20/10/2021;A;12:00:00;24894
20/10/2021;B;12:00:00;3805
21/10/2021;A;12:00:00;23985
21/10/2021;B;12:00:00;3786
22/10/2021;A;12:00:00;25243
22/10/2021;B;12:00:00;3962
23/10/2021;A;12:00:00;36037
23/10/2021;B;12:00:00;5668
24/10/2021;A;12:00:00;14206
24/10/2021;B;12:00:00;2462
25/10/2021;A;12:00:00;24133
25/10/2021;B;12:00:00;3585
26/10/2021;A;12:00:00;24718
26/10/2021;B;12:00:00;3915
27/10/2021;A;12:00:00;24448
27/10/2021;B;12:00:00;3660
28/10/2021;A;12:00:00;25517
28/10/2021;B;12:00:00;3915
29/10/2021;A;12:00:00;25091
29/10/2021;B;12:00:00;3844
30/10/2021;A;12:00:00;36089
30/10/2021;B;12:00:00;6311
31/10/2021;A;12:00:00;15576
31/10/2021;B;12:00:00;2889
1/11/2021;A;12:00:00;12065
1/11/2021;B;12:00:00;2080
2/11/2021;A;12:00:00;26077
2/11/2021;B;12:00:00;4016
3/11/2021;A;12:00:00;25256
3/11/2021;B;12:00:00;3899
4/11/2021;A;12:00:00;25169
4/11/2021;B;12:00:00;3934
5/11/2021;A;12:00:00;25828
5/11/2021;B;12:00:00;4104
6/11/2021;A;12:00:00;36910
6/11/2021;B;12:00:00;5734
7/11/2021;A;12:00:00;14465
7/11/2021;B;12:00:00;3117
8/11/2021;A;12:00:00;25078
8/11/2021;B;12:00:00;3833
9/11/2021;A;12:00:00;25458
9/11/2021;B;12:00:00;3937
10/11/2021;A;12:00:00;25525
10/11/2021;B;12:00:00;4110
11/11/2021;A;12:00:00;25032
11/11/2021;B;12:00:00;3934
12/11/2021;A;12:00:00;25561
12/11/2021;B;12:00:00;4063
13/11/2021;A;12:00:00;35848
13/11/2021;B;12:00:00;5520
14/11/2021;A;12:00:00;16576
14/11/2021;B;12:00:00;3179
15/11/2021;A;12:00:00;12151
15/11/2021;B;12:00:00;2396
16/11/2021;A;12:00:00;26516
16/11/2021;B;12:00:00;4154
17/11/2021;A;12:00:00;25783
17/11/2021;B;12:00:00;4130
18/11/2021;A;12:00:00;25473
18/11/2021;B;12:00:00;4169
19/11/2021;A;12:00:00;26308
19/11/2021;B;12:00:00;4279
20/11/2021;A;12:00:00;37361
20/11/2021;B;12:00:00;5903
21/11/2021;A;12:00:00;15899
21/11/2021;B;12:00:00;3072
22/11/2021;A;12:00:00;24937
22/11/2021;B;12:00:00;3947
23/11/2021;A;12:00:00;25212
23/11/2021;B;12:00:00;4032
24/11/2021;A;12:00:00;25594
24/11/2021;B;12:00:00;3977
25/11/2021;A;12:00:00;25953
25/11/2021;B;12:00:00;3956
26/11/2021;A;12:00:00;27090
26/11/2021;B;12:00:00;4340
27/11/2021;A;12:00:00;36723
27/11/2021;B;12:00:00;5958
28/11/2021;A;12:00:00;15202
28/11/2021;B;12:00:00;2881
29/11/2021;A;12:00:00;24968
29/11/2021;B;12:00:00;3878
30/11/2021;A;12:00:00;26651
30/11/2021;B;12:00:00;4295
1/12/2021;A;12:00:00;26463
1/12/2021;B;12:00:00;4223
2/12/2021;A;12:00:00;26106
2/12/2021;B;12:00:00;4032
3/12/2021;A;12:00:00;29216
3/12/2021;B;12:00:00;4415
4/12/2021;A;12:00:00;38085
4/12/2021;B;12:00:00;6158
5/12/2021;A;12:00:00;17452
5/12/2021;B;12:00:00;3303
6/12/2021;A;12:00:00;26751
6/12/2021;B;12:00:00;4390
7/12/2021;A;12:00:00;26530
7/12/2021;B;12:00:00;4366
8/12/2021;A;12:00:00;14769
8/12/2021;B;12:00:00;2546
9/12/2021;A;12:00:00;26732
9/12/2021;B;12:00:00;4064
10/12/2021;A;12:00:00;27155
10/12/2021;B;12:00:00;4315
11/12/2021;A;12:00:00;38785
11/12/2021;B;12:00:00;5851
12/12/2021;A;12:00:00;17671
12/12/2021;B;12:00:00;3425
13/12/2021;A;12:00:00;28696
13/12/2021;B;12:00:00;4109
14/12/2021;A;12:00:00;28082
14/12/2021;B;12:00:00;4180
15/12/2021;A;12:00:00;26266
15/12/2021;B;12:00:00;4155
16/12/2021;A;12:00:00;27212
16/12/2021;B;12:00:00;4179
17/12/2021;A;12:00:00;28203
17/12/2021;B;12:00:00;4310
18/12/2021;A;12:00:00;38798
18/12/2021;B;12:00:00;5937
19/12/2021;A;12:00:00;21066
19/12/2021;B;12:00:00;3622
20/12/2021;A;12:00:00;28140
20/12/2021;B;12:00:00;4134
21/12/2021;A;12:00:00;29242
21/12/2021;B;12:00:00;4211
22/12/2021;A;12:00:00;29416
22/12/2021;B;12:00:00;4216
23/12/2021;A;12:00:00;30322
23/12/2021;B;12:00:00;4248
24/12/2021;A;12:00:00;33570
24/12/2021;B;12:00:00;4286
25/12/2021;A;12:00:00;8852
25/12/2021;B;12:00:00;1553
26/12/2021;A;12:00:00;13841
26/12/2021;B;12:00:00;2281
27/12/2021;A;12:00:00;23868
27/12/2021;B;12:00:00;3601
28/12/2021;A;12:00:00;24112
28/12/2021;B;12:00:00;3761
29/12/2021;A;12:00:00;23813
29/12/2021;B;12:00:00;3611
30/12/2021;A;12:00:00;25058
30/12/2021;B;12:00:00;3828
31/12/2021;A;12:00:00;25943
31/12/2021;B;12:00:00;4005
1/01/2022;A;12:00:00;7511
1/01/2022;B;12:00:00;1409
2/01/2022;A;12:00:00;12073
2/01/2022;B;12:00:00;2212
3/01/2022;A;12:00:00;20951
3/01/2022;B;12:00:00;3187
4/01/2022;A;12:00:00;20988
4/01/2022;B;12:00:00;3372
5/01/2022;A;12:00:00;20768
5/01/2022;B;12:00:00;3598
6/01/2022;A;12:00:00;20139
6/01/2022;B;12:00:00;3336
7/01/2022;A;12:00:00;21029
7/01/2022;B;12:00:00;3409
8/01/2022;A;12:00:00;27871
8/01/2022;B;12:00:00;4251
9/01/2022;A;12:00:00;12658
9/01/2022;B;12:00:00;2526
10/01/2022;A;12:00:00;10876
10/01/2022;B;12:00:00;2029
11/01/2022;A;12:00:00;22544
11/01/2022;B;12:00:00;3717
12/01/2022;A;12:00:00;21867
12/01/2022;B;12:00:00;3726
13/01/2022;A;12:00:00;21634
13/01/2022;B;12:00:00;3671
14/01/2022;A;12:00:00;22182
14/01/2022;B;12:00:00;3844
15/01/2022;A;12:00:00;32183
15/01/2022;B;12:00:00;4954
16/01/2022;A;12:00:00;13431
16/01/2022;B;12:00:00;2454
17/01/2022;A;12:00:00;24622
17/01/2022;B;12:00:00;3857
18/01/2022;A;12:00:00;24261
18/01/2022;B;12:00:00;3844
19/01/2022;A;12:00:00;23639
19/01/2022;B;12:00:00;3739
20/01/2022;A;12:00:00;23850
20/01/2022;B;12:00:00;3911
21/01/2022;A;12:00:00;24162
21/01/2022;B;12:00:00;4008
22/01/2022;A;12:00:00;34714
22/01/2022;B;12:00:00;5100
23/01/2022;A;12:00:00;13384
23/01/2022;B;12:00:00;2592
24/01/2022;A;12:00:00;23964
24/01/2022;B;12:00:00;4006
25/01/2022;A;12:00:00;24165
25/01/2022;B;12:00:00;4241
26/01/2022;A;12:00:00;24670
26/01/2022;B;12:00:00;4192
27/01/2022;A;12:00:00;24036
27/01/2022;B;12:00:00;4042
28/01/2022;A;12:00:00;24723
28/01/2022;B;12:00:00;4303
29/01/2022;A;12:00:00;35812
29/01/2022;B;12:00:00;5374
30/01/2022;A;12:00:00;14042
30/01/2022;B;12:00:00;2612
31/01/2022;A;12:00:00;25442
31/01/2022;B;12:00:00;4394
1/02/2022;A;12:00:00;27140
1/02/2022;B;12:00:00;4574
2/02/2022;A;12:00:00;26367
2/02/2022;B;12:00:00;4818
3/02/2022;A;12:00:00;25717
3/02/2022;B;12:00:00;4457
4/02/2022;A;12:00:00;27142
4/02/2022;B;12:00:00;4591
5/02/2022;A;12:00:00;37264
5/02/2022;B;12:00:00;5759
6/02/2022;A;12:00:00;14509
6/02/2022;B;12:00:00;2601
7/02/2022;A;12:00:00;27885
7/02/2022;B;12:00:00;4735
8/02/2022;A;12:00:00;28134
8/02/2022;B;12:00:00;5082
9/02/2022;A;12:00:00;27666
9/02/2022;B;12:00:00;4894
10/02/2022;A;12:00:00;27526
10/02/2022;B;12:00:00;5197
11/02/2022;A;12:00:00;27815
11/02/2022;B;12:00:00;4825
12/02/2022;A;12:00:00;37814
12/02/2022;B;12:00:00;6019
13/02/2022;A;12:00:00;13864
13/02/2022;B;12:00:00;2703
14/02/2022;A;12:00:00;27539
14/02/2022;B;12:00:00;4745
15/02/2022;A;12:00:00;28121
15/02/2022;B;12:00:00;4943
16/02/2022;A;12:00:00;28998
16/02/2022;B;12:00:00;4964
17/02/2022;A;12:00:00;28449
17/02/2022;B;12:00:00;4887
18/02/2022;A;12:00:00;27815
18/02/2022;B;12:00:00;4763
19/02/2022;A;12:00:00;39891
19/02/2022;B;12:00:00;6012
20/02/2022;A;12:00:00;15121
20/02/2022;B;12:00:00;2848
21/02/2022;A;12:00:00;28080
21/02/2022;B;12:00:00;4694
22/02/2022;A;12:00:00;28458
22/02/2022;B;12:00:00;5065
23/02/2022;A;12:00:00;28470
23/02/2022;B;12:00:00;4931
24/02/2022;A;12:00:00;27561
24/02/2022;B;12:00:00;4922
25/02/2022;A;12:00:00;28150
25/02/2022;B;12:00:00;4921
26/02/2022;A;12:00:00;38361
26/02/2022;B;12:00:00;5981
27/02/2022;A;12:00:00;14203
27/02/2022;B;12:00:00;2589
28/02/2022;A;12:00:00;28338
28/02/2022;B;12:00:00;4721
1/03/2022;A;12:00:00;29584
1/03/2022;B;12:00:00;5139
2/03/2022;A;12:00:00;29448
2/03/2022;B;12:00:00;5000
3/03/2022;A;12:00:00;28783
3/03/2022;B;12:00:00;4754
4/03/2022;A;12:00:00;29631
4/03/2022;B;12:00:00;4984
5/03/2022;A;12:00:00;39494
5/03/2022;B;12:00:00;5966
6/03/2022;A;12:00:00;12621
6/03/2022;B;12:00:00;2407
7/03/2022;A;12:00:00;28615
7/03/2022;B;12:00:00;4966
8/03/2022;A;12:00:00;28966
8/03/2022;B;12:00:00;5053
9/03/2022;A;12:00:00;28546
9/03/2022;B;12:00:00;5076
10/03/2022;A;12:00:00;27957
10/03/2022;B;12:00:00;5059
11/03/2022;A;12:00:00;28936
11/03/2022;B;12:00:00;5150
12/03/2022;A;12:00:00;38750
12/03/2022;B;12:00:00;5561
13/03/2022;A;12:00:00;451
13/03/2022;B;12:00:00;39
14/03/2022;A;12:00:00;28040
14/03/2022;B;12:00:00;4869
15/03/2022;A;12:00:00;28743
15/03/2022;B;12:00:00;4995
16/03/2022;A;12:00:00;29708
16/03/2022;B;12:00:00;4953
17/03/2022;A;12:00:00;28775
17/03/2022;B;12:00:00;5059
18/03/2022;A;12:00:00;29472
18/03/2022;B;12:00:00;5171
19/03/2022;A;12:00:00;38425
19/03/2022;B;12:00:00;6036
20/03/2022;A;12:00:00;16510
20/03/2022;B;12:00:00;3407
21/03/2022;A;12:00:00;13121
21/03/2022;B;12:00:00;2472
22/03/2022;A;12:00:00;29824
22/03/2022;B;12:00:00;5061
23/03/2022;A;12:00:00;29379
23/03/2022;B;12:00:00;5075
24/03/2022;A;12:00:00;28182
24/03/2022;B;12:00:00;5371
25/03/2022;A;12:00:00;28543
25/03/2022;B;12:00:00;4778
26/03/2022;A;12:00:00;39129
26/03/2022;B;12:00:00;6261
27/03/2022;A;12:00:00;14243
27/03/2022;B;12:00:00;2695
28/03/2022;A;12:00:00;28244
28/03/2022;B;12:00:00;4800
29/03/2022;A;12:00:00;28120
29/03/2022;B;12:00:00;4822
30/03/2022;A;12:00:00;28782
30/03/2022;B;12:00:00;4962
31/03/2022;A;12:00:00;29127
31/03/2022;B;12:00:00;4938
1/04/2022;A;12:00:00;29688
1/04/2022;B;12:00:00;5072
2/04/2022;A;12:00:00;42099
2/04/2022;B;12:00:00;6572
3/04/2022;A;12:00:00;15920
3/04/2022;B;12:00:00;2939
4/04/2022;A;12:00:00;29255
4/04/2022;B;12:00:00;4943
5/04/2022;A;12:00:00;29337
5/04/2022;B;12:00:00;5139
6/04/2022;A;12:00:00;29884
6/04/2022;B;12:00:00;5018
7/04/2022;A;12:00:00;29377
7/04/2022;B;12:00:00;5145
8/04/2022;A;12:00:00;29668
8/04/2022;B;12:00:00;5080
9/04/2022;A;12:00:00;38881
9/04/2022;B;12:00:00;6128
10/04/2022;A;12:00:00;15236
10/04/2022;B;12:00:00;3122
11/04/2022;A;12:00:00;24620
11/04/2022;B;12:00:00;3979
12/04/2022;A;12:00:00;23969
12/04/2022;B;12:00:00;4031
13/04/2022;A;12:00:00;27447
13/04/2022;B;12:00:00;4311
14/04/2022;A;12:00:00;13823
14/04/2022;B;12:00:00;2803
15/04/2022;A;12:00:00;11793
15/04/2022;B;12:00:00;2841
16/04/2022;A;12:00:00;20453
16/04/2022;B;12:00:00;3548
17/04/2022;A;12:00:00;13353
17/04/2022;B;12:00:00;2344
18/04/2022;A;12:00:00;28323
18/04/2022;B;12:00:00;4600
19/04/2022;A;12:00:00;21171
19/04/2022;B;12:00:00;4971
20/04/2022;A;12:00:00;29503
20/04/2022;B;12:00:00;5088
21/04/2022;A;12:00:00;29182
21/04/2022;B;12:00:00;4993
22/04/2022;A;12:00:00;28911
22/04/2022;B;12:00:00;5101
23/04/2022;A;12:00:00;40021
23/04/2022;B;12:00:00;6300
24/04/2022;A;12:00:00;15054
24/04/2022;B;12:00:00;3026
25/04/2022;A;12:00:00;28710
25/04/2022;B;12:00:00;4669
26/04/2022;A;12:00:00;29493
26/04/2022;B;12:00:00;4764
27/04/2022;A;12:00:00;29398
27/04/2022;B;12:00:00;4921
28/04/2022;A;12:00:00;27996
28/04/2022;B;12:00:00;4723
29/04/2022;A;12:00:00;30463
29/04/2022;B;12:00:00;5044
30/04/2022;A;12:00:00;42525
30/04/2022;B;12:00:00;6798
1/05/2022;A;12:00:00;15322
1/05/2022;B;12:00:00;3018
2/05/2022;A;12:00:00;28699
2/05/2022;B;12:00:00;4667
3/05/2022;A;12:00:00;29366
3/05/2022;B;12:00:00;5058
4/05/2022;A;12:00:00;28825
4/05/2022;B;12:00:00;5229
5/05/2022;A;12:00:00;28979
5/05/2022;B;12:00:00;4988
6/05/2022;A;12:00:00;28501
6/05/2022;B;12:00:00;4941
7/05/2022;A;12:00:00;40703
7/05/2022;B;12:00:00;6519
8/05/2022;A;12:00:00;16263
8/05/2022;B;12:00:00;3005
9/05/2022;A;12:00:00;27161
9/05/2022;B;12:00:00;4457
10/05/2022;A;12:00:00;28952
10/05/2022;B;12:00:00;4933
11/05/2022;A;12:00:00;29738
11/05/2022;B;12:00:00;5413
12/05/2022;A;12:00:00;29082
12/05/2022;B;12:00:00;4935
13/05/2022;A;12:00:00;28441
13/05/2022;B;12:00:00;4871
14/05/2022;A;12:00:00;40206
14/05/2022;B;12:00:00;6505
15/05/2022;A;12:00:00;15739
15/05/2022;B;12:00:00;3076
16/05/2022;A;12:00:00;28487
16/05/2022;B;12:00:00;4615
17/05/2022;A;12:00:00;28501
17/05/2022;B;12:00:00;4927
18/05/2022;A;12:00:00;29071
18/05/2022;B;12:00:00;4977
19/05/2022;A;12:00:00;28568
19/05/2022;B;12:00:00;4717
20/05/2022;A;12:00:00;28788
20/05/2022;B;12:00:00;4797
21/05/2022;A;12:00:00;40790
21/05/2022;B;12:00:00;6293
22/05/2022;A;12:00:00;15718
22/05/2022;B;12:00:00;2913
23/05/2022;A;12:00:00;30608
23/05/2022;B;12:00:00;4584
24/05/2022;A;12:00:00;28632
24/05/2022;B;12:00:00;4844
25/05/2022;A;12:00:00;28391
25/05/2022;B;12:00:00;4817
26/05/2022;A;12:00:00;28145
26/05/2022;B;12:00:00;4690
27/05/2022;A;12:00:00;28515
27/05/2022;B;12:00:00;4652
28/05/2022;A;12:00:00;40554
28/05/2022;B;12:00:00;6317
29/05/2022;A;12:00:00;246
29/05/2022;B;12:00:00;65
30/05/2022;A;12:00:00;11678
30/05/2022;B;12:00:00;2428
31/05/2022;A;12:00:00;28501
31/05/2022;B;12:00:00;4771
1/06/2022;A;12:00:00;28514
1/06/2022;B;12:00:00;4636
2/06/2022;A;12:00:00;27958
2/06/2022;B;12:00:00;4447
3/06/2022;A;12:00:00;28578
3/06/2022;B;12:00:00;4655
4/06/2022;A;12:00:00;41468
4/06/2022;B;12:00:00;6212
5/06/2022;A;12:00:00;15466
5/06/2022;B;12:00:00;3244
6/06/2022;A;12:00:00;27856
6/06/2022;B;12:00:00;4342
7/06/2022;A;12:00:00;28358
7/06/2022;B;12:00:00;4470
8/06/2022;A;12:00:00;27725
8/06/2022;B;12:00:00;4555
9/06/2022;A;12:00:00;26794
9/06/2022;B;12:00:00;4835
10/06/2022;A;12:00:00;28208
10/06/2022;B;12:00:00;4760
11/06/2022;A;12:00:00;38697
11/06/2022;B;12:00:00;5889
12/06/2022;A;12:00:00;15250
12/06/2022;B;12:00:00;3033
13/06/2022;A;12:00:00;26426
13/06/2022;B;12:00:00;4485
14/06/2022;A;12:00:00;27184
14/06/2022;B;12:00:00;4477
15/06/2022;A;12:00:00;27276
15/06/2022;B;12:00:00;4370
16/06/2022;A;12:00:00;21828
16/06/2022;B;12:00:00;4198
17/06/2022;A;12:00:00;22531
17/06/2022;B;12:00:00;4210
18/06/2022;A;12:00:00;30025
18/06/2022;B;12:00:00;5331
19/06/2022;A;12:00:00;234
19/06/2022;B;12:00:00;8
20/06/2022;A;12:00:00;9786
20/06/2022;B;12:00:00;2154
21/06/2022;A;12:00:00;22545
21/06/2022;B;12:00:00;4568
22/06/2022;A;12:00:00;27305
22/06/2022;B;12:00:00;4656
23/06/2022;A;12:00:00;26620
23/06/2022;B;12:00:00;4536
24/06/2022;A;12:00:00;28828
24/06/2022;B;12:00:00;4753
25/06/2022;A;12:00:00;38645
25/06/2022;B;12:00:00;5721
26/06/2022;A;12:00:00;15837
26/06/2022;B;12:00:00;2831
27/06/2022;A;12:00:00;13304
27/06/2022;B;12:00:00;2696
28/06/2022;A;12:00:00;27029
28/06/2022;B;12:00:00;4240
29/06/2022;A;12:00:00;27795
29/06/2022;B;12:00:00;4380
30/06/2022;A;12:00:00;27001
30/06/2022;B;12:00:00;4443
1/07/2022;A;12:00:00;29603
1/07/2022;B;12:00:00;4601
2/07/2022;A;12:00:00;39205
2/07/2022;B;12:00:00;6170
3/07/2022;A;12:00:00;21183
3/07/2022;B;12:00:00;4162
4/07/2022;A;12:00:00;15229
4/07/2022;B;12:00:00;2894
5/07/2022;A;12:00:00;28388
5/07/2022;B;12:00:00;4477
6/07/2022;A;12:00:00;27886
6/07/2022;B;12:00:00;4338
7/07/2022;A;12:00:00;27097
7/07/2022;B;12:00:00;4383
8/07/2022;A;12:00:00;28424
8/07/2022;B;12:00:00;4467
9/07/2022;A;12:00:00;40437
9/07/2022;B;12:00:00;5827
10/07/2022;A;12:00:00;15680
10/07/2022;B;12:00:00;3166
11/07/2022;A;12:00:00;26200
11/07/2022;B;12:00:00;4293
12/07/2022;A;12:00:00;26678
12/07/2022;B;12:00:00;4340
13/07/2022;A;12:00:00;26711
13/07/2022;B;12:00:00;4189
14/07/2022;A;12:00:00;26925
14/07/2022;B;12:00:00;4383
15/07/2022;A;12:00:00;28269
15/07/2022;B;12:00:00;5145
16/07/2022;A;12:00:00;40623
16/07/2022;B;12:00:00;6219
17/07/2022;A;12:00:00;15969
17/07/2022;B;12:00:00;3030
18/07/2022;A;12:00:00;27221
18/07/2022;B;12:00:00;4535
19/07/2022;A;12:00:00;28232
19/07/2022;B;12:00:00;4470
20/07/2022;A;12:00:00;15288
20/07/2022;B;12:00:00;2857
21/07/2022;A;12:00:00;27897
21/07/2022;B;12:00:00;4422
22/07/2022;A;12:00:00;27882
22/07/2022;B;12:00:00;4443
23/07/2022;A;12:00:00;37107
23/07/2022;B;12:00:00;5507
24/07/2022;A;12:00:00;13341
24/07/2022;B;12:00:00;2345
25/07/2022;A;12:00:00;27386
25/07/2022;B;12:00:00;4684
26/07/2022;A;12:00:00;26995
26/07/2022;B;12:00:00;5012
27/07/2022;A;12:00:00;26914
27/07/2022;B;12:00:00;4731
28/07/2022;A;12:00:00;27431
28/07/2022;B;12:00:00;4818
29/07/2022;A;12:00:00;28442
29/07/2022;B;12:00:00;4929
30/07/2022;A;12:00:00;40691
30/07/2022;B;12:00:00;6190
31/07/2022;A;12:00:00;15087
31/07/2022;B;12:00:00;2715
1/08/2022;A;12:00:00;28379
1/08/2022;B;12:00:00;4034
2/08/2022;A;12:00:00;28505
2/08/2022;B;12:00:00;4723
3/08/2022;A;12:00:00;27886
3/08/2022;B;12:00:00;4708
4/08/2022;A;12:00:00;28262
4/08/2022;B;12:00:00;4761
5/08/2022;A;12:00:00;29309
5/08/2022;B;12:00:00;4970
6/08/2022;A;12:00:00;40394
6/08/2022;B;12:00:00;6011
7/08/2022;A;12:00:00;14903
7/08/2022;B;12:00:00;2911
8/08/2022;A;12:00:00;28480
8/08/2022;B;12:00:00;4949
9/08/2022;A;12:00:00;29108
9/08/2022;B;12:00:00;5149
10/08/2022;A;12:00:00;29236
10/08/2022;B;12:00:00;5174
11/08/2022;A;12:00:00;29227
11/08/2022;B;12:00:00;5239
12/08/2022;A;12:00:00;29979
12/08/2022;B;12:00:00;5437
13/08/2022;A;12:00:00;48166
13/08/2022;B;12:00:00;7280
14/08/2022;A;12:00:00;21808
14/08/2022;B;12:00:00;4155
15/08/2022;A;12:00:00;20908
15/08/2022;B;12:00:00;3827
16/08/2022;A;12:00:00;31904
16/08/2022;B;12:00:00;8859
17/08/2022;A;12:00:00;31289
17/08/2022;B;12:00:00;5370
18/08/2022;A;12:00:00;30489
18/08/2022;B;12:00:00;5350
19/08/2022;A;12:00:00;30266
19/08/2022;B;12:00:00;5386
20/08/2022;A;12:00:00;41573
20/08/2022;B;12:00:00;6542
21/08/2022;A;12:00:00;14775
21/08/2022;B;12:00:00;3115
22/08/2022;A;12:00:00;29636
22/08/2022;B;12:00:00;5119
23/08/2022;A;12:00:00;30200
23/08/2022;B;12:00:00;5232
24/08/2022;A;12:00:00;30032
24/08/2022;B;12:00:00;5218
25/08/2022;A;12:00:00;29910
25/08/2022;B;12:00:00;5163
26/08/2022;A;12:00:00;30137
26/08/2022;B;12:00:00;5220
27/08/2022;A;12:00:00;42831
27/08/2022;B;12:00:00;6423
28/08/2022;A;12:00:00;15654
28/08/2022;B;12:00:00;3084
29/08/2022;A;12:00:00;28543
29/08/2022;B;12:00:00;4746
30/08/2022;A;12:00:00;29842
30/08/2022;B;12:00:00;4977
31/08/2022;A;12:00:00;30058
31/08/2022;B;12:00:00;5089
1/09/2022;A;12:00:00;29972
1/09/2022;B;12:00:00;5163
2/09/2022;A;12:00:00;32014
2/09/2022;B;12:00:00;5512
3/09/2022;A;12:00:00;43211
3/09/2022;B;12:00:00;6759
4/09/2022;A;12:00:00;16139
4/09/2022;B;12:00:00;3094
5/09/2022;A;12:00:00;29647
5/09/2022;B;12:00:00;4978
6/09/2022;A;12:00:00;30069
6/09/2022;B;12:00:00;5179
7/09/2022;A;12:00:00;30204
7/09/2022;B;12:00:00;5090
8/09/2022;A;12:00:00;30314
8/09/2022;B;12:00:00;5684
9/09/2022;A;12:00:00;30662
9/09/2022;B;12:00:00;5348
10/09/2022;A;12:00:00;43230
10/09/2022;B;12:00:00;6664
11/09/2022;A;12:00:00;16460
11/09/2022;B;12:00:00;3055
12/09/2022;A;12:00:00;29324
12/09/2022;B;12:00:00;5112
13/09/2022;A;12:00:00;30046
13/09/2022;B;12:00:00;5165
14/09/2022;A;12:00:00;29848
14/09/2022;B;12:00:00;5226
15/09/2022;A;12:00:00;29679
15/09/2022;B;12:00:00;5145
16/09/2022;A;12:00:00;31455
16/09/2022;B;12:00:00;5261
17/09/2022;A;12:00:00;42983
17/09/2022;B;12:00:00;6435
18/09/2022;A;12:00:00;15985
18/09/2022;B;12:00:00;3073
19/09/2022;A;12:00:00;28320
19/09/2022;B;12:00:00;4763
20/09/2022;A;12:00:00;28903
20/09/2022;B;12:00:00;4899
21/09/2022;A;12:00:00;29464
21/09/2022;B;12:00:00;5017
22/09/2022;A;12:00:00;30240
22/09/2022;B;12:00:00;5485
23/09/2022;A;12:00:00;29639
23/09/2022;B;12:00:00;4972
24/09/2022;A;12:00:00;43408
24/09/2022;B;12:00:00;6814
25/09/2022;A;12:00:00;17567
25/09/2022;B;12:00:00;4233
26/09/2022;A;12:00:00;31735
26/09/2022;B;12:00:00;5155
27/09/2022;A;12:00:00;29329
27/09/2022;B;12:00:00;5124
28/09/2022;A;12:00:00;28623
28/09/2022;B;12:00:00;5597
29/09/2022;A;12:00:00;28915
29/09/2022;B;12:00:00;4992
30/09/2022;A;12:00:00;29778
30/09/2022;B;12:00:00;4917
1/10/2022;A;12:00:00;42012
1/10/2022;B;12:00:00;6274
2/10/2022;A;12:00:00;16361
2/10/2022;B;12:00:00;3090
3/10/2022;A;12:00:00;29258
3/10/2022;B;12:00:00;4801
4/10/2022;A;12:00:00;28869
4/10/2022;B;12:00:00;5086
5/10/2022;A;12:00:00;30093
5/10/2022;B;12:00:00;4981
6/10/2022;A;12:00:00;28973
6/10/2022;B;12:00:00;5047
7/10/2022;A;12:00:00;29606
7/10/2022;B;12:00:00;5000
8/10/2022;A;12:00:00;41787
8/10/2022;B;12:00:00;6405
9/10/2022;A;12:00:00;16456
9/10/2022;B;12:00:00;2962
10/10/2022;A;12:00:00;28418
10/10/2022;B;12:00:00;4581
11/10/2022;A;12:00:00;29807
11/10/2022;B;12:00:00;4902
12/10/2022;A;12:00:00;29400
12/10/2022;B;12:00:00;4914
13/10/2022;A;12:00:00;29423
13/10/2022;B;12:00:00;4734
14/10/2022;A;12:00:00;30367
14/10/2022;B;12:00:00;5088
15/10/2022;A;12:00:00;42306
15/10/2022;B;12:00:00;6430
16/10/2022;A;12:00:00;17000
16/10/2022;B;12:00:00;3222
17/10/2022;A;12:00:00;14413
17/10/2022;B;12:00:00;2551
18/10/2022;A;12:00:00;29743
18/10/2022;B;12:00:00;10076
19/10/2022;A;12:00:00;29252
19/10/2022;B;12:00:00;5093
20/10/2022;A;12:00:00;28668
20/10/2022;B;12:00:00;5137
21/10/2022;A;12:00:00;29451
21/10/2022;B;12:00:00;4942
22/10/2022;A;12:00:00;44032
22/10/2022;B;12:00:00;7025
23/10/2022;A;12:00:00;15358
23/10/2022;B;12:00:00;3330
24/10/2022;A;12:00:00;32097
24/10/2022;B;12:00:00;4984
25/10/2022;A;12:00:00;32309
25/10/2022;B;12:00:00;4958
26/10/2022;A;12:00:00;29557
26/10/2022;B;12:00:00;4952
27/10/2022;A;12:00:00;29568
27/10/2022;B;12:00:00;5038
28/10/2022;A;12:00:00;30021
28/10/2022;B;12:00:00;5276
29/10/2022;A;12:00:00;44176
29/10/2022;B;12:00:00;6619
30/10/2022;A;12:00:00;16793
30/10/2022;B;12:00:00;2757
31/10/2022;A;12:00:00;29995
31/10/2022;B;12:00:00;4834
1/11/2022;A;12:00:00;29083
1/11/2022;B;12:00:00;4801
2/11/2022;A;12:00:00;29576
2/11/2022;B;12:00:00;5058
3/11/2022;A;12:00:00;29305
3/11/2022;B;12:00:00;4820
4/11/2022;A;12:00:00;30096
4/11/2022;B;12:00:00;5083
5/11/2022;A;12:00:00;43359
5/11/2022;B;12:00:00;6339
6/11/2022;A;12:00:00;15563
6/11/2022;B;12:00:00;2921
7/11/2022;A;12:00:00;13076
7/11/2022;B;12:00:00;2160
8/11/2022;A;12:00:00;30626
8/11/2022;B;12:00:00;4902
9/11/2022;A;12:00:00;30179
9/11/2022;B;12:00:00;5056
10/11/2022;A;12:00:00;28300
10/11/2022;B;12:00:00;4897
11/11/2022;A;12:00:00;29388
11/11/2022;B;12:00:00;4933
12/11/2022;A;12:00:00;41365
12/11/2022;B;12:00:00;6098
13/11/2022;A;12:00:00;16049
13/11/2022;B;12:00:00;2921
14/11/2022;A;12:00:00;13148
14/11/2022;B;12:00:00;2304
15/11/2022;A;12:00:00;30317
15/11/2022;B;12:00:00;4759
16/11/2022;A;12:00:00;29611
16/11/2022;B;12:00:00;4660
17/11/2022;A;12:00:00;29456
17/11/2022;B;12:00:00;4657
18/11/2022;A;12:00:00;30412
18/11/2022;B;12:00:00;4712
19/11/2022;A;12:00:00;43553
19/11/2022;B;12:00:00;6748
20/11/2022;A;12:00:00;15688
20/11/2022;B;12:00:00;3068
21/11/2022;A;12:00:00;28725
21/11/2022;B;12:00:00;4661
22/11/2022;A;12:00:00;28518
22/11/2022;B;12:00:00;4357
23/11/2022;A;12:00:00;27826
23/11/2022;B;12:00:00;4650
24/11/2022;A;12:00:00;28641
24/11/2022;B;12:00:00;4455
25/11/2022;A;12:00:00;29635
25/11/2022;B;12:00:00;4786
26/11/2022;A;12:00:00;41717
26/11/2022;B;12:00:00;5974
27/11/2022;A;12:00:00;16246
27/11/2022;B;12:00:00;2845
28/11/2022;A;12:00:00;27914
28/11/2022;B;12:00:00;4337
29/11/2022;A;12:00:00;28480
29/11/2022;B;12:00:00;4457
30/11/2022;A;12:00:00;29773
30/11/2022;B;12:00:00;4671
1/12/2022;A;12:00:00;28603
1/12/2022;B;12:00:00;4363
2/12/2022;A;12:00:00;29104
2/12/2022;B;12:00:00;4546
3/12/2022;A;12:00:00;42281
3/12/2022;B;12:00:00;6427
4/12/2022;A;12:00:00;17424
4/12/2022;B;12:00:00;3057
5/12/2022;A;12:00:00;29230
5/12/2022;B;12:00:00;4329
6/12/2022;A;12:00:00;29920
6/12/2022;B;12:00:00;4263
7/12/2022;A;12:00:00;29947
7/12/2022;B;12:00:00;4630
8/12/2022;A;12:00:00;15456
8/12/2022;B;12:00:00;2546
9/12/2022;A;12:00:00;28732
9/12/2022;B;12:00:00;4270
10/12/2022;A;12:00:00;40920
10/12/2022;B;12:00:00;6199
11/12/2022;A;12:00:00;17396
11/12/2022;B;12:00:00;3276
12/12/2022;A;12:00:00;28520
12/12/2022;B;12:00:00;4417
13/12/2022;A;12:00:00;28263
13/12/2022;B;12:00:00;4245
14/12/2022;A;12:00:00;28552
14/12/2022;B;12:00:00;4330
15/12/2022;A;12:00:00;28588
15/12/2022;B;12:00:00;4264
16/12/2022;A;12:00:00;31137
16/12/2022;B;12:00:00;4331
17/12/2022;A;12:00:00;41503
17/12/2022;B;12:00:00;6419
18/12/2022;A;12:00:00;16132
18/12/2022;B;12:00:00;2751
19/12/2022;A;12:00:00;28981
19/12/2022;B;12:00:00;4299
20/12/2022;A;12:00:00;30292
20/12/2022;B;12:00:00;4311
21/12/2022;A;12:00:00;29585
21/12/2022;B;12:00:00;4417
22/12/2022;A;12:00:00;30558
22/12/2022;B;12:00:00;4383
23/12/2022;A;12:00:00;33318
23/12/2022;B;12:00:00;4450
24/12/2022;A;12:00:00;31347
24/12/2022;B;12:00:00;4253
25/12/2022;A;12:00:00;9669
25/12/2022;B;12:00:00;1532
26/12/2022;A;12:00:00;22740
26/12/2022;B;12:00:00;3220
27/12/2022;A;12:00:00;23818
27/12/2022;B;12:00:00;3520
28/12/2022;A;12:00:00;23787
28/12/2022;B;12:00:00;3507
29/12/2022;A;12:00:00;23471
29/12/2022;B;12:00:00;3653
30/12/2022;A;12:00:00;27394
30/12/2022;B;12:00:00;3867
31/12/2022;A;12:00:00;21727
31/12/2022;B;12:00:00;3446
1/01/2023;A;12:00:00;8701
1/01/2024;B;12:00:00;1544
1/02/2023;A;12:00:00;20015
1/02/2023;B;12:00:00;3205
1/03/2023;A;12:00:00;21236
1/03/2023;B;12:00:00;3565
1/04/2023;A;12:00:00;22896
1/04/2023;B;12:00:00;3812
1/05/2023;A;12:00:00;23216
1/05/2023;B;12:00:00;4118
1/06/2023;A;12:00:00;23679
1/06/2023;B;12:00:00;4140
1/07/2023;A;12:00:00;31984
1/07/2023;B;12:00:00;4951
1/08/2023;A;12:00:00;16069
1/08/2023;B;12:00:00;3501
1/09/2023;A;12:00:00;13141
1/09/2023;B;12:00:00;2874
1/10/2023;A;12:00:00;24683
1/10/2023;B;12:00:00;3969
1/11/2023;A;12:00:00;25226
1/11/2023;B;12:00:00;4057
1/12/2023;A;12:00:00;24564
1/12/2023;B;12:00:00;4066
13/01/2023;A;12:00:00;24914
13/01/2023;B;12:00:00;4142
14/01/2023;A;12:00:00;36274
14/01/2023;B;12:00:00;5415
15/01/2023;A;12:00:00;15869
15/01/2023;B;12:00:00;3131
16/01/2023;A;12:00:00;25884
16/01/2023;B;12:00:00;4314
17/01/2023;A;12:00:00;27915
17/01/2023;B;12:00:00;4449
18/01/2023;A;12:00:00;26828
18/01/2023;B;12:00:00;4440
19/01/2023;A;12:00:00;26706
19/01/2023;B;12:00:00;4521
20/01/2023;A;12:00:00;27919
20/01/2023;B;12:00:00;4667
21/01/2023;A;12:00:00;38971
21/01/2023;B;12:00:00;5775
22/01/2023;A;12:00:00;14635
22/01/2023;B;12:00:00;2778
23/01/2023;A;12:00:00;27751
23/01/2023;B;12:00:00;4804
24/01/2023;A;12:00:00;27641
24/01/2023;B;12:00:00;4655
25/01/2023;A;12:00:00;27917
25/01/2023;B;12:00:00;4537
26/01/2023;A;12:00:00;27427
26/01/2023;B;12:00:00;4442
27/01/2023;A;12:00:00;27803
27/01/2023;B;12:00:00;4864
28/01/2023;A;12:00:00;38673
28/01/2023;B;12:00:00;5857
29/01/2023;A;12:00:00;14771
29/01/2023;B;12:00:00;2816
30/01/2023;A;12:00:00;27122
30/01/2023;B;12:00:00;4848
31/01/2023;A;12:00:00;28194
31/01/2023;B;12:00:00;4726
2/01/2023;A;12:00:00;29477
2/01/2023;B;12:00:00;4864
2/02/2023;A;12:00:00;29236
2/02/2023;B;12:00:00;5013
2/03/2023;A;12:00:00;29213
2/03/2023;B;12:00:00;5066
2/04/2023;A;12:00:00;41356
2/04/2023;B;12:00:00;6137
2/05/2023;A;12:00:00;15917
2/05/2023;B;12:00:00;3038
2/06/2023;A;12:00:00;30226
2/06/2023;B;12:00:00;5035
2/07/2023;A;12:00:00;30224
2/07/2023;B;12:00:00;5438
2/08/2023;A;12:00:00;29869
2/08/2023;B;12:00:00;5372
2/09/2023;A;12:00:00;29555
2/09/2023;B;12:00:00;5131
2/10/2023;A;12:00:00;30197
2/10/2023;B;12:00:00;5360
2/11/2023;A;12:00:00;41515
2/11/2023;B;12:00:00;6414
2/12/2023;A;12:00:00;13235
2/12/2023;B;12:00:00;2584
13/02/2023;A;12:00:00;29274
13/02/2023;B;12:00:00;5141
14/02/2023;A;12:00:00;30163
14/02/2023;B;12:00:00;5128
15/02/2023;A;12:00:00;31788
15/02/2023;B;12:00:00;5226
16/02/2023;A;12:00:00;30345
16/02/2023;B;12:00:00;5311
17/02/2023;A;12:00:00;30830
17/02/2023;B;12:00:00;5545
18/02/2023;A;12:00:00;41286
18/02/2023;B;12:00:00;6438
19/02/2023;A;12:00:00;15503
19/02/2023;B;12:00:00;2951
20/02/2023;A;12:00:00;30866
20/02/2023;B;12:00:00;5136
21/02/2023;A;12:00:00;30962
21/02/2023;B;12:00:00;5374
22/02/2023;A;12:00:00;27874
22/02/2023;B;12:00:00;5129
23/02/2023;A;12:00:00;30232
23/02/2023;B;12:00:00;5338
24/02/2023;A;12:00:00;30712
24/02/2023;B;12:00:00;5322
25/02/2023;A;12:00:00;42805
25/02/2023;B;12:00:00;6151
26/02/2023;A;12:00:00;15155
26/02/2023;B;12:00:00;2906
27/02/2023;A;12:00:00;30235
27/02/2023;B;12:00:00;5235
28/02/2023;A;12:00:00;31561
28/02/2023;B;12:00:00;5200
3/01/2023;A;12:00:00;31998
3/01/2023;B;12:00:00;5266
3/02/2023;A;12:00:00;30818
3/02/2023;B;12:00:00;5301
3/03/2023;A;12:00:00;31333
3/03/2023;B;12:00:00;5365
3/04/2023;A;12:00:00;43394
3/04/2023;B;12:00:00;6510
3/05/2023;A;12:00:00;14912
3/05/2023;B;12:00:00;2789
3/06/2023;A;12:00:00;30281
3/06/2023;B;12:00:00;5170
3/07/2023;A;12:00:00;30442
3/07/2023;B;12:00:00;5167
3/08/2023;A;12:00:00;31401
3/08/2023;B;12:00:00;5494
3/09/2023;A;12:00:00;30663
3/09/2023;B;12:00:00;5263
3/10/2023;A;12:00:00;30644
3/10/2023;B;12:00:00;5296
3/11/2023;A;12:00:00;42809
3/11/2023;B;12:00:00;6680
3/12/2023;A;12:00:00;14455
3/12/2023;B;12:00:00;2856
13/03/2023;A;12:00:00;24853
13/03/2023;B;12:00:00;4817
14/03/2023;A;12:00:00;30701
14/03/2023;B;12:00:00;5475
15/03/2023;A;12:00:00;30358
15/03/2023;B;12:00:00;5260
16/03/2023;A;12:00:00;31622
16/03/2023;B;12:00:00;4965
17/03/2023;A;12:00:00;31281
17/03/2023;B;12:00:00;5297
18/03/2023;A;12:00:00;41650
18/03/2023;B;12:00:00;6310
19/03/2023;A;12:00:00;16285
19/03/2023;B;12:00:00;3118
20/03/2023;A;12:00:00;13301
20/03/2023;B;12:00:00;2497
21/03/2023;A;12:00:00;31332
21/03/2023;B;12:00:00;5393
22/03/2023;A;12:00:00;30358
22/03/2023;B;12:00:00;5450
23/03/2023;A;12:00:00;30274
23/03/2023;B;12:00:00;5194
24/03/2023;A;12:00:00;30864
24/03/2023;B;12:00:00;5453
25/03/2023;A;12:00:00;41005
25/03/2023;B;12:00:00;6559
26/03/2023;A;12:00:00;14314
26/03/2023;B;12:00:00;2732
27/03/2023;A;12:00:00;29345
27/03/2023;B;12:00:00;7045
28/03/2023;A;12:00:00;30024
28/03/2023;B;12:00:00;5210
29/03/2023;A;12:00:00;29951
29/03/2023;B;12:00:00;5033
30/03/2023;A;12:00:00;30092
30/03/2023;B;12:00:00;4998
31/03/2023;A;12:00:00;30483
31/03/2023;B;12:00:00;5005
4/01/2023;A;12:00:00;41224
4/01/2023;B;12:00:00;6404
4/02/2023;A;12:00:00;14858
4/02/2023;B;12:00:00;2915
4/03/2023;A;12:00:00;25998
4/03/2023;B;12:00:00;4056
4/04/2023;A;12:00:00;25671
4/04/2023;B;12:00:00;4370
4/05/2023;A;12:00:00;28364
4/05/2023;B;12:00:00;4311
4/06/2023;A;12:00:00;13528
4/06/2023;B;12:00:00;2550
4/07/2023;A;12:00:00;11339
4/07/2023;B;12:00:00;2557
4/08/2023;A;12:00:00;20513
4/08/2023;B;12:00:00;3339
4/09/2023;A;12:00:00;12816
4/09/2023;B;12:00:00;2311
4/10/2023;A;12:00:00;29419
4/10/2023;B;12:00:00;4987
4/11/2023;A;12:00:00;30217
4/11/2023;B;12:00:00;5240
4/12/2023;A;12:00:00;29648
4/12/2023;B;12:00:00;5146
13/04/2023;A;12:00:00;29800
13/04/2023;B;12:00:00;5096
14/04/2023;A;12:00:00;29964
14/04/2023;B;12:00:00;5257
15/04/2023;A;12:00:00;42392
15/04/2023;B;12:00:00;6679
16/04/2023;A;12:00:00;15795
16/04/2023;B;12:00:00;3002
17/04/2023;A;12:00:00;30171
17/04/2023;B;12:00:00;5074
18/04/2023;A;12:00:00;30549
18/04/2023;B;12:00:00;5281
19/04/2023;A;12:00:00;29509
19/04/2023;B;12:00:00;5120
20/04/2023;A;12:00:00;29823
20/04/2023;B;12:00:00;5058
21/04/2023;A;12:00:00;30131
21/04/2023;B;12:00:00;5166
22/04/2023;A;12:00:00;43648
22/04/2023;B;12:00:00;6456
23/04/2023;A;12:00:00;15377
23/04/2023;B;12:00:00;3300
24/04/2023;A;12:00:00;29569
24/04/2023;B;12:00:00;4869
25/04/2023;A;12:00:00;29778
25/04/2023;B;12:00:00;4932
26/04/2023;A;12:00:00;30692
26/04/2023;B;12:00:00;5077
27/04/2023;A;12:00:00;30031
27/04/2023;B;12:00:00;4986
28/04/2023;A;12:00:00;31319
28/04/2023;B;12:00:00;5015
29/04/2023;A;12:00:00;41617
29/04/2023;B;12:00:00;6220
30/04/2023;A;12:00:00;16192
30/04/2023;B;12:00:00;3078
5/01/2023;A;12:00:00;13661
5/01/2023;B;12:00:00;2604
5/02/2023;A;12:00:00;31219
5/02/2023;B;12:00:00;5137
5/03/2023;A;12:00:00;30591
5/03/2023;B;12:00:00;5131
5/04/2023;A;12:00:00;29961
5/04/2023;B;12:00:00;4985
5/05/2023;A;12:00:00;31527
5/05/2023;B;12:00:00;5022
5/06/2023;A;12:00:00;43826
5/06/2023;B;12:00:00;6420
5/07/2023;A;12:00:00;15054
5/07/2023;B;12:00:00;3194
5/08/2023;A;12:00:00;29078
5/08/2023;B;12:00:00;4707
5/09/2023;A;12:00:00;30285
5/09/2023;B;12:00:00;5106
5/10/2023;A;12:00:00;30465
5/10/2023;B;12:00:00;4847
5/11/2023;A;12:00:00;29207
5/11/2023;B;12:00:00;4918
5/12/2023;A;12:00:00;30732
5/12/2023;B;12:00:00;5094
13/05/2023;A;12:00:00;43270
13/05/2023;B;12:00:00;6483
14/05/2023;A;12:00:00;17705
14/05/2023;B;12:00:00;2942
15/05/2023;A;12:00:00;28629
15/05/2023;B;12:00:00;4455
16/05/2023;A;12:00:00;29843
16/05/2023;B;12:00:00;5163
17/05/2023;A;12:00:00;30883
17/05/2023;B;12:00:00;5325
18/05/2023;A;12:00:00;29661
18/05/2023;B;12:00:00;5025
19/05/2023;A;12:00:00;30404
19/05/2023;B;12:00:00;5140
20/05/2023;A;12:00:00;42403
20/05/2023;B;12:00:00;6500
21/05/2023;A;12:00:00;13282
21/05/2023;B;12:00:00;2852
22/05/2023;A;12:00:00;13441
22/05/2023;B;12:00:00;2579
23/05/2023;A;12:00:00;33157
23/05/2023;B;12:00:00;5273
24/05/2023;A;12:00:00;29981
24/05/2023;B;12:00:00;5150
25/05/2023;A;12:00:00;30367
25/05/2023;B;12:00:00;5109
26/05/2023;A;12:00:00;29709
26/05/2023;B;12:00:00;5124
27/05/2023;A;12:00:00;41781
27/05/2023;B;12:00:00;6172
28/05/2023;A;12:00:00;14185
28/05/2023;B;12:00:00;2702
29/05/2023;A;12:00:00;28081
29/05/2023;B;12:00:00;4636
30/05/2023;A;12:00:00;28833
30/05/2023;B;12:00:00;4493
31/05/2023;A;12:00:00;28916
31/05/2023;B;12:00:00;4812
6/01/2023;A;12:00:00;29007
6/01/2023;B;12:00:00;4750
6/02/2023;A;12:00:00;28497
6/02/2023;B;12:00:00;4636
6/03/2023;A;12:00:00;42866
6/03/2023;B;12:00:00;6321
6/04/2023;A;12:00:00;15134
6/04/2023;B;12:00:00;2850
6/05/2023;A;12:00:00;28112
6/05/2023;B;12:00:00;4745
6/06/2023;A;12:00:00;29158
6/06/2023;B;12:00:00;4688
6/07/2023;A;12:00:00;29821
6/07/2023;B;12:00:00;4490
6/08/2023;A;12:00:00;27780
6/08/2023;B;12:00:00;4263
6/09/2023;A;12:00:00;28628
6/09/2023;B;12:00:00;4366
6/10/2023;A;12:00:00;42265
6/10/2023;B;12:00:00;6090
6/11/2023;A;12:00:00;15598
6/11/2023;B;12:00:00;2983
6/12/2023;A;12:00:00;12549
6/12/2023;B;12:00:00;2229
13/06/2023;A;12:00:00;28474
13/06/2023;B;12:00:00;4330
14/06/2023;A;12:00:00;28220
14/06/2023;B;12:00:00;4324
15/06/2023;A;12:00:00;28922
15/06/2023;B;12:00:00;4483
16/06/2023;A;12:00:00;29714
16/06/2023;B;12:00:00;4523
17/06/2023;A;12:00:00;42184
17/06/2023;B;12:00:00;6128
18/06/2023;A;12:00:00;17273
18/06/2023;B;12:00:00;3087
19/06/2023;A;12:00:00;13388
19/06/2023;B;12:00:00;2292
20/06/2023;A;12:00:00;32978
20/06/2023;B;12:00:00;4620
21/06/2023;A;12:00:00;28564
21/06/2023;B;12:00:00;4506
22/06/2023;A;12:00:00;27984
22/06/2023;B;12:00:00;4447
23/06/2023;A;12:00:00;28178
23/06/2023;B;12:00:00;4431
24/06/2023;A;12:00:00;40320
24/06/2023;B;12:00:00;5955
25/06/2023;A;12:00:00;16659
25/06/2023;B;12:00:00;2983
26/06/2023;A;12:00:00;26938
26/06/2023;B;12:00:00;4237
27/06/2023;A;12:00:00;27140
27/06/2023;B;12:00:00;4164
28/06/2023;A;12:00:00;27597
28/06/2023;B;12:00:00;4096
29/06/2023;A;12:00:00;27095
29/06/2023;B;12:00:00;4144
30/06/2023;A;12:00:00;28226
30/06/2023;B;12:00:00;4483
7/01/2023;A;12:00:00;40464
7/01/2023;B;12:00:00;5941
7/02/2023;A;12:00:00;22725
7/02/2023;B;12:00:00;4300
7/03/2023;A;12:00:00;15031
7/03/2023;B;12:00:00;2869
7/04/2023;A;12:00:00;28870
7/04/2023;B;12:00:00;4630
7/05/2023;A;12:00:00;27947
7/05/2023;B;12:00:00;4549
7/06/2023;A;12:00:00;27828
7/06/2023;B;12:00:00;4418
7/07/2023;A;12:00:00;28438
7/07/2023;B;12:00:00;4676
7/08/2023;A;12:00:00;40920
7/08/2023;B;12:00:00;6421
7/09/2023;A;12:00:00;15772
7/09/2023;B;12:00:00;3115
7/10/2023;A;12:00:00;27853
7/10/2023;B;12:00:00;4463
7/11/2023;A;12:00:00;27901
7/11/2023;B;12:00:00;4379
7/12/2023;A;12:00:00;27630
7/12/2023;B;12:00:00;4633
13/07/2023;A;12:00:00;27250
13/07/2023;B;12:00:00;4307
14/07/2023;A;12:00:00;28078
14/07/2023;B;12:00:00;4392
15/07/2023;A;12:00:00;42267
15/07/2023;B;12:00:00;6341
16/07/2023;A;12:00:00;16623
16/07/2023;B;12:00:00;3155
17/07/2023;A;12:00:00;28449
17/07/2023;B;12:00:00;4450
18/07/2023;A;12:00:00;28989
18/07/2023;B;12:00:00;4588
19/07/2023;A;12:00:00;30610
19/07/2023;B;12:00:00;4747
20/07/2023;A;12:00:00;15999
20/07/2023;B;12:00:00;3280
21/07/2023;A;12:00:00;28827
21/07/2023;B;12:00:00;4754
22/07/2023;A;12:00:00;40502
22/07/2023;B;12:00:00;6207
23/07/2023;A;12:00:00;15080
23/07/2023;B;12:00:00;3071
24/07/2023;A;12:00:00;28062
24/07/2023;B;12:00:00;4819
25/07/2023;A;12:00:00;28977
25/07/2023;B;12:00:00;4752
26/07/2023;A;12:00:00;28632
26/07/2023;B;12:00:00;5017
27/07/2023;A;12:00:00;28765
27/07/2023;B;12:00:00;5104
28/07/2023;A;12:00:00;30086
28/07/2023;B;12:00:00;4893
29/07/2023;A;12:00:00;42901
29/07/2023;B;12:00:00;7055
30/07/2023;A;12:00:00;16049
30/07/2023;B;12:00:00;3249
31/07/2023;A;12:00:00;29446
31/07/2023;B;12:00:00;5136
8/01/2023;A;12:00:00;31069
8/01/2023;B;12:00:00;5475
8/02/2023;A;12:00:00;30556
8/02/2023;B;12:00:00;5463
8/03/2023;A;12:00:00;30715
8/03/2023;B;12:00:00;5287
8/04/2023;A;12:00:00;31277
8/04/2023;B;12:00:00;5609
8/05/2023;A;12:00:00;50761
8/05/2023;B;12:00:00;7453
8/06/2023;A;12:00:00;18717
8/06/2023;B;12:00:00;4294
8/07/2023;A;12:00:00;19957
8/07/2023;B;12:00:00;3358
8/08/2023;A;12:00:00;32149
8/08/2023;B;12:00:00;6488
8/09/2023;A;12:00:00;33173
8/09/2023;B;12:00:00;5587
8/10/2023;A;12:00:00;32088
8/10/2023;B;12:00:00;5403
8/11/2023;A;12:00:00;32177
8/11/2023;B;12:00:00;5425
8/12/2023;A;12:00:00;43688
8/12/2023;B;12:00:00;6566
13/08/2023;A;12:00:00;14513
13/08/2023;B;12:00:00;2960
14/08/2023;A;12:00:00;29669
14/08/2023;B;12:00:00;5049
15/08/2023;A;12:00:00;31131
15/08/2023;B;12:00:00;5424
16/08/2023;A;12:00:00;32196
16/08/2023;B;12:00:00;5611
17/08/2023;A;12:00:00;30475
17/08/2023;B;12:00:00;5435
18/08/2023;A;12:00:00;31315
18/08/2023;B;12:00:00;5197
19/08/2023;A;12:00:00;44473
19/08/2023;B;12:00:00;6713
20/08/2023;A;12:00:00;16602
20/08/2023;B;12:00:00;3442
21/08/2023;A;12:00:00;13297
21/08/2023;B;12:00:00;2391
22/08/2023;A;12:00:00;31776
22/08/2023;B;12:00:00;5215
23/08/2023;A;12:00:00;31380
23/08/2023;B;12:00:00;5265
24/08/2023;A;12:00:00;30338
24/08/2023;B;12:00:00;5327
25/08/2023;A;12:00:00;30031
25/08/2023;B;12:00:00;5001
26/08/2023;A;12:00:00;42834
26/08/2023;B;12:00:00;6735
27/08/2023;A;12:00:00;15118
27/08/2023;B;12:00:00;2832
28/08/2023;A;12:00:00;29450
28/08/2023;B;12:00:00;5101
29/08/2023;A;12:00:00;29393
29/08/2023;B;12:00:00;5086
30/08/2023;A;12:00:00;30167
30/08/2023;B;12:00:00;4768
31/08/2023;A;12:00:00;30336
31/08/2023;B;12:00:00;5016
9/01/2023;A;12:00:00;30611
9/01/2023;B;12:00:00;5080
9/02/2023;A;12:00:00;42078
9/02/2023;B;12:00:00;6618
9/03/2023;A;12:00:00;16203
9/03/2023;B;12:00:00;2905
9/04/2023;A;12:00:00;30090
9/04/2023;B;12:00:00;4882
9/05/2023;A;12:00:00;30838
9/05/2023;B;12:00:00;5259
9/06/2023;A;12:00:00;30641
9/06/2023;B;12:00:00;5173
9/07/2023;A;12:00:00;29921
9/07/2023;B;12:00:00;4944
9/08/2023;A;12:00:00;30633
9/08/2023;B;12:00:00;5251
9/09/2023;A;12:00:00;43783
9/09/2023;B;12:00:00;6716
9/10/2023;A;12:00:00;15761
9/10/2023;B;12:00:00;2886
9/11/2023;A;12:00:00;29801
9/11/2023;B;12:00:00;4834
9/12/2023;A;12:00:00;29757
9/12/2023;B;12:00:00;5112
13/09/2023;A;12:00:00;30331
13/09/2023;B;12:00:00;4978
14/09/2023;A;12:00:00;30488
14/09/2023;B;12:00:00;5048
15/09/2023;A;12:00:00;31136
15/09/2023;B;12:00:00;5248
16/09/2023;A;12:00:00;44320
16/09/2023;B;12:00:00;6876
17/09/2023;A;12:00:00;16746
17/09/2023;B;12:00:00;3534
18/09/2023;A;12:00:00;28852
18/09/2023;B;12:00:00;4724
19/09/2023;A;12:00:00;29795
19/09/2023;B;12:00:00;5071
20/09/2023;A;12:00:00;30013
20/09/2023;B;12:00:00;5049
21/09/2023;A;12:00:00;29509
21/09/2023;B;12:00:00;4710
22/09/2023;A;12:00:00;29416
22/09/2023;B;12:00:00;4911
23/09/2023;A;12:00:00;28435
23/09/2023;B;12:00:00;2247
24/09/2023;A;12:00:00;15441
24/09/2023;B;12:00:00;3213
25/09/2023;A;12:00:00;28370
25/09/2023;B;12:00:00;4881
26/09/2023;A;12:00:00;29426
26/09/2023;B;12:00:00;5076
27/09/2023;A;12:00:00;30153
27/09/2023;B;12:00:00;4970
28/09/2023;A;12:00:00;28661
28/09/2023;B;12:00:00;4844
29/09/2023;A;12:00:00;41767
29/09/2023;B;12:00:00;8583
30/09/2023;A;12:00:00;43001
30/09/2023;B;12:00:00;5134
10/01/2023;A;12:00:00;15608
10/01/2023;B;12:00:00;2905
10/02/2023;A;12:00:00;29587
10/02/2023;B;12:00:00;4789
10/03/2023;A;12:00:00;30487
10/03/2023;B;12:00:00;5188
10/04/2023;A;12:00:00;29021
10/04/2023;B;12:00:00;4854
10/05/2023;A;12:00:00;30000
10/05/2023;B;12:00:00;5083
10/06/2023;A;12:00:00;29727
10/06/2023;B;12:00:00;4986
10/07/2023;A;12:00:00;44381
10/07/2023;B;12:00:00;6490
10/08/2023;A;12:00:00;16202
10/08/2023;B;12:00:00;2946
10/09/2023;A;12:00:00;29050
10/09/2023;B;12:00:00;4563
10/10/2023;A;12:00:00;29796
10/10/2023;B;12:00:00;4953
10/11/2023;A;12:00:00;29919
10/11/2023;B;12:00:00;4855
10/12/2023;A;12:00:00;30668
10/12/2023;B;12:00:00;5034
13/10/2023;A;12:00:00;30796
13/10/2023;B;12:00:00;4909
14/10/2023;A;12:00:00;42138
14/10/2023;B;12:00:00;6060
15/10/2023;A;12:00:00;15999
15/10/2023;B;12:00:00;3126
16/10/2023;A;12:00:00;13547
16/10/2023;B;12:00:00;2281
17/10/2023;A;12:00:00;30618
17/10/2023;B;12:00:00;5039
18/10/2023;A;12:00:00;30413
18/10/2023;B;12:00:00;5247
19/10/2023;A;12:00:00;30037
19/10/2023;B;12:00:00;5018
20/10/2023;A;12:00:00;30335
20/10/2023;B;12:00:00;4929
21/10/2023;A;12:00:00;41808
21/10/2023;B;12:00:00;6606
22/10/2023;A;12:00:00;14879
22/10/2023;B;12:00:00;2738
23/10/2023;A;12:00:00;28844
23/10/2023;B;12:00:00;4869
24/10/2023;A;12:00:00;29569
24/10/2023;B;12:00:00;5134
25/10/2023;A;12:00:00;30386
25/10/2023;B;12:00:00;5072
26/10/2023;A;12:00:00;29305
26/10/2023;B;12:00:00;4629
27/10/2023;A;12:00:00;29971
27/10/2023;B;12:00:00;4936
28/10/2023;A;12:00:00;41901
28/10/2023;B;12:00:00;6432
29/10/2023;A;12:00:00;12
29/10/2023;B;12:00:00;
30/10/2023;A;12:00:00;27806
30/10/2023;B;12:00:00;4685
31/10/2023;A;12:00:00;30573
31/10/2023;B;12:00:00;5201
11/01/2023;A;12:00:00;30166
11/01/2023;B;12:00:00;5156
11/02/2023;A;12:00:00;31335
11/02/2023;B;12:00:00;5360
11/03/2023;A;12:00:00;33308
11/03/2023;B;12:00:00;5371
11/04/2023;A;12:00:00;45745
11/04/2023;B;12:00:00;7500
11/05/2023;A;12:00:00;19497
11/05/2023;B;12:00:00;4155
11/06/2023;A;12:00:00;15198
11/06/2023;B;12:00:00;2754
11/07/2023;A;12:00:00;37535
11/07/2023;B;12:00:00;5602
11/08/2023;A;12:00:00;31993
11/08/2023;B;12:00:00;5212
11/09/2023;A;12:00:00;31263
11/09/2023;B;12:00:00;5136
11/10/2023;A;12:00:00;32069
11/10/2023;B;12:00:00;5112
11/11/2023;A;12:00:00;42568
11/11/2023;B;12:00:00;6435
11/12/2023;A;12:00:00;16160
11/12/2023;B;12:00:00;3456
13/11/2023;A;12:00:00;13025
13/11/2023;B;12:00:00;2242
14/11/2023;A;12:00:00;31221
14/11/2023;B;12:00:00;4819
15/11/2023;A;12:00:00;30156
15/11/2023;B;12:00:00;4818
16/11/2023;A;12:00:00;30768
16/11/2023;B;12:00:00;4671
17/11/2023;A;12:00:00;30610
17/11/2023;B;12:00:00;4934
18/11/2023;A;12:00:00;43704
18/11/2023;B;12:00:00;6561
19/11/2023;A;12:00:00;15922
19/11/2023;B;12:00:00;2748
20/11/2023;A;12:00:00;29596
20/11/2023;B;12:00:00;4634
21/11/2023;A;12:00:00;30371
21/11/2023;B;12:00:00;4691
22/11/2023;A;12:00:00;30120
22/11/2023;B;12:00:00;4798
23/11/2023;A;12:00:00;29935
23/11/2023;B;12:00:00;4709
24/11/2023;A;12:00:00;31857
24/11/2023;B;12:00:00;4867
25/11/2023;A;12:00:00;43658
25/11/2023;B;12:00:00;6303
26/11/2023;A;12:00:00;16795
26/11/2023;B;12:00:00;2915
27/11/2023;A;12:00:00;29251
27/11/2023;B;12:00:00;4412
28/11/2023;A;12:00:00;29603
28/11/2023;B;12:00:00;4464
29/11/2023;A;12:00:00;29910
29/11/2023;B;12:00:00;4397
30/11/2023;A;12:00:00;30321
30/11/2023;B;12:00:00;4611
12/01/2023;A;12:00:00;32883
12/01/2023;B;12:00:00;4879
12/02/2023;A;12:00:00;44896
12/02/2023;B;12:00:00;6678
12/03/2023;A;12:00:00;18275
12/03/2023;B;12:00:00;3360
12/04/2023;A;12:00:00;30282
12/04/2023;B;12:00:00;4548
12/05/2023;A;12:00:00;30402
12/05/2023;B;12:00:00;4838
12/06/2023;A;12:00:00;31044
12/06/2023;B;12:00:00;4655
12/07/2023;A;12:00:00;31189
12/07/2023;B;12:00:00;4561
12/08/2023;A;12:00:00;18139
12/08/2023;B;12:00:00;3220
12/09/2023;A;12:00:00;35542
12/09/2023;B;12:00:00;5496
12/10/2023;A;12:00:00;17877
12/10/2023;B;12:00:00;3367
12/11/2023;A;12:00:00;29984
12/11/2023;B;12:00:00;4511
12/12/2023;A;12:00:00;29509
12/12/2023;B;12:00:00;4726
13/12/2023;A;12:00:00;29362
13/12/2023;B;12:00:00;4393
14/12/2023;A;12:00:00;58714
14/12/2023;B;12:00:00;9114
15/12/2023;A;12:00:00;30589
15/12/2023;B;12:00:00;4485
16/12/2023;A;12:00:00;43322
16/12/2023;B;12:00:00;6534
17/12/2023;A;12:00:00;22900
17/12/2023;B;12:00:00;3712
18/12/2023;A;12:00:00;30587
18/12/2023;B;12:00:00;4556
19/12/2023;A;12:00:00;30732
19/12/2023;B;12:00:00;4564
20/12/2023;A;12:00:00;31406
20/12/2023;B;12:00:00;4569
21/12/2023;A;12:00:00;32107
21/12/2023;B;12:00:00;4618
22/12/2023;A;12:00:00;33687
22/12/2023;B;12:00:00;4653
23/12/2023;A;12:00:00;39535
23/12/2023;B;12:00:00;5418
24/12/2023;A;12:00:00;18992
24/12/2023;B;12:00:00;2866
25/12/2023;A;12:00:00;9733
25/12/2023;B;12:00:00;1662
26/12/2023;A;12:00:00;24830
26/12/2023;B;12:00:00;3800
27/12/2023;A;12:00:00;26695
27/12/2023;B;12:00:00;4062
28/12/2023;A;12:00:00;26798
28/12/2023;B;12:00:00;4409
29/12/2023;A;12:00:00;28905
29/12/2023;B;12:00:00;4311
30/12/2023;A;12:00:00;29843
30/12/2023;B;12:00:00;4577
31/12/2023;A;12:00:00;15673
31/12/2023;B;12:00:00;2660
1/01/2024;A;12:00:00;8530
1/01/2024;B;12:00:00;1482
2/01/2024;A;12:00:00;19892
2/01/2024;B;12:00:00;3290
3/01/2024;A;12:00:00;22068
3/01/2024;B;12:00:00;3733
4/01/2024;A;12:00:00;22146
4/01/2024;B;12:00:00;3741
5/01/2024;A;12:00:00;23210
5/01/2024;B;12:00:00;3822
6/01/2024;A;12:00:00;31341
6/01/2024;B;12:00:00;4842
7/01/2024;A;12:00:00;14514
7/01/2024;B;12:00:00;2901
8/01/2024;A;12:00:00;12714
8/01/2024;B;12:00:00;2434
9/01/2024;A;12:00:00;24669
9/01/2024;B;12:00:00;4067
10/01/2024;A;12:00:00;23865
10/01/2024;B;12:00:00;3858
11/01/2024;A;12:00:00;23816
11/01/2024;B;12:00:00;3811
12/01/2024;A;12:00:00;24208
12/01/2024;B;12:00:00;3843
13/01/2024;A;12:00:00;35870
13/01/2024;B;12:00:00;5227
14/01/2024;A;12:00:00;13397
14/01/2024;B;12:00:00;2597
15/01/2024;A;12:00:00;25035
15/01/2024;B;12:00:00;4001
16/01/2024;A;12:00:00;26101
16/01/2024;B;12:00:00;4191
17/01/2024;A;12:00:00;25756
17/01/2024;B;12:00:00;4102
18/01/2024;A;12:00:00;25827
18/01/2024;B;12:00:00;4068
19/01/2024;A;12:00:00;26352
19/01/2024;B;12:00:00;4339
20/01/2024;A;12:00:00;39357
20/01/2024;B;12:00:00;5712
21/01/2024;A;12:00:00;13890
21/01/2024;B;12:00:00;2590
22/01/2024;A;12:00:00;26608
22/01/2024;B;12:00:00;4385
23/01/2024;A;12:00:00;26701
23/01/2024;B;12:00:00;4218
24/01/2024;A;12:00:00;27048
24/01/2024;B;12:00:00;4304
25/01/2024;A;12:00:00;26591
25/01/2024;B;12:00:00;4136
26/01/2024;A;12:00:00;27169
26/01/2024;B;12:00:00;4325
27/01/2024;A;12:00:00;39648
27/01/2024;B;12:00:00;5665
28/01/2024;A;12:00:00;13876
28/01/2024;B;12:00:00;2558
29/01/2024;A;12:00:00;27408
29/01/2024;B;12:00:00;4456
30/01/2024;A;12:00:00;27551
30/01/2024;B;12:00:00;4611
31/01/2024;A;12:00:00;28673
31/01/2024;B;12:00:00;4709
1/02/2024;A;12:00:00;27929
1/02/2024;B;12:00:00;4787
2/02/2024;A;12:00:00;27749
2/02/2024;B;12:00:00;4882
3/02/2024;A;12:00:00;40835
3/02/2024;B;12:00:00;6185
4/02/2024;A;12:00:00;14502
4/02/2024;B;12:00:00;2891
5/02/2024;A;12:00:00;29206
5/02/2024;B;12:00:00;5035
6/02/2024;A;12:00:00;29608
6/02/2024;B;12:00:00;5142
7/02/2024;A;12:00:00;30143
7/02/2024;B;12:00:00;5008
8/02/2024;A;12:00:00;30237
8/02/2024;B;12:00:00;5362
9/02/2024;A;12:00:00;30692
9/02/2024;B;12:00:00;5168
10/02/2024;A;12:00:00;42372
10/02/2024;B;12:00:00;6222
11/02/2024;A;12:00:00;14521
11/02/2024;B;12:00:00;2917
12/02/2024;A;12:00:00;28830
12/02/2024;B;12:00:00;5057
13/02/2024;A;12:00:00;29857
13/02/2024;B;12:00:00;5270
14/02/2024;A;12:00:00;29493
14/02/2024;B;12:00:00;5280
15/02/2024;A;12:00:00;29352
15/02/2024;B;12:00:00;4996
16/02/2024;A;12:00:00;30850
16/02/2024;B;12:00:00;5417
17/02/2024;A;12:00:00;42862
17/02/2024;B;12:00:00;6328
18/02/2024;A;12:00:00;14689
18/02/2024;B;12:00:00;3008
19/02/2024;A;12:00:00;29162
19/02/2024;B;12:00:00;5007
20/02/2024;A;12:00:00;29903
20/02/2024;B;12:00:00;5154
21/02/2024;A;12:00:00;29664
21/02/2024;B;12:00:00;5069
22/02/2024;A;12:00:00;29758
22/02/2024;B;12:00:00;5101
23/02/2024;A;12:00:00;29813
23/02/2024;B;12:00:00;5167
24/02/2024;A;12:00:00;42681
24/02/2024;B;12:00:00;6504
25/02/2024;A;12:00:00;14364
25/02/2024;B;12:00:00;2750
26/02/2024;A;12:00:00;28865
26/02/2024;B;12:00:00;5249
27/02/2024;A;12:00:00;29656
27/02/2024;B;12:00:00;5199
28/02/2024;A;12:00:00;29703
28/02/2024;B;12:00:00;4972
29/02/2024;A;12:00:00;29723
29/02/2024;B;12:00:00;5087
1/03/2024;A;12:00:00;30507
1/03/2024;B;12:00:00;5226
2/03/2024;A;12:00:00;43053
2/03/2024;B;12:00:00;6402
3/03/2024;A;12:00:00;15251
3/03/2024;B;12:00:00;2975
4/03/2024;A;12:00:00;29533
4/03/2024;B;12:00:00;4881
5/03/2024;A;12:00:00;30361
5/03/2024;B;12:00:00;5099
6/03/2024;A;12:00:00;32983
6/03/2024;B;12:00:00;5194
7/03/2024;A;12:00:00;29486
7/03/2024;B;12:00:00;5072
8/03/2024;A;12:00:00;30264
8/03/2024;B;12:00:00;5115
9/03/2024;A;12:00:00;41761
9/03/2024;B;12:00:00;6473
10/03/2024;A;12:00:00;14433
10/03/2024;B;12:00:00;2775
11/03/2024;A;12:00:00;28720
11/03/2024;B;12:00:00;4901
12/03/2024;A;12:00:00;29822
12/03/2024;B;12:00:00;5006
13/03/2024;A;12:00:00;29550
13/03/2024;B;12:00:00;5044
14/03/2024;A;12:00:00;28815
14/03/2024;B;12:00:00;4852
15/03/2024;A;12:00:00;29727
15/03/2024;B;12:00:00;5040
16/03/2024;A;12:00:00;42717
16/03/2024;B;12:00:00;6487
17/03/2024;A;12:00:00;15034
17/03/2024;B;12:00:00;2683
18/03/2024;A;12:00:00;28648
18/03/2024;B;12:00:00;4743
19/03/2024;A;12:00:00;29818
19/03/2024;B;12:00:00;5039
20/03/2024;A;12:00:00;29366
20/03/2024;B;12:00:00;4881
21/03/2024;A;12:00:00;29134
21/03/2024;B;12:00:00;4983
22/03/2024;A;12:00:00;29711
22/03/2024;B;12:00:00;4886
23/03/2024;A;12:00:00;41336
23/03/2024;B;12:00:00;5944
24/03/2024;A;12:00:00;14223
24/03/2024;B;12:00:00;2821
25/03/2024;A;12:00:00;12867
25/03/2024;B;12:00:00;2472
26/03/2024;A;12:00:00;23249
26/03/2024;B;12:00:00;3963
27/03/2024;A;12:00:00;23665
27/03/2024;B;12:00:00;3724
28/03/2024;A;12:00:00;13386
28/03/2024;B;12:00:00;2400
29/03/2024;A;12:00:00;10998
29/03/2024;B;12:00:00;2183
30/03/2024;A;12:00:00;20906
30/03/2024;B;12:00:00;3175
31/03/2024;A;12:00:00;12662
31/03/2024;B;12:00:00;2060
1/04/2024;A;12:00:00;28830
1/04/2024;B;12:00:00;4583
2/04/2024;A;12:00:00;29542
2/04/2024;B;12:00:00;4991
3/04/2024;A;12:00:00;29698
3/04/2024;B;12:00:00;4912
4/04/2024;A;12:00:00;29550
4/04/2024;B;12:00:00;5059
5/04/2024;A;12:00:00;29903
5/04/2024;B;12:00:00;5011
6/04/2024;A;12:00:00;41927
6/04/2024;B;12:00:00;6444
7/04/2024;A;12:00:00;14217
7/04/2024;B;12:00:00;2648
8/04/2024;A;12:00:00;27580
8/04/2024;B;12:00:00;4545
9/04/2024;A;12:00:00;30026
9/04/2024;B;12:00:00;4794
10/04/2024;A;12:00:00;28704
10/04/2024;B;12:00:00;4763
11/04/2024;A;12:00:00;27990
11/04/2024;B;12:00:00;4921
12/04/2024;A;12:00:00;28663
12/04/2024;B;12:00:00;4843
13/04/2024;A;12:00:00;42232
13/04/2024;B;12:00:00;6144
14/04/2024;A;12:00:00;13772
14/04/2024;B;12:00:00;2755
15/04/2024;A;12:00:00;27932
15/04/2024;B;12:00:00;4747
16/04/2024;A;12:00:00;29702
16/04/2024;B;12:00:00;4825
17/04/2024;A;12:00:00;30159
17/04/2024;B;12:00:00;4793
18/04/2024;A;12:00:00;29379
18/04/2024;B;12:00:00;5007
19/04/2024;A;12:00:00;29169
19/04/2024;B;12:00:00;4621
20/04/2024;A;12:00:00;43019
20/04/2024;B;12:00:00;6522
21/04/2024;A;12:00:00;25697
21/04/2024;B;12:00:00;3703
22/04/2024;A;12:00:00;28097
22/04/2024;B;12:00:00;4821
23/04/2024;A;12:00:00;29084
23/04/2024;B;12:00:00;4863
24/04/2024;A;12:00:00;29290
24/04/2024;B;12:00:00;4909
25/04/2024;A;12:00:00;28525
25/04/2024;B;12:00:00;4695
26/04/2024;A;12:00:00;30181
26/04/2024;B;12:00:00;4801
27/04/2024;A;12:00:00;42280
27/04/2024;B;12:00:00;6312
28/04/2024;A;12:00:00;13713
28/04/2024;B;12:00:00;2678
29/04/2024;A;12:00:00;28248
29/04/2024;B;12:00:00;4752
30/04/2024;A;12:00:00;29611
30/04/2024;B;12:00:00;4847
1/05/2024;A;12:00:00;15585
1/05/2024;B;12:00:00;2513
2/05/2024;A;12:00:00;30033
2/05/2024;B;12:00:00;4852
3/05/2024;A;12:00:00;30609
3/05/2024;B;12:00:00;5050
4/05/2024;A;12:00:00;42859
4/05/2024;B;12:00:00;6388
5/05/2024;A;12:00:00;15198
5/05/2024;B;12:00:00;2920
6/05/2024;A;12:00:00;29120
6/05/2024;B;12:00:00;4575
7/05/2024;A;12:00:00;29576
7/05/2024;B;12:00:00;4863
8/05/2024;A;12:00:00;29919
8/05/2024;B;12:00:00;4974
9/05/2024;A;12:00:00;29360
9/05/2024;B;12:00:00;4970
10/05/2024;A;12:00:00;30336
10/05/2024;B;12:00:00;4923
11/05/2024;A;12:00:00;43746
11/05/2024;B;12:00:00;6646
12/05/2024;A;12:00:00;16687
12/05/2024;B;12:00:00;2937
13/05/2024;A;12:00:00;11679
13/05/2024;B;12:00:00;2251
14/05/2024;A;12:00:00;29257
14/05/2024;B;12:00:00;4866
15/05/2024;A;12:00:00;29057
15/05/2024;B;12:00:00;4656
16/05/2024;A;12:00:00;29454
16/05/2024;B;12:00:00;4848
17/05/2024;A;12:00:00;30082
17/05/2024;B;12:00:00;4988
18/05/2024;A;12:00:00;43204
18/05/2024;B;12:00:00;6419
19/05/2024;A;12:00:00;14243
19/05/2024;B;12:00:00;2762
20/05/2024;A;12:00:00;28169
20/05/2024;B;12:00:00;4576
21/05/2024;A;12:00:00;29135
21/05/2024;B;12:00:00;4646
22/05/2024;A;12:00:00;29408
22/05/2024;B;12:00:00;4621
23/05/2024;A;12:00:00;28291
23/05/2024;B;12:00:00;4783
24/05/2024;A;12:00:00;29199
24/05/2024;B;12:00:00;4797
25/05/2024;A;12:00:00;41468
25/05/2024;B;12:00:00;6207
26/05/2024;A;12:00:00;13649
26/05/2024;B;12:00:00;2736
27/05/2024;A;12:00:00;30534
27/05/2024;B;12:00:00;4982
28/05/2024;A;12:00:00;27840
28/05/2024;B;12:00:00;4482
29/05/2024;A;12:00:00;29750
29/05/2024;B;12:00:00;4721
30/05/2024;A;12:00:00;28110
30/05/2024;B;12:00:00;4337
31/05/2024;A;12:00:00;29246
31/05/2024;B;12:00:00;4568
1/06/2024;A;12:00:00;43126
1/06/2024;B;12:00:00;6287
2/06/2024;A;12:00:00;14690
2/06/2024;B;12:00:00;2730
3/06/2024;A;12:00:00;12061
3/06/2024;B;12:00:00;2216
4/06/2024;A;12:00:00;28517
4/06/2024;B;12:00:00;4497
5/06/2024;A;12:00:00;28976
5/06/2024;B;12:00:00;4522
6/06/2024;A;12:00:00;28881
6/06/2024;B;12:00:00;4479
7/06/2024;A;12:00:00;29213
7/06/2024;B;12:00:00;4582
8/06/2024;A;12:00:00;41750
8/06/2024;B;12:00:00;6007
9/06/2024;A;12:00:00;14804
9/06/2024;B;12:00:00;3014
10/06/2024;A;12:00:00;12021
10/06/2024;B;12:00:00;2198
11/06/2024;A;12:00:00;28892
11/06/2024;B;12:00:00;4291
12/06/2024;A;12:00:00;29293
12/06/2024;B;12:00:00;4213
13/06/2024;A;12:00:00;27856
13/06/2024;B;12:00:00;3926
14/06/2024;A;12:00:00;27929
14/06/2024;B;12:00:00;4264
15/06/2024;A;12:00:00;42308
15/06/2024;B;12:00:00;6100
16/06/2024;A;12:00:00;16876
16/06/2024;B;12:00:00;2781
17/06/2024;A;12:00:00;27830
17/06/2024;B;12:00:00;4078
18/06/2024;A;12:00:00;27636
18/06/2024;B;12:00:00;4069
19/06/2024;A;12:00:00;27019
19/06/2024;B;12:00:00;4454
20/06/2024;A;12:00:00;27172
20/06/2024;B;12:00:00;4368
21/06/2024;A;12:00:00;27908
21/06/2024;B;12:00:00;4534
22/06/2024;A;12:00:00;41173
22/06/2024;B;12:00:00;5836
23/06/2024;A;12:00:00;15610
23/06/2024;B;12:00:00;3165
24/06/2024;A;12:00:00;26517
24/06/2024;B;12:00:00;4197
25/06/2024;A;12:00:00;26786
25/06/2024;B;12:00:00;4214
26/06/2024;A;12:00:00;27188
26/06/2024;B;12:00:00;4310
27/06/2024;A;12:00:00;26713
27/06/2024;B;12:00:00;4150
28/06/2024;A;12:00:00;28547
28/06/2024;B;12:00:00;4362
29/06/2024;A;12:00:00;40917
29/06/2024;B;12:00:00;5690
30/06/2024;A;12:00:00;19439
30/06/2024;B;12:00:00;3502
1/07/2024;A;12:00:00;14107
1/07/2024;B;12:00:00;2461
2/07/2024;A;12:00:00;28487
2/07/2024;B;12:00:00;4191
3/07/2024;A;12:00:00;26849
3/07/2024;B;12:00:00;4152
4/07/2024;A;12:00:00;27240
4/07/2024;B;12:00:00;4229
5/07/2024;A;12:00:00;26404
5/07/2024;B;12:00:00;3938
6/07/2024;A;12:00:00;42603
6/07/2024;B;12:00:00;6064
7/07/2024;A;12:00:00;16114
7/07/2024;B;12:00:00;3027
8/07/2024;A;12:00:00;27120
8/07/2024;B;12:00:00;4302
9/07/2024;A;12:00:00;27458
9/07/2024;B;12:00:00;4341
10/07/2024;A;12:00:00;27100
10/07/2024;B;12:00:00;4477
11/07/2024;A;12:00:00;26855
11/07/2024;B;12:00:00;4066
12/07/2024;A;12:00:00;28519
12/07/2024;B;12:00:00;4498
13/07/2024;A;12:00:00;42919
13/07/2024;B;12:00:00;6469
14/07/2024;A;12:00:00;14982
14/07/2024;B;12:00:00;3191
15/07/2024;A;12:00:00;25582
15/07/2024;B;12:00:00;3921
16/07/2024;A;12:00:00;28515
16/07/2024;B;12:00:00;4335
17/07/2024;A;12:00:00;28550
17/07/2024;B;12:00:00;4376
18/07/2024;A;12:00:00;28258
18/07/2024;B;12:00:00;4475
19/07/2024;A;12:00:00;28386
19/07/2024;B;12:00:00;4556
20/07/2024;A;12:00:00;20053
20/07/2024;B;12:00:00;3596
21/07/2024;A;12:00:00;14094
21/07/2024;B;12:00:00;2589
22/07/2024;A;12:00:00;27132
22/07/2024;B;12:00:00;4417
23/07/2024;A;12:00:00;27870
23/07/2024;B;12:00:00;4754
24/07/2024;A;12:00:00;27835
24/07/2024;B;12:00:00;4732
25/07/2024;A;12:00:00;27395
25/07/2024;B;12:00:00;4764
26/07/2024;A;12:00:00;28026
26/07/2024;B;12:00:00;4680
27/07/2024;A;12:00:00;43320
27/07/2024;B;12:00:00;6164
28/07/2024;A;12:00:00;13953
28/07/2024;B;12:00:00;2774
29/07/2024;A;12:00:00;26734
29/07/2024;B;12:00:00;4496
30/07/2024;A;12:00:00;28013
30/07/2024;B;12:00:00;4814
31/07/2024;A;12:00:00;28536
31/07/2024;B;12:00:00;4748
1/08/2024;A;12:00:00;29109
1/08/2024;B;12:00:00;4875
2/08/2024;A;12:00:00;29960
2/08/2024;B;12:00:00;5378
3/08/2024;A;12:00:00;45011
3/08/2024;B;12:00:00;6829
4/08/2024;A;12:00:00;16145
4/08/2024;B;12:00:00;3073
5/08/2024;A;12:00:00;30093
5/08/2024;B;12:00:00;5042
6/08/2024;A;12:00:00;31608
6/08/2024;B;12:00:00;5503
7/08/2024;A;12:00:00;17860
7/08/2024;B;12:00:00;3053
8/08/2024;A;12:00:00;31394
8/08/2024;B;12:00:00;5703
9/08/2024;A;12:00:00;30805
9/08/2024;B;12:00:00;5538
10/08/2024;A;12:00:00;55046
10/08/2024;B;12:00:00;8450
11/08/2024;A;12:00:00;20821
11/08/2024;B;12:00:00;3634
12/08/2024;A;12:00:00;29942
12/08/2024;B;12:00:00;5450
13/08/2024;A;12:00:00;29549
13/08/2024;B;12:00:00;5386
14/08/2024;A;12:00:00;30302
14/08/2024;B;12:00:00;5194
15/08/2024;A;12:00:00;29950
15/08/2024;B;12:00:00;5026
16/08/2024;A;12:00:00;31735
16/08/2024;B;12:00:00;5445
17/08/2024;A;12:00:00;45442
17/08/2024;B;12:00:00;6634
18/08/2024;A;12:00:00;15500
18/08/2024;B;12:00:00;2973
19/08/2024;A;12:00:00;13123
19/08/2024;B;12:00:00;2296
20/08/2024;A;12:00:00;31427
20/08/2024;B;12:00:00;5378
21/08/2024;A;12:00:00;29852
21/08/2024;B;12:00:00;5134
22/08/2024;A;12:00:00;30393
22/08/2024;B;12:00:00;5227
23/08/2024;A;12:00:00;30410
23/08/2024;B;12:00:00;5218
24/08/2024;A;12:00:00;45033
24/08/2024;B;12:00:00;6773
25/08/2024;A;12:00:00;15172
25/08/2024;B;12:00:00;3148
26/08/2024;A;12:00:00;29121
26/08/2024;B;12:00:00;5056
27/08/2024;A;12:00:00;29214
27/08/2024;B;12:00:00;5174
28/08/2024;A;12:00:00;29504
28/08/2024;B;12:00:00;5142
29/08/2024;A;12:00:00;28813
29/08/2024;B;12:00:00;5108
30/08/2024;A;12:00:00;31025
30/08/2024;B;12:00:00;5363
31/08/2024;A;12:00:00;45390
31/08/2024;B;12:00:00;7047
1/09/2024;A;12:00:00;15863
1/09/2024;B;12:00:00;2835
2/09/2024;A;12:00:00;29929
2/09/2024;B;12:00:00;4986
3/09/2024;A;12:00:00;30731
3/09/2024;B;12:00:00;5022
4/09/2024;A;12:00:00;31348
4/09/2024;B;12:00:00;5163
5/09/2024;A;12:00:00;29130
5/09/2024;B;12:00:00;4861
6/09/2024;A;12:00:00;27843
6/09/2024;B;12:00:00;4651
7/09/2024;A;12:00:00;45040
7/09/2024;B;12:00:00;6455
8/09/2024;A;12:00:00;14905
8/09/2024;B;12:00:00;3003
9/09/2024;A;12:00:00;29163
9/09/2024;B;12:00:00;4767
10/09/2024;A;12:00:00;30354
10/09/2024;B;12:00:00;5099
11/09/2024;A;12:00:00;30119
11/09/2024;B;12:00:00;4977
12/09/2024;A;12:00:00;29491
12/09/2024;B;12:00:00;4966
13/09/2024;A;12:00:00;32969
13/09/2024;B;12:00:00;5061
14/09/2024;A;12:00:00;45416
14/09/2024;B;12:00:00;6556
15/09/2024;A;12:00:00;15848
15/09/2024;B;12:00:00;2795
16/09/2024;A;12:00:00;29250
16/09/2024;B;12:00:00;4754
17/09/2024;A;12:00:00;30402
17/09/2024;B;12:00:00;5258
18/09/2024;A;12:00:00;30068
18/09/2024;B;12:00:00;5012
19/09/2024;A;12:00:00;31174
19/09/2024;B;12:00:00;5117
20/09/2024;A;12:00:00;31210
20/09/2024;B;12:00:00;5016
21/09/2024;A;12:00:00;44755
21/09/2024;B;12:00:00;6641
22/09/2024;A;12:00:00;15631
22/09/2024;B;12:00:00;3016
23/09/2024;A;12:00:00;28058
23/09/2024;B;12:00:00;4810
24/09/2024;A;12:00:00;28718
24/09/2024;B;12:00:00;4893
25/09/2024;A;12:00:00;28607
25/09/2024;B;12:00:00;4743
26/09/2024;A;12:00:00;28786
26/09/2024;B;12:00:00;4646
27/09/2024;A;12:00:00;29578
27/09/2024;B;12:00:00;4964
28/09/2024;A;12:00:00;45961
28/09/2024;B;12:00:00;6635
29/09/2024;A;12:00:00;15138
29/09/2024;B;12:00:00;2687
30/09/2024;A;12:00:00;29068
30/09/2024;B;12:00:00;4743
1/10/2024;A;12:00:00;29974
1/10/2024;B;12:00:00;4781
2/10/2024;A;12:00:00;29311
2/10/2024;B;12:00:00;4744
3/10/2024;A;12:00:00;29361
3/10/2024;B;12:00:00;4704
4/10/2024;A;12:00:00;29403
4/10/2024;B;12:00:00;4811
5/10/2024;A;12:00:00;46074
5/10/2024;B;12:00:00;6415
6/10/2024;A;12:00:00;15893
6/10/2024;B;12:00:00;2731
7/10/2024;A;12:00:00;28684
7/10/2024;B;12:00:00;4413
8/10/2024;A;12:00:00;29578
8/10/2024;B;12:00:00;4653
9/10/2024;A;12:00:00;29828
9/10/2024;B;12:00:00;4771
10/10/2024;A;12:00:00;30781
10/10/2024;B;12:00:00;4892
11/10/2024;A;12:00:00;30247
11/10/2024;B;12:00:00;5059
12/10/2024;A;12:00:00;43440
12/10/2024;B;12:00:00;6377
13/10/2024;A;12:00:00;14972
13/10/2024;B;12:00:00;3019
14/10/2024;A;12:00:00;12276
14/10/2024;B;12:00:00;2197
15/10/2024;A;12:00:00;30104
15/10/2024;B;12:00:00;4904
16/10/2024;A;12:00:00;30320
16/10/2024;B;12:00:00;4958
17/10/2024;A;12:00:00;29908
17/10/2024;B;12:00:00;4737
18/10/2024;A;12:00:00;32070
18/10/2024;B;12:00:00;5104
19/10/2024;A;12:00:00;46196
19/10/2024;B;12:00:00;6880
20/10/2024;A;12:00:00;15312
20/10/2024;B;12:00:00;2923
21/10/2024;A;12:00:00;29066
21/10/2024;B;12:00:00;4922
22/10/2024;A;12:00:00;29257
22/10/2024;B;12:00:00;4854
23/10/2024;A;12:00:00;31675
23/10/2024;B;12:00:00;4895
24/10/2024;A;12:00:00;29296
24/10/2024;B;12:00:00;5000
25/10/2024;A;12:00:00;30104
25/10/2024;B;12:00:00;5058
26/10/2024;A;12:00:00;45933
26/10/2024;B;12:00:00;6762
27/10/2024;A;12:00:00;14948
27/10/2024;B;12:00:00;2887
28/10/2024;A;12:00:00;32447
28/10/2024;B;12:00:00;4734
29/10/2024;A;12:00:00;31899
29/10/2024;B;12:00:00;5065
30/10/2024;A;12:00:00;29975
30/10/2024;B;12:00:00;4948
31/10/2024;A;12:00:00;31299
31/10/2024;B;12:00:00;5131
1/01/2019;A;13:00:00;11143
2/01/2019;A;13:00:00;23368
3/01/2019;A;13:00:00;25676
4/01/2019;A;13:00:00;26340
5/01/2019;A;13:00:00;33337
6/01/2019;A;13:00:00;18222
7/01/2019;A;13:00:00;16447
8/01/2019;A;13:00:00;28037
9/01/2019;A;13:00:00;27401
10/01/2019;A;13:00:00;27492
11/01/2019;A;13:00:00;28253
12/01/2019;A;13:00:00;40555
13/01/2019;A;13:00:00;18354
14/01/2019;A;13:00:00;34755
15/01/2019;A;13:00:00;717
16/01/2019;A;13:00:00;28748
17/01/2019;A;13:00:00;29319
18/01/2019;A;13:00:00;29174
19/01/2019;A;13:00:00;44087
20/01/2019;A;13:00:00;19765
21/01/2019;A;13:00:00;29905
22/01/2019;A;13:00:00;30485
23/01/2019;A;13:00:00;29275
24/01/2019;A;13:00:00;28819
25/01/2019;A;13:00:00;30123
26/01/2019;A;13:00:00;44208
27/01/2019;A;13:00:00;18231
28/01/2019;A;13:00:00;29252
29/01/2019;A;13:00:00;29624
30/01/2019;A;13:00:00;29149
31/01/2019;A;13:00:00;29515
1/02/2019;A;13:00:00;31306
2/02/2019;A;13:00:00;46835
3/02/2019;A;13:00:00;19706
4/02/2019;A;13:00:00;31233
5/02/2019;A;13:00:00;31110
6/02/2019;A;13:00:00;31077
7/02/2019;A;13:00:00;30587
8/02/2019;A;13:00:00;31442
9/02/2019;A;13:00:00;46108
10/02/2019;A;13:00:00;19540
11/02/2019;A;13:00:00;30836
12/02/2019;A;13:00:00;36907
13/02/2019;A;13:00:00;30730
14/02/2019;A;13:00:00;31843
15/02/2019;A;13:00:00;31751
16/02/2019;A;13:00:00;
17/02/2019;A;13:00:00;20956
18/02/2019;A;13:00:00;31994
19/02/2019;A;13:00:00;31904
20/02/2019;A;13:00:00;31638
21/02/2019;A;13:00:00;31302
22/02/2019;A;13:00:00;31654
23/02/2019;A;13:00:00;47104
24/02/2019;A;13:00:00;19131
25/02/2019;A;13:00:00;30892
26/02/2019;A;13:00:00;31209
27/02/2019;A;13:00:00;31268
28/02/2019;A;13:00:00;31442
1/03/2019;A;13:00:00;33525
2/03/2019;A;13:00:00;48161
3/03/2019;A;13:00:00;20073
4/03/2019;A;13:00:00;32268
5/03/2019;A;13:00:00;32285
6/03/2019;A;13:00:00;32860
7/03/2019;A;13:00:00;32528
8/03/2019;A;13:00:00;32849
9/03/2019;A;13:00:00;47595
10/03/2019;A;13:00:00;19614
11/03/2019;A;13:00:00;30500
12/03/2019;A;13:00:00;30784
13/03/2019;A;13:00:00;30684
14/03/2019;A;13:00:00;29969
15/03/2019;A;13:00:00;31600
16/03/2019;A;13:00:00;51259
17/03/2019;A;13:00:00;19916
18/03/2019;A;13:00:00;31963
19/03/2019;A;13:00:00;33344
20/03/2019;A;13:00:00;31794
21/03/2019;A;13:00:00;31159
22/03/2019;A;13:00:00;32306
23/03/2019;A;13:00:00;45037
24/03/2019;A;13:00:00;19024
25/03/2019;A;13:00:00;17625
26/03/2019;A;13:00:00;31120
27/03/2019;A;13:00:00;30984
28/03/2019;A;13:00:00;30299
29/03/2019;A;13:00:00;32045
30/03/2019;A;13:00:00;48941
31/03/2019;A;13:00:00;20776
1/04/2019;A;13:00:00;31492
2/04/2019;A;13:00:00;32494
3/04/2019;A;13:00:00;31590
4/04/2019;A;13:00:00;31386
5/04/2019;A;13:00:00;32411
6/04/2019;A;13:00:00;48651
7/04/2019;A;13:00:00;20919
8/04/2019;A;13:00:00;31059
9/04/2019;A;13:00:00;32458
10/04/2019;A;13:00:00;30538
11/04/2019;A;13:00:00;31239
12/04/2019;A;13:00:00;32063
13/04/2019;A;13:00:00;47090
14/04/2019;A;13:00:00;19551
15/04/2019;A;13:00:00;27385
16/04/2019;A;13:00:00;27984
17/04/2019;A;13:00:00;30775
18/04/2019;A;13:00:00;18213
19/04/2019;A;13:00:00;13991
20/04/2019;A;13:00:00;25046
21/04/2019;A;13:00:00;18167
22/04/2019;A;13:00:00;31345
23/04/2019;A;13:00:00;36217
24/04/2019;A;13:00:00;31003
25/04/2019;A;13:00:00;7084
26/04/2019;A;13:00:00;30794
27/04/2019;A;13:00:00;48163
28/04/2019;A;13:00:00;19945
29/04/2019;A;13:00:00;30171
30/04/2019;A;13:00:00;31188
1/05/2019;A;13:00:00;21791
2/05/2019;A;13:00:00;32144
3/05/2019;A;13:00:00;32870
4/05/2019;A;13:00:00;49424
5/05/2019;A;13:00:00;21845
6/05/2019;A;13:00:00;31597
7/05/2019;A;13:00:00;31585
8/05/2019;A;13:00:00;31586
9/05/2019;A;13:00:00;31900
10/05/2019;A;13:00:00;32378
11/05/2019;A;13:00:00;49559
12/05/2019;A;13:00:00;20299
13/05/2019;A;13:00:00;117598
14/05/2019;A;13:00:00;30289
15/05/2019;A;13:00:00;30996
16/05/2019;A;13:00:00;31621
17/05/2019;A;13:00:00;39220
18/05/2019;A;13:00:00;48185
19/05/2019;A;13:00:00;19187
20/05/2019;A;13:00:00;31533
21/05/2019;A;13:00:00;31183
22/05/2019;A;13:00:00;30389
23/05/2019;A;13:00:00;29811
24/05/2019;A;13:00:00;31907
25/05/2019;A;13:00:00;46165
26/05/2019;A;13:00:00;19164
27/05/2019;A;13:00:00;30702
28/05/2019;A;13:00:00;30134
29/05/2019;A;13:00:00;30591
30/05/2019;A;13:00:00;29899
31/05/2019;A;13:00:00;31197
1/06/2019;A;13:00:00;47926
2/06/2019;A;13:00:00;20583
3/06/2019;A;13:00:00;17872
4/06/2019;A;13:00:00;33888
5/06/2019;A;13:00:00;31875
6/06/2019;A;13:00:00;30593
7/06/2019;A;13:00:00;31831
8/06/2019;A;13:00:00;48008
9/06/2019;A;13:00:00;19808
10/06/2019;A;13:00:00;31091
11/06/2019;A;13:00:00;31025
12/06/2019;A;13:00:00;30951
13/06/2019;A;13:00:00;30676
14/06/2019;A;13:00:00;31370
15/06/2019;A;13:00:00;49186
16/06/2019;A;13:00:00;20722
17/06/2019;A;13:00:00;31043
18/06/2019;A;13:00:00;30876
19/06/2019;A;13:00:00;30769
20/06/2019;A;13:00:00;30566
21/06/2019;A;13:00:00;31533
22/06/2019;A;13:00:00;44616
23/06/2019;A;13:00:00;23233
24/06/2019;A;13:00:00;17207
25/06/2019;A;13:00:00;30740
26/06/2019;A;13:00:00;31836
27/06/2019;A;13:00:00;29722
28/06/2019;A;13:00:00;30958
29/06/2019;A;13:00:00;46151
30/06/2019;A;13:00:00;25758
1/07/2019;A;13:00:00;18792
2/07/2019;A;13:00:00;31287
3/07/2019;A;13:00:00;30956
4/07/2019;A;13:00:00;29931
5/07/2019;A;13:00:00;30911
6/07/2019;A;13:00:00;47082
7/07/2019;A;13:00:00;20498
8/07/2019;A;13:00:00;30055
9/07/2019;A;13:00:00;29600
10/07/2019;A;13:00:00;35254
11/07/2019;A;13:00:00;30322
12/07/2019;A;13:00:00;30760
13/07/2019;A;13:00:00;47105
14/07/2019;A;13:00:00;19809
15/07/2019;A;13:00:00;30931
16/07/2019;A;13:00:00;30984
17/07/2019;A;13:00:00;30607
18/07/2019;A;13:00:00;30665
19/07/2019;A;13:00:00;32015
20/07/2019;A;13:00:00;26702
21/07/2019;A;13:00:00;19648
22/07/2019;A;13:00:00;31049
23/07/2019;A;13:00:00;25868
24/07/2019;A;13:00:00;30934
25/07/2019;A;13:00:00;30582
26/07/2019;A;13:00:00;31825
27/07/2019;A;13:00:00;47560
28/07/2019;A;13:00:00;19978
29/07/2019;A;13:00:00;30797
30/07/2019;A;13:00:00;30810
31/07/2019;A;13:00:00;30746
1/08/2019;A;13:00:00;31495
2/08/2019;A;13:00:00;32611
3/08/2019;A;13:00:00;51466
4/08/2019;A;13:00:00;23159
5/08/2019;A;13:00:00;33126
6/08/2019;A;13:00:00;34592
7/08/2019;A;13:00:00;24043
8/08/2019;A;13:00:00;33704
9/08/2019;A;13:00:00;34641
10/08/2019;A;13:00:00;60967
11/08/2019;A;13:00:00;25994
12/08/2019;A;13:00:00;31426
13/08/2019;A;13:00:00;30548
14/08/2019;A;13:00:00;31663
15/08/2019;A;13:00:00;31668
16/08/2019;A;13:00:00;33908
17/08/2019;A;13:00:00;48300
18/08/2019;A;13:00:00;22720
19/08/2019;A;13:00:00;17838
20/08/2019;A;13:00:00;32911
21/08/2019;A;13:00:00;31788
22/08/2019;A;13:00:00;31584
23/08/2019;A;13:00:00;32999
24/08/2019;A;13:00:00;48268
25/08/2019;A;13:00:00;21067
26/08/2019;A;13:00:00;30976
27/08/2019;A;13:00:00;31146
28/08/2019;A;13:00:00;31480
29/08/2019;A;13:00:00;31193
30/08/2019;A;13:00:00;32167
31/08/2019;A;13:00:00;49367
1/09/2019;A;13:00:00;21240
2/09/2019;A;13:00:00;32215
3/09/2019;A;13:00:00;32095
4/09/2019;A;13:00:00;865
5/09/2019;A;13:00:00;31622
6/09/2019;A;13:00:00;33631
7/09/2019;A;13:00:00;51322
8/09/2019;A;13:00:00;21303
9/09/2019;A;13:00:00;31822
10/09/2019;A;13:00:00;32393
11/09/2019;A;13:00:00;31602
12/09/2019;A;13:00:00;32178
13/09/2019;A;13:00:00;32878
14/09/2019;A;13:00:00;49782
15/09/2019;A;13:00:00;21208
16/09/2019;A;13:00:00;64394
17/09/2019;A;13:00:00;32286
18/09/2019;A;13:00:00;31765
19/09/2019;A;13:00:00;31460
20/09/2019;A;13:00:00;33279
21/09/2019;A;13:00:00;48915
22/09/2019;A;13:00:00;19590
23/09/2019;A;13:00:00;35643
24/09/2019;A;13:00:00;32974
25/09/2019;A;13:00:00;31287
26/09/2019;A;13:00:00;31739
27/09/2019;A;13:00:00;32686
28/09/2019;A;13:00:00;49020
29/09/2019;A;13:00:00;19476
30/09/2019;A;13:00:00;32547
1/10/2019;A;13:00:00;32905
2/10/2019;A;13:00:00;32531
3/10/2019;A;13:00:00;32359
4/10/2019;A;13:00:00;33501
5/10/2019;A;13:00:00;49979
6/10/2019;A;13:00:00;23374
7/10/2019;A;13:00:00;32255
8/10/2019;A;13:00:00;33326
9/10/2019;A;13:00:00;32952
10/10/2019;A;13:00:00;34237
11/10/2019;A;13:00:00;33832
12/10/2019;A;13:00:00;49139
13/10/2019;A;13:00:00;20933
14/10/2019;A;13:00:00;18515
15/10/2019;A;13:00:00;40239
16/10/2019;A;13:00:00;35816
17/10/2019;A;13:00:00;32861
18/10/2019;A;13:00:00;33081
19/10/2019;A;13:00:00;50951
20/10/2019;A;13:00:00;21407
21/10/2019;A;13:00:00;30556
22/10/2019;A;13:00:00;33061
23/10/2019;A;13:00:00;32644
24/10/2019;A;13:00:00;33187
25/10/2019;A;13:00:00;32458
26/10/2019;A;13:00:00;49728
27/10/2019;A;13:00:00;223
28/10/2019;A;13:00:00;30938
29/10/2019;A;13:00:00;31631
30/10/2019;A;13:00:00;37123
31/10/2019;A;13:00:00;34839
1/11/2019;A;13:00:00;32948
2/11/2019;A;13:00:00;49254
3/11/2019;A;13:00:00;20926
4/11/2019;A;13:00:00;18342
5/11/2019;A;13:00:00;34628
6/11/2019;A;13:00:00;32944
7/11/2019;A;13:00:00;33021
8/11/2019;A;13:00:00;33978
9/11/2019;A;13:00:00;47998
10/11/2019;A;13:00:00;21672
11/11/2019;A;13:00:00;19923
12/11/2019;A;13:00:00;33107
13/11/2019;A;13:00:00;32881
14/11/2019;A;13:00:00;32595
15/11/2019;A;13:00:00;33888
16/11/2019;A;13:00:00;51854
17/11/2019;A;13:00:00;22257
18/11/2019;A;13:00:00;33786
19/11/2019;A;13:00:00;34280
20/11/2019;A;13:00:00;35295
21/11/2019;A;13:00:00;45908
22/11/2019;A;13:00:00;33557
23/11/2019;A;13:00:00;50810
24/11/2019;A;13:00:00;21958
25/11/2019;A;13:00:00;34442
26/11/2019;A;13:00:00;34610
27/11/2019;A;13:00:00;37884
28/11/2019;A;13:00:00;33805
29/11/2019;A;13:00:00;36512
30/11/2019;A;13:00:00;52152
1/12/2019;A;13:00:00;22439
2/12/2019;A;13:00:00;34545
3/12/2019;A;13:00:00;34474
4/12/2019;A;13:00:00;34243
5/12/2019;A;13:00:00;35233
6/12/2019;A;13:00:00;36672
7/12/2019;A;13:00:00;51201
8/12/2019;A;13:00:00;22240
9/12/2019;A;13:00:00;34076
10/12/2019;A;13:00:00;35070
11/12/2019;A;13:00:00;34775
12/12/2019;A;13:00:00;33932
13/12/2019;A;13:00:00;34788
14/12/2019;A;13:00:00;52271
15/12/2019;A;13:00:00;27839
16/12/2019;A;13:00:00;34949
17/12/2019;A;13:00:00;34886
18/12/2019;A;13:00:00;35374
19/12/2019;A;13:00:00;34637
20/12/2019;A;13:00:00;37390
21/12/2019;A;13:00:00;50963
22/12/2019;A;13:00:00;29273
23/12/2019;A;13:00:00;39321
24/12/2019;A;13:00:00;42712
25/12/2019;A;13:00:00;12669
26/12/2019;A;13:00:00;29238
27/12/2019;A;13:00:00;30835
28/12/2019;A;13:00:00;38352
29/12/2019;A;13:00:00;21513
30/12/2019;A;13:00:00;1
31/12/2019;A;13:00:00;34037
1/01/2019;B;13:00:00;1956
2/01/2019;B;13:00:00;3559
3/01/2019;B;13:00:00;3782
4/01/2019;B;13:00:00;4215
5/01/2019;B;13:00:00;5222
6/01/2019;B;13:00:00;3423
7/01/2019;B;13:00:00;2709
8/01/2019;B;13:00:00;4262
9/01/2019;B;13:00:00;4396
10/01/2019;B;13:00:00;4530
11/01/2019;B;13:00:00;4199
12/01/2019;B;13:00:00;5576
13/01/2019;B;13:00:00;3199
14/01/2019;B;13:00:00;5609
15/01/2019;B;13:00:00;259
16/01/2019;B;13:00:00;4505
17/01/2019;B;13:00:00;4492
18/01/2019;B;13:00:00;4421
19/01/2019;B;13:00:00;6291
20/01/2019;B;13:00:00;3586
21/01/2019;B;13:00:00;4482
22/01/2019;B;13:00:00;4408
23/01/2019;B;13:00:00;4219
24/01/2019;B;13:00:00;4207
25/01/2019;B;13:00:00;4255
26/01/2019;B;13:00:00;6216
27/01/2019;B;13:00:00;3303
28/01/2019;B;13:00:00;4308
29/01/2019;B;13:00:00;4435
30/01/2019;B;13:00:00;4413
31/01/2019;B;13:00:00;4342
1/02/2019;B;13:00:00;4678
2/02/2019;B;13:00:00;7035
3/02/2019;B;13:00:00;3820
4/02/2019;B;13:00:00;4716
5/02/2019;B;13:00:00;4959
6/02/2019;B;13:00:00;4744
7/02/2019;B;13:00:00;4720
8/02/2019;B;13:00:00;4787
9/02/2019;B;13:00:00;6696
10/02/2019;B;13:00:00;3559
11/02/2019;B;13:00:00;4751
12/02/2019;B;13:00:00;5418
13/02/2019;B;13:00:00;4824
14/02/2019;B;13:00:00;4864
15/02/2019;B;13:00:00;5999
16/02/2019;B;13:00:00;
17/02/2019;B;13:00:00;3583
18/02/2019;B;13:00:00;4860
19/02/2019;B;13:00:00;4951
20/02/2019;B;13:00:00;4798
21/02/2019;B;13:00:00;4793
22/02/2019;B;13:00:00;4794
23/02/2019;B;13:00:00;6918
24/02/2019;B;13:00:00;3457
25/02/2019;B;13:00:00;4612
26/02/2019;B;13:00:00;4884
27/02/2019;B;13:00:00;4806
28/02/2019;B;13:00:00;4723
1/03/2019;B;13:00:00;4896
2/03/2019;B;13:00:00;6906
3/03/2019;B;13:00:00;3775
4/03/2019;B;13:00:00;4822
5/03/2019;B;13:00:00;5026
6/03/2019;B;13:00:00;5064
7/03/2019;B;13:00:00;4714
8/03/2019;B;13:00:00;4960
9/03/2019;B;13:00:00;6957
10/03/2019;B;13:00:00;3579
11/03/2019;B;13:00:00;4901
12/03/2019;B;13:00:00;4857
13/03/2019;B;13:00:00;4694
14/03/2019;B;13:00:00;4654
15/03/2019;B;13:00:00;4881
16/03/2019;B;13:00:00;7336
17/03/2019;B;13:00:00;3687
18/03/2019;B;13:00:00;4845
19/03/2019;B;13:00:00;5008
20/03/2019;B;13:00:00;4933
21/03/2019;B;13:00:00;4771
22/03/2019;B;13:00:00;5031
23/03/2019;B;13:00:00;6667
24/03/2019;B;13:00:00;3757
25/03/2019;B;13:00:00;2898
26/03/2019;B;13:00:00;4854
27/03/2019;B;13:00:00;4710
28/03/2019;B;13:00:00;4643
29/03/2019;B;13:00:00;4981
30/03/2019;B;13:00:00;7120
31/03/2019;B;13:00:00;3793
1/04/2019;B;13:00:00;4891
2/04/2019;B;13:00:00;4898
3/04/2019;B;13:00:00;4697
4/04/2019;B;13:00:00;4792
5/04/2019;B;13:00:00;4962
6/04/2019;B;13:00:00;7169
7/04/2019;B;13:00:00;4309
8/04/2019;B;13:00:00;4739
9/04/2019;B;13:00:00;4905
10/04/2019;B;13:00:00;4712
11/04/2019;B;13:00:00;4599
12/04/2019;B;13:00:00;4879
13/04/2019;B;13:00:00;6736
14/04/2019;B;13:00:00;3469
15/04/2019;B;13:00:00;4356
16/04/2019;B;13:00:00;4351
17/04/2019;B;13:00:00;4537
18/04/2019;B;13:00:00;3377
19/04/2019;B;13:00:00;2961
20/04/2019;B;13:00:00;4098
21/04/2019;B;13:00:00;3084
22/04/2019;B;13:00:00;4613
23/04/2019;B;13:00:00;5499
24/04/2019;B;13:00:00;4796
25/04/2019;B;13:00:00;952
26/04/2019;B;13:00:00;5412
27/04/2019;B;13:00:00;7114
28/04/2019;B;13:00:00;3568
29/04/2019;B;13:00:00;4505
30/04/2019;B;13:00:00;4944
1/05/2019;B;13:00:00;3785
2/05/2019;B;13:00:00;4837
3/05/2019;B;13:00:00;5023
4/05/2019;B;13:00:00;7171
5/05/2019;B;13:00:00;3795
6/05/2019;B;13:00:00;4750
7/05/2019;B;13:00:00;4680
8/05/2019;B;13:00:00;4828
9/05/2019;B;13:00:00;5057
10/05/2019;B;13:00:00;5082
11/05/2019;B;13:00:00;7181
12/05/2019;B;13:00:00;3535
13/05/2019;B;13:00:00;18572
14/05/2019;B;13:00:00;4683
15/05/2019;B;13:00:00;4678
16/05/2019;B;13:00:00;4733
17/05/2019;B;13:00:00;4898
18/05/2019;B;13:00:00;7062
19/05/2019;B;13:00:00;3824
20/05/2019;B;13:00:00;4627
21/05/2019;B;13:00:00;4747
22/05/2019;B;13:00:00;5066
23/05/2019;B;13:00:00;4763
24/05/2019;B;13:00:00;4735
25/05/2019;B;13:00:00;6810
26/05/2019;B;13:00:00;3615
27/05/2019;B;13:00:00;4583
28/05/2019;B;13:00:00;4380
29/05/2019;B;13:00:00;4587
30/05/2019;B;13:00:00;4340
31/05/2019;B;13:00:00;4527
1/06/2019;B;13:00:00;6730
2/06/2019;B;13:00:00;3888
3/06/2019;B;13:00:00;2889
4/06/2019;B;13:00:00;4932
5/06/2019;B;13:00:00;4625
6/06/2019;B;13:00:00;4554
7/06/2019;B;13:00:00;4724
8/06/2019;B;13:00:00;6871
9/06/2019;B;13:00:00;3526
10/06/2019;B;13:00:00;4619
11/06/2019;B;13:00:00;4651
12/06/2019;B;13:00:00;4746
13/06/2019;B;13:00:00;4439
14/06/2019;B;13:00:00;4587
15/06/2019;B;13:00:00;6548
16/06/2019;B;13:00:00;3305
17/06/2019;B;13:00:00;4178
18/06/2019;B;13:00:00;4492
19/06/2019;B;13:00:00;4674
20/06/2019;B;13:00:00;4578
21/06/2019;B;13:00:00;4691
22/06/2019;B;13:00:00;6767
23/06/2019;B;13:00:00;3871
24/06/2019;B;13:00:00;3023
25/06/2019;B;13:00:00;4559
26/06/2019;B;13:00:00;4497
27/06/2019;B;13:00:00;4477
28/06/2019;B;13:00:00;4544
29/06/2019;B;13:00:00;6358
30/06/2019;B;13:00:00;4644
1/07/2019;B;13:00:00;2898
2/07/2019;B;13:00:00;4613
3/07/2019;B;13:00:00;4581
4/07/2019;B;13:00:00;4461
5/07/2019;B;13:00:00;4603
6/07/2019;B;13:00:00;6589
7/07/2019;B;13:00:00;3819
8/07/2019;B;13:00:00;4175
9/07/2019;B;13:00:00;4245
10/07/2019;B;13:00:00;5443
11/07/2019;B;13:00:00;4563
12/07/2019;B;13:00:00;4745
13/07/2019;B;13:00:00;6903
14/07/2019;B;13:00:00;3895
15/07/2019;B;13:00:00;4342
16/07/2019;B;13:00:00;4719
17/07/2019;B;13:00:00;4765
18/07/2019;B;13:00:00;4576
19/07/2019;B;13:00:00;4589
20/07/2019;B;13:00:00;4681
21/07/2019;B;13:00:00;3751
22/07/2019;B;13:00:00;4432
23/07/2019;B;13:00:00;3904
24/07/2019;B;13:00:00;4595
25/07/2019;B;13:00:00;4467
26/07/2019;B;13:00:00;4720
27/07/2019;B;13:00:00;6831
28/07/2019;B;13:00:00;3657
29/07/2019;B;13:00:00;4466
30/07/2019;B;13:00:00;4744
31/07/2019;B;13:00:00;5006
1/08/2019;B;13:00:00;4997
2/08/2019;B;13:00:00;5146
3/08/2019;B;13:00:00;8260
4/08/2019;B;13:00:00;4443
5/08/2019;B;13:00:00;5136
6/08/2019;B;13:00:00;5100
7/08/2019;B;13:00:00;4121
8/08/2019;B;13:00:00;5183
9/08/2019;B;13:00:00;5481
10/08/2019;B;13:00:00;9469
11/08/2019;B;13:00:00;4943
12/08/2019;B;13:00:00;4901
13/08/2019;B;13:00:00;4923
14/08/2019;B;13:00:00;4917
15/08/2019;B;13:00:00;4945
16/08/2019;B;13:00:00;5091
17/08/2019;B;13:00:00;7027
18/08/2019;B;13:00:00;3714
19/08/2019;B;13:00:00;2853
20/08/2019;B;13:00:00;4982
21/08/2019;B;13:00:00;4880
22/08/2019;B;13:00:00;4741
23/08/2019;B;13:00:00;4936
24/08/2019;B;13:00:00;7072
25/08/2019;B;13:00:00;3647
26/08/2019;B;13:00:00;4767
27/08/2019;B;13:00:00;4772
28/08/2019;B;13:00:00;4757
29/08/2019;B;13:00:00;4746
30/08/2019;B;13:00:00;4827
31/08/2019;B;13:00:00;7474
1/09/2019;B;13:00:00;4183
2/09/2019;B;13:00:00;4832
3/09/2019;B;13:00:00;4733
4/09/2019;B;13:00:00;43
5/09/2019;B;13:00:00;4810
6/09/2019;B;13:00:00;4955
7/09/2019;B;13:00:00;7741
8/09/2019;B;13:00:00;3992
9/09/2019;B;13:00:00;4757
10/09/2019;B;13:00:00;4707
11/09/2019;B;13:00:00;4986
12/09/2019;B;13:00:00;4903
13/09/2019;B;13:00:00;4889
14/09/2019;B;13:00:00;7243
15/09/2019;B;13:00:00;3896
16/09/2019;B;13:00:00;10037
17/09/2019;B;13:00:00;4654
18/09/2019;B;13:00:00;4994
19/09/2019;B;13:00:00;5108
20/09/2019;B;13:00:00;4612
21/09/2019;B;13:00:00;7058
22/09/2019;B;13:00:00;3568
23/09/2019;B;13:00:00;5328
24/09/2019;B;13:00:00;4875
25/09/2019;B;13:00:00;4858
26/09/2019;B;13:00:00;4841
27/09/2019;B;13:00:00;4890
28/09/2019;B;13:00:00;6933
29/09/2019;B;13:00:00;3432
30/09/2019;B;13:00:00;4814
1/10/2019;B;13:00:00;4870
2/10/2019;B;13:00:00;4800
3/10/2019;B;13:00:00;4892
4/10/2019;B;13:00:00;5248
5/10/2019;B;13:00:00;7246
6/10/2019;B;13:00:00;4270
7/10/2019;B;13:00:00;5019
8/10/2019;B;13:00:00;5073
9/10/2019;B;13:00:00;5005
10/10/2019;B;13:00:00;5391
11/10/2019;B;13:00:00;5192
12/10/2019;B;13:00:00;7381
13/10/2019;B;13:00:00;3943
14/10/2019;B;13:00:00;3036
15/10/2019;B;13:00:00;5889
16/10/2019;B;13:00:00;4977
17/10/2019;B;13:00:00;4939
18/10/2019;B;13:00:00;4822
19/10/2019;B;13:00:00;7482
20/10/2019;B;13:00:00;3616
21/10/2019;B;13:00:00;4731
22/10/2019;B;13:00:00;4721
23/10/2019;B;13:00:00;5151
24/10/2019;B;13:00:00;5069
25/10/2019;B;13:00:00;5193
26/10/2019;B;13:00:00;6948
27/10/2019;B;13:00:00;2
28/10/2019;B;13:00:00;4520
29/10/2019;B;13:00:00;4639
30/10/2019;B;13:00:00;5772
31/10/2019;B;13:00:00;4986
1/11/2019;B;13:00:00;5102
2/11/2019;B;13:00:00;7159
3/11/2019;B;13:00:00;3962
4/11/2019;B;13:00:00;2959
5/11/2019;B;13:00:00;5001
6/11/2019;B;13:00:00;4956
7/11/2019;B;13:00:00;4835
8/11/2019;B;13:00:00;5046
9/11/2019;B;13:00:00;7019
10/11/2019;B;13:00:00;4080
11/11/2019;B;13:00:00;3114
12/11/2019;B;13:00:00;5046
13/11/2019;B;13:00:00;5194
14/11/2019;B;13:00:00;4994
15/11/2019;B;13:00:00;5028
16/11/2019;B;13:00:00;7336
17/11/2019;B;13:00:00;3792
18/11/2019;B;13:00:00;4637
19/11/2019;B;13:00:00;4940
20/11/2019;B;13:00:00;4921
21/11/2019;B;13:00:00;6364
22/11/2019;B;13:00:00;5227
23/11/2019;B;13:00:00;7184
24/11/2019;B;13:00:00;3588
25/11/2019;B;13:00:00;4985
26/11/2019;B;13:00:00;4688
27/11/2019;B;13:00:00;4723
28/11/2019;B;13:00:00;4861
29/11/2019;B;13:00:00;5096
30/11/2019;B;13:00:00;7333
1/12/2019;B;13:00:00;4129
2/12/2019;B;13:00:00;4917
3/12/2019;B;13:00:00;5375
4/12/2019;B;13:00:00;4800
5/12/2019;B;13:00:00;4849
6/12/2019;B;13:00:00;4974
7/12/2019;B;13:00:00;7097
8/12/2019;B;13:00:00;3762
9/12/2019;B;13:00:00;4688
10/12/2019;B;13:00:00;4839
11/12/2019;B;13:00:00;4808
12/12/2019;B;13:00:00;4869
13/12/2019;B;13:00:00;4926
14/12/2019;B;13:00:00;7475
15/12/2019;B;13:00:00;4465
16/12/2019;B;13:00:00;4877
17/12/2019;B;13:00:00;4955
18/12/2019;B;13:00:00;4870
19/12/2019;B;13:00:00;4760
20/12/2019;B;13:00:00;5323
21/12/2019;B;13:00:00;6985
22/12/2019;B;13:00:00;4331
23/12/2019;B;13:00:00;5182
24/12/2019;B;13:00:00;5111
25/12/2019;B;13:00:00;2063
26/12/2019;B;13:00:00;4076
27/12/2019;B;13:00:00;4559
28/12/2019;B;13:00:00;5414
29/12/2019;B;13:00:00;3726
30/12/2019;B;13:00:00;
31/12/2019;B;13:00:00;4273
1/01/2020;A;13:00:00;11800
1/01/2020;B;13:00:00;1994
2/01/2020;A;13:00:00;24849
2/01/2020;B;13:00:00;3881
3/01/2020;A;13:00:00;27209
3/01/2020;B;13:00:00;4308
4/01/2020;A;13:00:00;33506
4/01/2020;B;13:00:00;5051
5/01/2020;A;13:00:00;18992
5/01/2020;B;13:00:00;3708
6/01/2020;A;13:00:00;16900
6/01/2020;B;13:00:00;3100
7/01/2020;A;13:00:00;30048
7/01/2020;B;13:00:00;4336
8/01/2020;A;13:00:00;27255
8/01/2020;B;13:00:00;4265
9/01/2020;A;13:00:00;26850
9/01/2020;B;13:00:00;4374
10/01/2020;A;13:00:00;28109
10/01/2020;B;13:00:00;4132
11/01/2020;A;13:00:00;39750
11/01/2020;B;13:00:00;5618
12/01/2020;A;13:00:00;18804
12/01/2020;B;13:00:00;2968
13/01/2020;A;13:00:00;28854
13/01/2020;B;13:00:00;4093
14/01/2020;A;13:00:00;28970
14/01/2020;B;13:00:00;4453
15/01/2020;A;13:00:00;29202
15/01/2020;B;13:00:00;4392
16/01/2020;A;13:00:00;29135
16/01/2020;B;13:00:00;4596
17/01/2020;A;13:00:00;30375
17/01/2020;B;13:00:00;4629
18/01/2020;A;13:00:00;44747
18/01/2020;B;13:00:00;6308
19/01/2020;A;13:00:00;20046
19/01/2020;B;13:00:00;3541
20/01/2020;A;13:00:00;30951
20/01/2020;B;13:00:00;4494
21/01/2020;A;13:00:00;30374
21/01/2020;B;13:00:00;4413
22/01/2020;A;13:00:00;30102
22/01/2020;B;13:00:00;4325
23/01/2020;A;13:00:00;30018
23/01/2020;B;13:00:00;4217
24/01/2020;A;13:00:00;30657
24/01/2020;B;13:00:00;4571
25/01/2020;A;13:00:00;45728
25/01/2020;B;13:00:00;6658
26/01/2020;A;13:00:00;19181
26/01/2020;B;13:00:00;3604
27/01/2020;A;13:00:00;30219
27/01/2020;B;13:00:00;4468
28/01/2020;A;13:00:00;29722
28/01/2020;B;13:00:00;4605
29/01/2020;A;13:00:00;29476
29/01/2020;B;13:00:00;4573
30/01/2020;A;13:00:00;29785
30/01/2020;B;13:00:00;4462
31/01/2020;A;13:00:00;30981
31/01/2020;B;13:00:00;4554
1/02/2020;A;13:00:00;47428
1/02/2020;B;13:00:00;6939
2/02/2020;A;13:00:00;19844
2/02/2020;B;13:00:00;3621
3/02/2020;A;13:00:00;32154
3/02/2020;B;13:00:00;4618
4/02/2020;A;13:00:00;32513
4/02/2020;B;13:00:00;4760
5/02/2020;A;13:00:00;31922
5/02/2020;B;13:00:00;4771
6/02/2020;A;13:00:00;31528
6/02/2020;B;13:00:00;4532
7/02/2020;A;13:00:00;32928
7/02/2020;B;13:00:00;4784
8/02/2020;A;13:00:00;47288
8/02/2020;B;13:00:00;6810
9/02/2020;A;13:00:00;18819
9/02/2020;B;13:00:00;3520
10/02/2020;A;13:00:00;32329
10/02/2020;B;13:00:00;4650
11/02/2020;A;13:00:00;32315
11/02/2020;B;13:00:00;4635
12/02/2020;A;13:00:00;32723
12/02/2020;B;13:00:00;4847
13/02/2020;A;13:00:00;32053
13/02/2020;B;13:00:00;4743
14/02/2020;A;13:00:00;30530
14/02/2020;B;13:00:00;4735
15/02/2020;A;13:00:00;46982
15/02/2020;B;13:00:00;6690
16/02/2020;A;13:00:00;19808
16/02/2020;B;13:00:00;3652
17/02/2020;A;13:00:00;64338
17/02/2020;B;13:00:00;9306
18/02/2020;A;13:00:00;64506
18/02/2020;B;13:00:00;9660
19/02/2020;A;13:00:00;31705
19/02/2020;B;13:00:00;4810
20/02/2020;A;13:00:00;37097
20/02/2020;B;13:00:00;5276
21/02/2020;A;13:00:00;32829
21/02/2020;B;13:00:00;4746
22/02/2020;A;13:00:00;49550
22/02/2020;B;13:00:00;6821
23/02/2020;A;13:00:00;19406
23/02/2020;B;13:00:00;3373
24/02/2020;A;13:00:00;32428
24/02/2020;B;13:00:00;4716
25/02/2020;A;13:00:00;32144
25/02/2020;B;13:00:00;4803
26/02/2020;A;13:00:00;31228
26/02/2020;B;13:00:00;4862
27/02/2020;A;13:00:00;31224
27/02/2020;B;13:00:00;4698
28/02/2020;A;13:00:00;32041
28/02/2020;B;13:00:00;4825
29/02/2020;A;13:00:00;53026
29/02/2020;B;13:00:00;7310
1/03/2020;A;13:00:00;20742
1/03/2020;B;13:00:00;3565
2/03/2020;A;13:00:00;32372
2/03/2020;B;13:00:00;4763
3/03/2020;A;13:00:00;33337
3/03/2020;B;13:00:00;4907
4/03/2020;A;13:00:00;33224
4/03/2020;B;13:00:00;4996
5/03/2020;A;13:00:00;32542
5/03/2020;B;13:00:00;4865
6/03/2020;A;13:00:00;33760
6/03/2020;B;13:00:00;5010
7/03/2020;A;13:00:00;49816
7/03/2020;B;13:00:00;7371
8/03/2020;A;13:00:00;19489
8/03/2020;B;13:00:00;3473
9/03/2020;A;13:00:00;31654
9/03/2020;B;13:00:00;4634
10/03/2020;A;13:00:00;24737
10/03/2020;B;13:00:00;4698
11/03/2020;A;13:00:00;32747
11/03/2020;B;13:00:00;4957
12/03/2020;A;13:00:00;31790
12/03/2020;B;13:00:00;4754
13/03/2020;A;13:00:00;31777
13/03/2020;B;13:00:00;4732
14/03/2020;A;13:00:00;43651
14/03/2020;B;13:00:00;5917
15/03/2020;A;13:00:00;15336
15/03/2020;B;13:00:00;2479
16/03/2020;A;13:00:00;22680
16/03/2020;B;13:00:00;3127
17/03/2020;A;13:00:00;18885
17/03/2020;B;13:00:00;2611
18/03/2020;A;13:00:00;17003
18/03/2020;B;13:00:00;2175
19/03/2020;A;13:00:00;15391
19/03/2020;B;13:00:00;2097
20/03/2020;A;13:00:00;18488
20/03/2020;B;13:00:00;2337
21/03/2020;A;13:00:00;5203
21/03/2020;B;13:00:00;630
22/03/2020;A;13:00:00;2197
22/03/2020;B;13:00:00;283
23/03/2020;A;13:00:00;2951
23/03/2020;B;13:00:00;425
24/03/2020;A;13:00:00;9199
24/03/2020;B;13:00:00;1308
25/03/2020;A;13:00:00;4608
25/03/2020;B;13:00:00;502
26/03/2020;A;13:00:00;4534
26/03/2020;B;13:00:00;532
27/03/2020;A;13:00:00;4441
27/03/2020;B;13:00:00;525
28/03/2020;A;13:00:00;4525
28/03/2020;B;13:00:00;556
29/03/2020;A;13:00:00;1467
29/03/2020;B;13:00:00;207
30/03/2020;A;13:00:00;4455
30/03/2020;B;13:00:00;538
31/03/2020;A;13:00:00;4333
31/03/2020;B;13:00:00;536
1/04/2020;A;13:00:00;4651
1/04/2020;B;13:00:00;578
2/04/2020;A;13:00:00;4247
2/04/2020;B;13:00:00;521
3/04/2020;A;13:00:00;4481
3/04/2020;B;13:00:00;582
4/04/2020;A;13:00:00;4846
4/04/2020;B;13:00:00;578
5/04/2020;A;13:00:00;1558
5/04/2020;B;13:00:00;236
6/04/2020;A;13:00:00;4506
6/04/2020;B;13:00:00;589
7/04/2020;A;13:00:00;4459
7/04/2020;B;13:00:00;562
8/04/2020;A;13:00:00;4556
8/04/2020;B;13:00:00;611
9/04/2020;A;13:00:00;2115
9/04/2020;B;13:00:00;332
10/04/2020;A;13:00:00;1629
10/04/2020;B;13:00:00;261
11/04/2020;A;13:00:00;3760
11/04/2020;B;13:00:00;526
12/04/2020;A;13:00:00;1573
12/04/2020;B;13:00:00;210
13/04/2020;A;13:00:00;4934
13/04/2020;B;13:00:00;637
14/04/2020;A;13:00:00;4491
14/04/2020;B;13:00:00;581
15/04/2020;A;13:00:00;4649
15/04/2020;B;13:00:00;540
16/04/2020;A;13:00:00;4719
16/04/2020;B;13:00:00;594
17/04/2020;A;13:00:00;4749
17/04/2020;B;13:00:00;617
18/04/2020;A;13:00:00;5824
18/04/2020;B;13:00:00;672
19/04/2020;A;13:00:00;1836
19/04/2020;B;13:00:00;269
20/04/2020;A;13:00:00;4944
20/04/2020;B;13:00:00;584
21/04/2020;A;13:00:00;4829
21/04/2020;B;13:00:00;598
22/04/2020;A;13:00:00;5073
22/04/2020;B;13:00:00;607
23/04/2020;A;13:00:00;5032
23/04/2020;B;13:00:00;616
24/04/2020;A;13:00:00;5096
24/04/2020;B;13:00:00;611
25/04/2020;A;13:00:00;6275
25/04/2020;B;13:00:00;751
26/04/2020;A;13:00:00;1993
26/04/2020;B;13:00:00;264
27/04/2020;A;13:00:00;5298
27/04/2020;B;13:00:00;600
28/04/2020;A;13:00:00;5318
28/04/2020;B;13:00:00;620
29/04/2020;A;13:00:00;5422
29/04/2020;B;13:00:00;599
30/04/2020;A;13:00:00;5629
30/04/2020;B;13:00:00;656
1/05/2020;A;13:00:00;3369
1/05/2020;B;13:00:00;415
2/05/2020;A;13:00:00;7338
2/05/2020;B;13:00:00;870
3/05/2020;A;13:00:00;2161
3/05/2020;B;13:00:00;328
4/05/2020;A;13:00:00;5820
4/05/2020;B;13:00:00;679
5/05/2020;A;13:00:00;5753
5/05/2020;B;13:00:00;650
6/05/2020;A;13:00:00;5923
6/05/2020;B;13:00:00;687
7/05/2020;A;13:00:00;6021
7/05/2020;B;13:00:00;681
8/05/2020;A;13:00:00;5999
8/05/2020;B;13:00:00;746
9/05/2020;A;13:00:00;9875
9/05/2020;B;13:00:00;1126
10/05/2020;A;13:00:00;2013
10/05/2020;B;13:00:00;290
11/05/2020;A;13:00:00;5996
11/05/2020;B;13:00:00;663
12/05/2020;A;13:00:00;6137
12/05/2020;B;13:00:00;712
13/05/2020;A;13:00:00;6207
13/05/2020;B;13:00:00;727
14/05/2020;A;13:00:00;6090
14/05/2020;B;13:00:00;746
15/05/2020;A;13:00:00;6362
15/05/2020;B;13:00:00;747
16/05/2020;A;13:00:00;11779
16/05/2020;B;13:00:00;1316
17/05/2020;A;13:00:00;2685
17/05/2020;B;13:00:00;426
18/05/2020;A;13:00:00;6354
18/05/2020;B;13:00:00;819
19/05/2020;A;13:00:00;6206
19/05/2020;B;13:00:00;738
20/05/2020;A;13:00:00;6411
20/05/2020;B;13:00:00;803
21/05/2020;A;13:00:00;6563
21/05/2020;B;13:00:00;810
22/05/2020;A;13:00:00;6555
22/05/2020;B;13:00:00;812
23/05/2020;A;13:00:00;12857
23/05/2020;B;13:00:00;1511
24/05/2020;A;13:00:00;2886
24/05/2020;B;13:00:00;462
25/05/2020;A;13:00:00;3239
25/05/2020;B;13:00:00;409
26/05/2020;A;13:00:00;6388
26/05/2020;B;13:00:00;795
27/05/2020;A;13:00:00;6469
27/05/2020;B;13:00:00;811
28/05/2020;A;13:00:00;6577
28/05/2020;B;13:00:00;839
29/05/2020;A;13:00:00;6707
29/05/2020;B;13:00:00;913
30/05/2020;A;13:00:00;13988
30/05/2020;B;13:00:00;1584
31/05/2020;A;13:00:00;3000
31/05/2020;B;13:00:00;443
1/06/2020;A;13:00:00;7668
1/06/2020;B;13:00:00;983
2/06/2020;A;13:00:00;8128
2/06/2020;B;13:00:00;1079
3/06/2020;A;13:00:00;7942
3/06/2020;B;13:00:00;1068
4/06/2020;A;13:00:00;8001
4/06/2020;B;13:00:00;1040
5/06/2020;A;13:00:00;8396
5/06/2020;B;13:00:00;1132
6/06/2020;A;13:00:00;14936
6/06/2020;B;13:00:00;1902
7/06/2020;A;13:00:00;3594
7/06/2020;B;13:00:00;491
8/06/2020;A;13:00:00;7833
8/06/2020;B;13:00:00;1042
9/06/2020;A;13:00:00;8443
9/06/2020;B;13:00:00;1098
10/06/2020;A;13:00:00;8474
10/06/2020;B;13:00:00;1069
11/06/2020;A;13:00:00;8498
11/06/2020;B;13:00:00;1090
12/06/2020;A;13:00:00;9149
12/06/2020;B;13:00:00;1216
14/06/2020;A;13:00:00;4333
14/06/2020;B;13:00:00;676
15/06/2020;A;13:00:00;4917
15/06/2020;B;13:00:00;660
16/06/2020;A;13:00:00;9550
16/06/2020;B;13:00:00;1267
17/06/2020;A;13:00:00;9447
17/06/2020;B;13:00:00;1202
18/06/2020;A;13:00:00;9280
18/06/2020;B;13:00:00;1276
19/06/2020;A;13:00:00;11066
19/06/2020;B;13:00:00;1437
20/06/2020;A;13:00:00;16983
20/06/2020;B;13:00:00;2187
21/06/2020;A;13:00:00;4443
21/06/2020;B;13:00:00;679
22/06/2020;A;13:00:00;4530
22/06/2020;B;13:00:00;670
23/06/2020;A;13:00:00;9485
23/06/2020;B;13:00:00;1190
24/06/2020;A;13:00:00;9657
24/06/2020;B;13:00:00;1246
25/06/2020;A;13:00:00;9638
25/06/2020;B;13:00:00;1235
26/06/2020;A;13:00:00;9613
26/06/2020;B;13:00:00;1278
27/06/2020;A;13:00:00;16927
27/06/2020;B;13:00:00;2130
28/06/2020;A;13:00:00;4921
28/06/2020;B;13:00:00;689
29/06/2020;A;13:00:00;5250
29/06/2020;B;13:00:00;681
30/06/2020;A;13:00:00;9728
30/06/2020;B;13:00:00;1209
1/07/2020;A;13:00:00;10092
1/07/2020;B;13:00:00;1308
2/07/2020;A;13:00:00;10097
2/07/2020;B;13:00:00;1284
3/07/2020;A;13:00:00;9591
3/07/2020;B;13:00:00;1230
4/07/2020;A;13:00:00;18290
4/07/2020;B;13:00:00;2208
5/07/2020;A;13:00:00;4998
5/07/2020;B;13:00:00;708
6/07/2020;A;13:00:00;9818
6/07/2020;B;13:00:00;1334
7/07/2020;A;13:00:00;9841
7/07/2020;B;13:00:00;1297
8/07/2020;A;13:00:00;9538
8/07/2020;B;13:00:00;1264
9/07/2020;A;13:00:00;9690
9/07/2020;B;13:00:00;1267
10/07/2020;A;13:00:00;9631
10/07/2020;B;13:00:00;1330
11/07/2020;A;13:00:00;17297
11/07/2020;B;13:00:00;2174
12/07/2020;A;13:00:00;4775
12/07/2020;B;13:00:00;667
13/07/2020;A;13:00:00;7401
13/07/2020;B;13:00:00;1001
14/07/2020;A;13:00:00;7122
14/07/2020;B;13:00:00;931
15/07/2020;A;13:00:00;7148
15/07/2020;B;13:00:00;1035
16/07/2020;A;13:00:00;8101
16/07/2020;B;13:00:00;1087
17/07/2020;A;13:00:00;4018
17/07/2020;B;13:00:00;502
18/07/2020;A;13:00:00;5871
18/07/2020;B;13:00:00;678
19/07/2020;A;13:00:00;1649
19/07/2020;B;13:00:00;190
20/07/2020;A;13:00:00;1963
20/07/2020;B;13:00:00;233
21/07/2020;A;13:00:00;8014
21/07/2020;B;13:00:00;1121
22/07/2020;A;13:00:00;7735
22/07/2020;B;13:00:00;1172
23/07/2020;A;13:00:00;7736
23/07/2020;B;13:00:00;1022
24/07/2020;A;13:00:00;4320
24/07/2020;B;13:00:00;544
25/07/2020;A;13:00:00;7303
25/07/2020;B;13:00:00;750
26/07/2020;A;13:00:00;1783
26/07/2020;B;13:00:00;241
27/07/2020;A;13:00:00;7888
27/07/2020;B;13:00:00;1069
28/07/2020;A;13:00:00;7899
28/07/2020;B;13:00:00;1055
29/07/2020;A;13:00:00;7984
29/07/2020;B;13:00:00;1016
30/07/2020;A;13:00:00;7769
30/07/2020;B;13:00:00;1065
31/07/2020;A;13:00:00;4465
31/07/2020;B;13:00:00;572
1/08/2020;A;13:00:00;7257
1/08/2020;B;13:00:00;787
2/08/2020;A;13:00:00;1762
2/08/2020;B;13:00:00;229
3/08/2020;A;13:00:00;8062
3/08/2020;B;13:00:00;1025
4/08/2020;A;13:00:00;7607
4/08/2020;B;13:00:00;1023
5/08/2020;A;13:00:00;8394
5/08/2020;B;13:00:00;1111
6/08/2020;A;13:00:00;8747
6/08/2020;B;13:00:00;1227
7/08/2020;A;13:00:00;3488
7/08/2020;B;13:00:00;410
9/08/2020;A;13:00:00;1812
9/08/2020;B;13:00:00;232
10/08/2020;A;13:00:00;8245
10/08/2020;B;13:00:00;1047
11/08/2020;A;13:00:00;7959
11/08/2020;B;13:00:00;1070
12/08/2020;A;13:00:00;8075
12/08/2020;B;13:00:00;1045
13/08/2020;A;13:00:00;8268
13/08/2020;B;13:00:00;1084
14/08/2020;A;13:00:00;8261
14/08/2020;B;13:00:00;1055
15/08/2020;A;13:00:00;10824
15/08/2020;B;13:00:00;1032
16/08/2020;A;13:00:00;2259
16/08/2020;B;13:00:00;262
17/08/2020;A;13:00:00;2912
17/08/2020;B;13:00:00;336
18/08/2020;A;13:00:00;8806
18/08/2020;B;13:00:00;1152
19/08/2020;A;13:00:00;8493
19/08/2020;B;13:00:00;1080
20/08/2020;A;13:00:00;16984
20/08/2020;B;13:00:00;2202
21/08/2020;A;13:00:00;8445
21/08/2020;B;13:00:00;1103
22/08/2020;A;13:00:00;16594
22/08/2020;B;13:00:00;1991
23/08/2020;A;13:00:00;3989
23/08/2020;B;13:00:00;530
24/08/2020;A;13:00:00;8618
24/08/2020;B;13:00:00;1241
25/08/2020;A;13:00:00;8376
25/08/2020;B;13:00:00;1209
26/08/2020;A;13:00:00;8747
26/08/2020;B;13:00:00;1137
27/08/2020;A;13:00:00;8848
27/08/2020;B;13:00:00;1076
28/08/2020;A;13:00:00;9048
28/08/2020;B;13:00:00;1228
29/08/2020;A;13:00:00;17697
29/08/2020;B;13:00:00;2124
30/08/2020;A;13:00:00;4409
30/08/2020;B;13:00:00;600
31/08/2020;A;13:00:00;10258
31/08/2020;B;13:00:00;1347
1/09/2020;A;13:00:00;12147
1/09/2020;B;13:00:00;1631
2/09/2020;A;13:00:00;11788
2/09/2020;B;13:00:00;1596
3/09/2020;A;13:00:00;12181
3/09/2020;B;13:00:00;1728
4/09/2020;A;13:00:00;12621
4/09/2020;B;13:00:00;1687
5/09/2020;A;13:00:00;22743
5/09/2020;B;13:00:00;2920
6/09/2020;A;13:00:00;7364
6/09/2020;B;13:00:00;1118
7/09/2020;A;13:00:00;13050
7/09/2020;B;13:00:00;1721
8/09/2020;A;13:00:00;12617
8/09/2020;B;13:00:00;1759
9/09/2020;A;13:00:00;12318
9/09/2020;B;13:00:00;1745
10/09/2020;A;13:00:00;12185
10/09/2020;B;13:00:00;1806
11/09/2020;A;13:00:00;12921
11/09/2020;B;13:00:00;1833
12/09/2020;A;13:00:00;23411
12/09/2020;B;13:00:00;3023
13/09/2020;A;13:00:00;8311
13/09/2020;B;13:00:00;1289
14/09/2020;A;13:00:00;12852
14/09/2020;B;13:00:00;1792
15/09/2020;A;13:00:00;12912
15/09/2020;B;13:00:00;1812
16/09/2020;A;13:00:00;13293
16/09/2020;B;13:00:00;1871
17/09/2020;A;13:00:00;13479
17/09/2020;B;13:00:00;1869
18/09/2020;A;13:00:00;14327
18/09/2020;B;13:00:00;1977
19/09/2020;A;13:00:00;25584
19/09/2020;B;13:00:00;3344
20/09/2020;A;13:00:00;8941
20/09/2020;B;13:00:00;1390
21/09/2020;A;13:00:00;14017
21/09/2020;B;13:00:00;1925
22/09/2020;A;13:00:00;13978
22/09/2020;B;13:00:00;1933
23/09/2020;A;13:00:00;13656
23/09/2020;B;13:00:00;1874
24/09/2020;A;13:00:00;13742
24/09/2020;B;13:00:00;1891
25/09/2020;A;13:00:00;14225
25/09/2020;B;13:00:00;1904
26/09/2020;A;13:00:00;25513
26/09/2020;B;13:00:00;3333
27/09/2020;A;13:00:00;9617
27/09/2020;B;13:00:00;1461
28/09/2020;A;13:00:00;14231
28/09/2020;B;13:00:00;1994
29/09/2020;A;13:00:00;13989
29/09/2020;B;13:00:00;2079
30/09/2020;A;13:00:00;14079
30/09/2020;B;13:00:00;2052
1/10/2020;A;13:00:00;14874
1/10/2020;B;13:00:00;1978
2/10/2020;A;13:00:00;15310
2/10/2020;B;13:00:00;2155
3/10/2020;A;13:00:00;26843
3/10/2020;B;13:00:00;3659
4/10/2020;A;13:00:00;10440
4/10/2020;B;13:00:00;1709
5/10/2020;A;13:00:00;15564
5/10/2020;B;13:00:00;2096
6/10/2020;A;13:00:00;15561
6/10/2020;B;13:00:00;2201
7/10/2020;A;13:00:00;15165
7/10/2020;B;13:00:00;2118
8/10/2020;A;13:00:00;15306
8/10/2020;B;13:00:00;2139
9/10/2020;A;13:00:00;15768
9/10/2020;B;13:00:00;2158
10/10/2020;A;13:00:00;27105
10/10/2020;B;13:00:00;3611
11/10/2020;A;13:00:00;10169
11/10/2020;B;13:00:00;1761
12/10/2020;A;13:00:00;9246
12/10/2020;B;13:00:00;1384
13/10/2020;A;13:00:00;15816
13/10/2020;B;13:00:00;2275
14/10/2020;A;13:00:00;15266
14/10/2020;B;13:00:00;2220
15/10/2020;A;13:00:00;15021
15/10/2020;B;13:00:00;2176
16/10/2020;A;13:00:00;15836
16/10/2020;B;13:00:00;2325
17/10/2020;A;13:00:00;27980
17/10/2020;B;13:00:00;3687
18/10/2020;A;13:00:00;10804
18/10/2020;B;13:00:00;1775
19/10/2020;A;13:00:00;15564
19/10/2020;B;13:00:00;2205
20/10/2020;A;13:00:00;14966
20/10/2020;B;13:00:00;2124
21/10/2020;A;13:00:00;15767
21/10/2020;B;13:00:00;2199
22/10/2020;A;13:00:00;15373
22/10/2020;B;13:00:00;2175
23/10/2020;A;13:00:00;15616
23/10/2020;B;13:00:00;2149
24/10/2020;A;13:00:00;28506
24/10/2020;B;13:00:00;3582
25/10/2020;A;13:00:00;11182
25/10/2020;B;13:00:00;1870
26/10/2020;A;13:00:00;15046
26/10/2020;B;13:00:00;2121
27/10/2020;A;13:00:00;15146
27/10/2020;B;13:00:00;2059
28/10/2020;A;13:00:00;14991
28/10/2020;B;13:00:00;2175
29/10/2020;A;13:00:00;15205
29/10/2020;B;13:00:00;2128
30/10/2020;A;13:00:00;16246
30/10/2020;B;13:00:00;2205
31/10/2020;A;13:00:00;26415
31/10/2020;B;13:00:00;3457
1/11/2020;A;13:00:00;8930
1/11/2020;B;13:00:00;1460
2/11/2020;A;13:00:00;8502
2/11/2020;B;13:00:00;1319
3/11/2020;A;13:00:00;17175
3/11/2020;B;13:00:00;2421
4/11/2020;A;13:00:00;15932
4/11/2020;B;13:00:00;2297
5/11/2020;A;13:00:00;15952
5/11/2020;B;13:00:00;2298
6/11/2020;A;13:00:00;16257
6/11/2020;B;13:00:00;2427
7/11/2020;A;13:00:00;29201
7/11/2020;B;13:00:00;3969
8/11/2020;A;13:00:00;11714
8/11/2020;B;13:00:00;1866
9/11/2020;A;13:00:00;16292
9/11/2020;B;13:00:00;2192
10/11/2020;A;13:00:00;16268
10/11/2020;B;13:00:00;2217
11/11/2020;A;13:00:00;16185
11/11/2020;B;13:00:00;2187
13/11/2020;A;13:00:00;17612
13/11/2020;B;13:00:00;2278
14/11/2020;A;13:00:00;30916
14/11/2020;B;13:00:00;3966
15/11/2020;A;13:00:00;12722
15/11/2020;B;13:00:00;1907
16/11/2020;A;13:00:00;11059
16/11/2020;B;13:00:00;1576
17/11/2020;A;13:00:00;17993
17/11/2020;B;13:00:00;2410
18/11/2020;A;13:00:00;17464
18/11/2020;B;13:00:00;2375
19/11/2020;A;13:00:00;17467
19/11/2020;B;13:00:00;2407
20/11/2020;A;13:00:00;18061
20/11/2020;B;13:00:00;2477
21/11/2020;A;13:00:00;34426
21/11/2020;B;13:00:00;4336
22/11/2020;A;13:00:00;13034
22/11/2020;B;13:00:00;1969
23/11/2020;A;13:00:00;17201
23/11/2020;B;13:00:00;2411
24/11/2020;A;13:00:00;16872
24/11/2020;B;13:00:00;2438
25/11/2020;A;13:00:00;17872
25/11/2020;B;13:00:00;2503
26/11/2020;A;13:00:00;17512
26/11/2020;B;13:00:00;2471
27/11/2020;A;13:00:00;19238
27/11/2020;B;13:00:00;2518
28/11/2020;A;13:00:00;33994
28/11/2020;B;13:00:00;4425
29/11/2020;A;13:00:00;14427
29/11/2020;B;13:00:00;1987
30/11/2020;A;13:00:00;18519
30/11/2020;B;13:00:00;2442
1/12/2020;A;13:00:00;18469
1/12/2020;B;13:00:00;2565
2/12/2020;A;13:00:00;17086
2/12/2020;B;13:00:00;2151
3/12/2020;A;13:00:00;18840
3/12/2020;B;13:00:00;2716
4/12/2020;A;13:00:00;20554
4/12/2020;B;13:00:00;2813
5/12/2020;A;13:00:00;34768
5/12/2020;B;13:00:00;4646
6/12/2020;A;13:00:00;15297
6/12/2020;B;13:00:00;2309
7/12/2020;A;13:00:00;20404
7/12/2020;B;13:00:00;2843
8/12/2020;A;13:00:00;13019
8/12/2020;B;13:00:00;1939
9/12/2020;A;13:00:00;19744
9/12/2020;B;13:00:00;2783
10/12/2020;A;13:00:00;19985
10/12/2020;B;13:00:00;2876
11/12/2020;A;13:00:00;20362
11/12/2020;B;13:00:00;2872
12/12/2020;A;13:00:00;34680
12/12/2020;B;13:00:00;4462
13/12/2020;A;13:00:00;15364
13/12/2020;B;13:00:00;2176
14/12/2020;A;13:00:00;19199
14/12/2020;B;13:00:00;2689
15/12/2020;A;13:00:00;19491
15/12/2020;B;13:00:00;2765
16/12/2020;A;13:00:00;20418
16/12/2020;B;13:00:00;2777
17/12/2020;A;13:00:00;20172
17/12/2020;B;13:00:00;2800
18/12/2020;A;13:00:00;20882
18/12/2020;B;13:00:00;2807
19/12/2020;A;13:00:00;36264
19/12/2020;B;13:00:00;4566
20/12/2020;A;13:00:00;18609
20/12/2020;B;13:00:00;2610
21/12/2020;A;13:00:00;24064
21/12/2020;B;13:00:00;3356
22/12/2020;A;13:00:00;18929
22/12/2020;B;13:00:00;2585
23/12/2020;A;13:00:00;21382
23/12/2020;B;13:00:00;2624
24/12/2020;A;13:00:00;26784
24/12/2020;B;13:00:00;3366
25/12/2020;A;13:00:00;3794
25/12/2020;B;13:00:00;526
26/12/2020;A;13:00:00;18987
26/12/2020;B;13:00:00;2608
27/12/2020;A;13:00:00;23512
27/12/2020;B;13:00:00;3700
28/12/2020;A;13:00:00;17706
28/12/2020;B;13:00:00;2460
29/12/2020;A;13:00:00;18560
29/12/2020;B;13:00:00;2555
30/12/2020;A;13:00:00;18859
30/12/2020;B;13:00:00;2502
31/12/2020;A;13:00:00;22699
31/12/2020;B;13:00:00;2968
1/01/2021;A;13:00:00;1285
1/01/2021;B;13:00:00;165
2/01/2021;A;13:00:00;4567
2/01/2021;B;13:00:00;512
3/01/2021;A;13:00:00;10787
3/01/2021;B;13:00:00;1659
4/01/2021;A;13:00:00;15754
4/01/2021;B;13:00:00;2256
5/01/2021;A;13:00:00;15709
5/01/2021;B;13:00:00;2256
6/01/2021;A;13:00:00;15216
6/01/2021;B;13:00:00;2209
7/01/2021;A;13:00:00;15390
7/01/2021;B;13:00:00;2244
8/01/2021;A;13:00:00;16001
8/01/2021;B;13:00:00;2296
9/01/2021;A;13:00:00;11904
9/01/2021;B;13:00:00;1201
10/01/2021;A;13:00:00;2787
10/01/2021;B;13:00:00;287
11/01/2021;A;13:00:00;3271
11/01/2021;B;13:00:00;362
12/01/2021;A;13:00:00;17112
12/01/2021;B;13:00:00;2376
13/01/2021;A;13:00:00;16157
13/01/2021;B;13:00:00;2262
14/01/2021;A;13:00:00;15839
14/01/2021;B;13:00:00;2278
15/01/2021;A;13:00:00;16387
15/01/2021;B;13:00:00;2356
16/01/2021;A;13:00:00;17560
16/01/2021;B;13:00:00;1779
17/01/2021;A;13:00:00;3594
17/01/2021;B;13:00:00;404
18/01/2021;A;13:00:00;17878
18/01/2021;B;13:00:00;2404
19/01/2021;A;13:00:00;16792
19/01/2021;B;13:00:00;2391
20/01/2021;A;13:00:00;16717
20/01/2021;B;13:00:00;2252
21/01/2021;A;13:00:00;16454
21/01/2021;B;13:00:00;2229
22/01/2021;A;13:00:00;16832
22/01/2021;B;13:00:00;2243
23/01/2021;A;13:00:00;30122
23/01/2021;B;13:00:00;3804
24/01/2021;A;13:00:00;10382
24/01/2021;B;13:00:00;1544
25/01/2021;A;13:00:00;16615
25/01/2021;B;13:00:00;2261
26/01/2021;A;13:00:00;16509
26/01/2021;B;13:00:00;2293
27/01/2021;A;13:00:00;16111
27/01/2021;B;13:00:00;2200
28/01/2021;A;13:00:00;16503
28/01/2021;B;13:00:00;2296
29/01/2021;A;13:00:00;17454
29/01/2021;B;13:00:00;2398
30/01/2021;A;13:00:00;30852
30/01/2021;B;13:00:00;4221
31/01/2021;A;13:00:00;11527
31/01/2021;B;13:00:00;1984
1/02/2021;A;13:00:00;17238
1/02/2021;B;13:00:00;2463
2/02/2021;A;13:00:00;17026
2/02/2021;B;13:00:00;2437
3/02/2021;A;13:00:00;17039
3/02/2021;B;13:00:00;2382
4/02/2021;A;13:00:00;16857
4/02/2021;B;13:00:00;2296
5/02/2021;A;13:00:00;17076
5/02/2021;B;13:00:00;2463
6/02/2021;A;13:00:00;32432
6/02/2021;B;13:00:00;4327
7/02/2021;A;13:00:00;11881
7/02/2021;B;13:00:00;1925
8/02/2021;A;13:00:00;17192
8/02/2021;B;13:00:00;2403
9/02/2021;A;13:00:00;16946
9/02/2021;B;13:00:00;2348
10/02/2021;A;13:00:00;17133
10/02/2021;B;13:00:00;2395
11/02/2021;A;13:00:00;16942
11/02/2021;B;13:00:00;2383
12/02/2021;A;13:00:00;17845
12/02/2021;B;13:00:00;2573
13/02/2021;A;13:00:00;32286
13/02/2021;B;13:00:00;4292
14/02/2021;A;13:00:00;11795
14/02/2021;B;13:00:00;1991
15/02/2021;A;13:00:00;17848
15/02/2021;B;13:00:00;2533
16/02/2021;A;13:00:00;18102
16/02/2021;B;13:00:00;2576
17/02/2021;A;13:00:00;17836
17/02/2021;B;13:00:00;2606
18/02/2021;A;13:00:00;17635
18/02/2021;B;13:00:00;2553
19/02/2021;A;13:00:00;18312
19/02/2021;B;13:00:00;2659
20/02/2021;A;13:00:00;34069
20/02/2021;B;13:00:00;4350
21/02/2021;A;13:00:00;12253
21/02/2021;B;13:00:00;1985
22/02/2021;A;13:00:00;18310
22/02/2021;B;13:00:00;2476
23/02/2021;A;13:00:00;18362
23/02/2021;B;13:00:00;2627
24/02/2021;A;13:00:00;17781
24/02/2021;B;13:00:00;2497
25/02/2021;A;13:00:00;17625
25/02/2021;B;13:00:00;2544
26/02/2021;A;13:00:00;18743
26/02/2021;B;13:00:00;2570
27/02/2021;A;13:00:00;34356
27/02/2021;B;13:00:00;4669
28/02/2021;A;13:00:00;13694
28/02/2021;B;13:00:00;2300
1/03/2021;A;13:00:00;18918
1/03/2021;B;13:00:00;2707
2/03/2021;A;13:00:00;18247
2/03/2021;B;13:00:00;2687
3/03/2021;A;13:00:00;18556
3/03/2021;B;13:00:00;2653
4/03/2021;A;13:00:00;18662
4/03/2021;B;13:00:00;2610
5/03/2021;A;13:00:00;19181
5/03/2021;B;13:00:00;2748
6/03/2021;A;13:00:00;34832
6/03/2021;B;13:00:00;4824
7/03/2021;A;13:00:00;12734
7/03/2021;B;13:00:00;2189
8/03/2021;A;13:00:00;19099
8/03/2021;B;13:00:00;2595
9/03/2021;A;13:00:00;18370
9/03/2021;B;13:00:00;2655
10/03/2021;A;13:00:00;18580
10/03/2021;B;13:00:00;2669
11/03/2021;A;13:00:00;18155
11/03/2021;B;13:00:00;2662
12/03/2021;A;13:00:00;18565
12/03/2021;B;13:00:00;2833
13/03/2021;A;13:00:00;34726
13/03/2021;B;13:00:00;4857
14/03/2021;A;13:00:00;12570
14/03/2021;B;13:00:00;2171
15/03/2021;A;13:00:00;18976
15/03/2021;B;13:00:00;2856
16/03/2021;A;13:00:00;19275
16/03/2021;B;13:00:00;2876
17/03/2021;A;13:00:00;19083
17/03/2021;B;13:00:00;2873
18/03/2021;A;13:00:00;19327
18/03/2021;B;13:00:00;2915
19/03/2021;A;13:00:00;19914
19/03/2021;B;13:00:00;2986
20/03/2021;A;13:00:00;35384
20/03/2021;B;13:00:00;4626
21/03/2021;A;13:00:00;13209
21/03/2021;B;13:00:00;2465
22/03/2021;A;13:00:00;9103
22/03/2021;B;13:00:00;1762
23/03/2021;A;13:00:00;15374
23/03/2021;B;13:00:00;2719
24/03/2021;A;13:00:00;16008
24/03/2021;B;13:00:00;2728
25/03/2021;A;13:00:00;15368
25/03/2021;B;13:00:00;2605
26/03/2021;A;13:00:00;15987
26/03/2021;B;13:00:00;2616
27/03/2021;A;13:00:00;28668
27/03/2021;B;13:00:00;4318
28/03/2021;A;13:00:00;10323
28/03/2021;B;13:00:00;1889
29/03/2021;A;13:00:00;14885
29/03/2021;B;13:00:00;2342
30/03/2021;A;13:00:00;15354
30/03/2021;B;13:00:00;2497
31/03/2021;A;13:00:00;19327
31/03/2021;B;13:00:00;2740
1/04/2021;A;13:00:00;7918
1/04/2021;B;13:00:00;1439
2/04/2021;A;13:00:00;5536
2/04/2021;B;13:00:00;942
3/04/2021;A;13:00:00;14949
3/04/2021;B;13:00:00;2314
4/04/2021;A;13:00:00;8827
4/04/2021;B;13:00:00;1436
5/04/2021;A;13:00:00;16167
5/04/2021;B;13:00:00;2293
6/04/2021;A;13:00:00;16269
6/04/2021;B;13:00:00;2374
7/04/2021;A;13:00:00;15176
7/04/2021;B;13:00:00;2217
8/04/2021;A;13:00:00;15406
8/04/2021;B;13:00:00;2307
9/04/2021;A;13:00:00;6659
9/04/2021;B;13:00:00;753
10/04/2021;A;13:00:00;12546
10/04/2021;B;13:00:00;1452
11/04/2021;A;13:00:00;3039
11/04/2021;B;13:00:00;413
12/04/2021;A;13:00:00;15440
12/04/2021;B;13:00:00;2233
13/04/2021;A;13:00:00;14562
13/04/2021;B;13:00:00;2157
14/04/2021;A;13:00:00;14350
14/04/2021;B;13:00:00;2281
15/04/2021;A;13:00:00;15196
15/04/2021;B;13:00:00;2263
16/04/2021;A;13:00:00;8210
16/04/2021;B;13:00:00;934
17/04/2021;A;13:00:00;16722
17/04/2021;B;13:00:00;1864
18/04/2021;A;13:00:00;3540
18/04/2021;B;13:00:00;374
19/04/2021;A;13:00:00;15559
19/04/2021;B;13:00:00;2311
20/04/2021;A;13:00:00;14869
20/04/2021;B;13:00:00;2202
21/04/2021;A;13:00:00;14766
21/04/2021;B;13:00:00;2221
22/04/2021;A;13:00:00;15561
22/04/2021;B;13:00:00;2251
23/04/2021;A;13:00:00;8421
23/04/2021;B;13:00:00;1027
24/04/2021;A;13:00:00;18224
24/04/2021;B;13:00:00;1951
25/04/2021;A;13:00:00;3729
25/04/2021;B;13:00:00;449
26/04/2021;A;13:00:00;15285
26/04/2021;B;13:00:00;2244
27/04/2021;A;13:00:00;15116
27/04/2021;B;13:00:00;2104
28/04/2021;A;13:00:00;15551
28/04/2021;B;13:00:00;1514
29/04/2021;A;13:00:00;17102
29/04/2021;B;13:00:00;2467
30/04/2021;A;13:00:00;9491
30/04/2021;B;13:00:00;1209
1/05/2021;A;13:00:00;4269
1/05/2021;B;13:00:00;430
2/05/2021;A;13:00:00;1421
2/05/2021;B;13:00:00;208
3/05/2021;A;13:00:00;21112
3/05/2021;B;13:00:00;3021
4/05/2021;A;13:00:00;15254
4/05/2021;B;13:00:00;2242
5/05/2021;A;13:00:00;21347
5/05/2021;B;13:00:00;2814
6/05/2021;A;13:00:00;14723
6/05/2021;B;13:00:00;2224
7/05/2021;A;13:00:00;14290
7/05/2021;B;13:00:00;2062
8/05/2021;A;13:00:00;19548
8/05/2021;B;13:00:00;2173
9/05/2021;A;13:00:00;4526
9/05/2021;B;13:00:00;641
10/05/2021;A;13:00:00;16031
10/05/2021;B;13:00:00;2364
11/05/2021;A;13:00:00;15563
11/05/2021;B;13:00:00;2368
12/05/2021;A;13:00:00;16047
12/05/2021;B;13:00:00;2444
13/05/2021;A;13:00:00;15739
13/05/2021;B;13:00:00;2274
14/05/2021;A;13:00:00;15914
14/05/2021;B;13:00:00;2426
15/05/2021;A;13:00:00;28996
15/05/2021;B;13:00:00;3746
16/05/2021;A;13:00:00;10019
16/05/2021;B;13:00:00;1840
17/05/2021;A;13:00:00;8731
17/05/2021;B;13:00:00;1510
18/05/2021;A;13:00:00;17739
18/05/2021;B;13:00:00;2569
19/05/2021;A;13:00:00;16763
19/05/2021;B;13:00:00;2415
20/05/2021;A;13:00:00;16524
20/05/2021;B;13:00:00;2489
21/05/2021;A;13:00:00;16687
21/05/2021;B;13:00:00;2530
22/05/2021;A;13:00:00;31297
22/05/2021;B;13:00:00;4208
23/05/2021;A;13:00:00;10210
23/05/2021;B;13:00:00;1760
24/05/2021;A;13:00:00;16454
24/05/2021;B;13:00:00;2467
25/05/2021;A;13:00:00;16434
25/05/2021;B;13:00:00;2509
26/05/2021;A;13:00:00;16874
26/05/2021;B;13:00:00;2561
27/05/2021;A;13:00:00;17903
27/05/2021;B;13:00:00;2504
28/05/2021;A;13:00:00;20025
28/05/2021;B;13:00:00;3228
29/05/2021;A;13:00:00;30657
29/05/2021;B;13:00:00;4059
30/05/2021;A;13:00:00;11128
30/05/2021;B;13:00:00;1914
31/05/2021;A;13:00:00;17740
31/05/2021;B;13:00:00;2738
1/06/2021;A;13:00:00;18688
1/06/2021;B;13:00:00;2941
2/06/2021;A;13:00:00;19359
2/06/2021;B;13:00:00;2432
3/06/2021;A;13:00:00;17328
3/06/2021;B;13:00:00;2595
4/06/2021;A;13:00:00;17946
4/06/2021;B;13:00:00;2691
5/06/2021;A;13:00:00;32571
5/06/2021;B;13:00:00;4397
6/06/2021;A;13:00:00;12110
6/06/2021;B;13:00:00;2035
7/06/2021;A;13:00:00;10327
7/06/2021;B;13:00:00;1696
8/06/2021;A;13:00:00;19033
8/06/2021;B;13:00:00;2710
9/06/2021;A;13:00:00;19631
9/06/2021;B;13:00:00;2891
10/06/2021;A;13:00:00;18356
10/06/2021;B;13:00:00;2585
11/06/2021;A;13:00:00;18163
11/06/2021;B;13:00:00;2634
12/06/2021;A;13:00:00;32138
12/06/2021;B;13:00:00;4350
13/06/2021;A;13:00:00;11024
13/06/2021;B;13:00:00;2025
14/06/2021;A;13:00:00;10573
14/06/2021;B;13:00:00;1854
15/06/2021;A;13:00:00;19015
15/06/2021;B;13:00:00;2738
16/06/2021;A;13:00:00;19706
16/06/2021;B;13:00:00;2732
17/06/2021;A;13:00:00;11557
17/06/2021;B;13:00:00;2134
18/06/2021;A;13:00:00;18699
18/06/2021;B;13:00:00;2692
19/06/2021;A;13:00:00;33815
19/06/2021;B;13:00:00;4892
20/06/2021;A;13:00:00;12791
20/06/2021;B;13:00:00;2369
21/06/2021;A;13:00:00;18162
21/06/2021;B;13:00:00;2831
22/06/2021;A;13:00:00;17871
22/06/2021;B;13:00:00;2688
23/06/2021;A;13:00:00;18292
23/06/2021;B;13:00:00;2900
24/06/2021;A;13:00:00;18163
24/06/2021;B;13:00:00;2868
25/06/2021;A;13:00:00;18532
25/06/2021;B;13:00:00;2926
26/06/2021;A;13:00:00;32583
26/06/2021;B;13:00:00;4457
27/06/2021;A;13:00:00;13355
27/06/2021;B;13:00:00;2269
28/06/2021;A;13:00:00;18066
28/06/2021;B;13:00:00;2482
29/06/2021;A;13:00:00;18633
29/06/2021;B;13:00:00;2917
30/06/2021;A;13:00:00;18890
30/06/2021;B;13:00:00;2746
1/07/2021;A;13:00:00;19817
1/07/2021;B;13:00:00;2762
2/07/2021;A;13:00:00;19378
2/07/2021;B;13:00:00;2861
3/07/2021;A;13:00:00;34118
3/07/2021;B;13:00:00;4910
4/07/2021;A;13:00:00;16967
4/07/2021;B;13:00:00;3040
5/07/2021;A;13:00:00;12943
5/07/2021;B;13:00:00;2194
6/07/2021;A;13:00:00;19677
6/07/2021;B;13:00:00;2850
7/07/2021;A;13:00:00;19567
7/07/2021;B;13:00:00;2943
8/07/2021;A;13:00:00;19459
8/07/2021;B;13:00:00;2849
9/07/2021;A;13:00:00;19616
9/07/2021;B;13:00:00;2829
10/07/2021;A;13:00:00;34057
10/07/2021;B;13:00:00;4840
11/07/2021;A;13:00:00;13172
11/07/2021;B;13:00:00;2310
12/07/2021;A;13:00:00;19167
12/07/2021;B;13:00:00;2802
13/07/2021;A;13:00:00;19005
13/07/2021;B;13:00:00;2821
14/07/2021;A;13:00:00;18557
14/07/2021;B;13:00:00;2738
15/07/2021;A;13:00:00;18702
15/07/2021;B;13:00:00;2693
16/07/2021;A;13:00:00;20146
16/07/2021;B;13:00:00;2904
17/07/2021;A;13:00:00;34194
17/07/2021;B;13:00:00;4899
18/07/2021;A;13:00:00;13474
18/07/2021;B;13:00:00;2483
19/07/2021;A;13:00:00;19324
19/07/2021;B;13:00:00;2920
20/07/2021;A;13:00:00;10847
20/07/2021;B;13:00:00;1714
21/07/2021;A;13:00:00;19809
21/07/2021;B;13:00:00;2964
22/07/2021;A;13:00:00;19575
22/07/2021;B;13:00:00;2899
23/07/2021;A;13:00:00;19353
23/07/2021;B;13:00:00;2959
24/07/2021;A;13:00:00;34005
24/07/2021;B;13:00:00;4651
25/07/2021;A;13:00:00;12807
25/07/2021;B;13:00:00;2302
26/07/2021;A;13:00:00;19104
26/07/2021;B;13:00:00;2946
27/07/2021;A;13:00:00;18696
27/07/2021;B;13:00:00;2734
28/07/2021;A;13:00:00;19619
28/07/2021;B;13:00:00;2994
29/07/2021;A;13:00:00;19678
29/07/2021;B;13:00:00;2872
30/07/2021;A;13:00:00;20597
30/07/2021;B;13:00:00;3002
31/07/2021;A;13:00:00;36084
31/07/2021;B;13:00:00;5050
1/08/2021;A;13:00:00;12696
1/08/2021;B;13:00:00;2401
2/08/2021;A;13:00:00;20345
2/08/2021;B;13:00:00;3068
3/08/2021;A;13:00:00;19928
3/08/2021;B;13:00:00;2573
4/08/2021;A;13:00:00;20011
4/08/2021;B;13:00:00;2968
5/08/2021;A;13:00:00;20171
5/08/2021;B;13:00:00;3006
6/08/2021;A;13:00:00;21542
6/08/2021;B;13:00:00;3335
7/08/2021;A;13:00:00;19089
7/08/2021;B;13:00:00;3097
8/08/2021;A;13:00:00;12844
8/08/2021;B;13:00:00;2364
9/08/2021;A;13:00:00;20453
9/08/2021;B;13:00:00;3060
10/08/2021;A;13:00:00;20797
10/08/2021;B;13:00:00;2976
11/08/2021;A;13:00:00;20357
11/08/2021;B;13:00:00;3029
12/08/2021;A;13:00:00;20427
12/08/2021;B;13:00:00;2989
13/08/2021;A;13:00:00;22064
13/08/2021;B;13:00:00;3235
14/08/2021;A;13:00:00;35871
14/08/2021;B;13:00:00;5025
15/08/2021;A;13:00:00;16436
15/08/2021;B;13:00:00;3009
16/08/2021;A;13:00:00;13220
16/08/2021;B;13:00:00;2360
17/08/2021;A;13:00:00;22493
17/08/2021;B;13:00:00;3359
18/08/2021;A;13:00:00;21651
18/08/2021;B;13:00:00;3259
19/08/2021;A;13:00:00;21275
19/08/2021;B;13:00:00;3231
20/08/2021;A;13:00:00;22032
20/08/2021;B;13:00:00;3318
21/08/2021;A;13:00:00;38676
21/08/2021;B;13:00:00;5809
22/08/2021;A;13:00:00;14745
22/08/2021;B;13:00:00;2686
23/08/2021;A;13:00:00;21020
23/08/2021;B;13:00:00;3146
24/08/2021;A;13:00:00;22138
24/08/2021;B;13:00:00;3148
25/08/2021;A;13:00:00;19794
25/08/2021;B;13:00:00;2998
26/08/2021;A;13:00:00;22639
26/08/2021;B;13:00:00;3304
27/08/2021;A;13:00:00;22836
27/08/2021;B;13:00:00;3354
28/08/2021;A;13:00:00;37759
28/08/2021;B;13:00:00;5477
29/08/2021;A;13:00:00;14717
29/08/2021;B;13:00:00;2572
30/08/2021;A;13:00:00;21509
30/08/2021;B;13:00:00;3121
31/08/2021;A;13:00:00;22062
31/08/2021;B;13:00:00;3295
1/09/2021;A;13:00:00;22197
1/09/2021;B;13:00:00;3396
2/09/2021;A;13:00:00;22699
2/09/2021;B;13:00:00;3249
3/09/2021;A;13:00:00;22869
3/09/2021;B;13:00:00;3360
4/09/2021;A;13:00:00;38466
4/09/2021;B;13:00:00;5594
5/09/2021;A;13:00:00;15251
5/09/2021;B;13:00:00;2767
6/09/2021;A;13:00:00;22806
6/09/2021;B;13:00:00;3392
7/09/2021;A;13:00:00;21946
7/09/2021;B;13:00:00;3361
8/09/2021;A;13:00:00;20304
8/09/2021;B;13:00:00;2937
9/09/2021;A;13:00:00;22352
9/09/2021;B;13:00:00;3330
10/09/2021;A;13:00:00;23100
10/09/2021;B;13:00:00;3235
11/09/2021;A;13:00:00;39047
11/09/2021;B;13:00:00;5566
12/09/2021;A;13:00:00;14913
12/09/2021;B;13:00:00;2678
13/09/2021;A;13:00:00;21584
13/09/2021;B;13:00:00;3118
14/09/2021;A;13:00:00;22249
14/09/2021;B;13:00:00;3181
15/09/2021;A;13:00:00;22594
15/09/2021;B;13:00:00;3314
16/09/2021;A;13:00:00;22636
16/09/2021;B;13:00:00;3193
17/09/2021;A;13:00:00;24187
17/09/2021;B;13:00:00;3496
18/09/2021;A;13:00:00;37640
18/09/2021;B;13:00:00;5582
19/09/2021;A;13:00:00;14488
19/09/2021;B;13:00:00;2565
20/09/2021;A;13:00:00;21829
20/09/2021;B;13:00:00;3127
21/09/2021;A;13:00:00;22418
21/09/2021;B;13:00:00;3213
22/09/2021;A;13:00:00;21662
22/09/2021;B;13:00:00;3303
23/09/2021;A;13:00:00;22691
23/09/2021;B;13:00:00;3418
24/09/2021;A;13:00:00;23585
24/09/2021;B;13:00:00;3404
25/09/2021;A;13:00:00;39077
25/09/2021;B;13:00:00;5934
26/09/2021;A;13:00:00;15208
26/09/2021;B;13:00:00;2792
27/09/2021;A;13:00:00;22130
27/09/2021;B;13:00:00;3208
28/09/2021;A;13:00:00;22267
28/09/2021;B;13:00:00;3151
29/09/2021;A;13:00:00;21566
29/09/2021;B;13:00:00;3388
30/09/2021;A;13:00:00;22624
30/09/2021;B;13:00:00;3283
1/10/2021;A;13:00:00;24692
1/10/2021;B;13:00:00;3580
2/10/2021;A;13:00:00;39716
2/10/2021;B;13:00:00;5784
3/10/2021;A;13:00:00;16272
3/10/2021;B;13:00:00;2828
4/10/2021;A;13:00:00;22791
4/10/2021;B;13:00:00;3348
5/10/2021;A;13:00:00;22908
5/10/2021;B;13:00:00;3286
6/10/2021;A;13:00:00;22834
6/10/2021;B;13:00:00;3424
7/10/2021;A;13:00:00;23068
7/10/2021;B;13:00:00;3456
8/10/2021;A;13:00:00;23589
8/10/2021;B;13:00:00;3528
9/10/2021;A;13:00:00;39523
9/10/2021;B;13:00:00;5789
10/10/2021;A;13:00:00;15548
10/10/2021;B;13:00:00;2669
11/10/2021;A;13:00:00;22821
11/10/2021;B;13:00:00;3473
12/10/2021;A;13:00:00;23120
12/10/2021;B;13:00:00;3527
13/10/2021;A;13:00:00;22946
13/10/2021;B;13:00:00;3416
14/10/2021;A;13:00:00;23411
14/10/2021;B;13:00:00;3514
15/10/2021;A;13:00:00;23540
15/10/2021;B;13:00:00;3695
16/10/2021;A;13:00:00;38888
16/10/2021;B;13:00:00;5919
17/10/2021;A;13:00:00;16518
17/10/2021;B;13:00:00;3007
18/10/2021;A;13:00:00;14290
18/10/2021;B;13:00:00;2265
19/10/2021;A;13:00:00;23734
19/10/2021;B;13:00:00;3458
20/10/2021;A;13:00:00;23784
20/10/2021;B;13:00:00;3516
21/10/2021;A;13:00:00;23750
21/10/2021;B;13:00:00;3460
22/10/2021;A;13:00:00;24198
22/10/2021;B;13:00:00;3679
23/10/2021;A;13:00:00;40066
23/10/2021;B;13:00:00;5881
24/10/2021;A;13:00:00;15810
24/10/2021;B;13:00:00;2972
25/10/2021;A;13:00:00;22779
25/10/2021;B;13:00:00;3662
26/10/2021;A;13:00:00;23593
26/10/2021;B;13:00:00;3553
27/10/2021;A;13:00:00;23503
27/10/2021;B;13:00:00;3508
28/10/2021;A;13:00:00;25236
28/10/2021;B;13:00:00;3557
29/10/2021;A;13:00:00;24880
29/10/2021;B;13:00:00;3634
30/10/2021;A;13:00:00;41033
30/10/2021;B;13:00:00;6739
31/10/2021;A;13:00:00;17141
31/10/2021;B;13:00:00;3071
1/11/2021;A;13:00:00;13512
1/11/2021;B;13:00:00;2243
2/11/2021;A;13:00:00;22458
2/11/2021;B;13:00:00;3478
3/11/2021;A;13:00:00;25212
3/11/2021;B;13:00:00;3486
4/11/2021;A;13:00:00;24680
4/11/2021;B;13:00:00;3572
5/11/2021;A;13:00:00;24713
5/11/2021;B;13:00:00;3765
6/11/2021;A;13:00:00;42002
6/11/2021;B;13:00:00;6234
7/11/2021;A;13:00:00;16459
7/11/2021;B;13:00:00;2914
8/11/2021;A;13:00:00;23581
8/11/2021;B;13:00:00;3666
9/11/2021;A;13:00:00;24441
9/11/2021;B;13:00:00;3512
10/11/2021;A;13:00:00;24414
10/11/2021;B;13:00:00;3722
11/11/2021;A;13:00:00;24350
11/11/2021;B;13:00:00;3484
12/11/2021;A;13:00:00;25188
12/11/2021;B;13:00:00;3575
13/11/2021;A;13:00:00;41247
13/11/2021;B;13:00:00;6288
14/11/2021;A;13:00:00;18642
14/11/2021;B;13:00:00;3518
15/11/2021;A;13:00:00;14406
15/11/2021;B;13:00:00;2457
16/11/2021;A;13:00:00;25486
16/11/2021;B;13:00:00;3572
17/11/2021;A;13:00:00;24640
17/11/2021;B;13:00:00;3577
18/11/2021;A;13:00:00;24266
18/11/2021;B;13:00:00;3705
19/11/2021;A;13:00:00;26615
19/11/2021;B;13:00:00;3932
20/11/2021;A;13:00:00;41200
20/11/2021;B;13:00:00;6185
21/11/2021;A;13:00:00;19346
21/11/2021;B;13:00:00;3009
22/11/2021;A;13:00:00;23351
22/11/2021;B;13:00:00;3552
23/11/2021;A;13:00:00;23844
23/11/2021;B;13:00:00;3582
24/11/2021;A;13:00:00;24703
24/11/2021;B;13:00:00;3882
25/11/2021;A;13:00:00;24307
25/11/2021;B;13:00:00;3746
26/11/2021;A;13:00:00;25918
26/11/2021;B;13:00:00;4053
27/11/2021;A;13:00:00;41360
27/11/2021;B;13:00:00;6279
28/11/2021;A;13:00:00;17184
28/11/2021;B;13:00:00;3063
29/11/2021;A;13:00:00;24759
29/11/2021;B;13:00:00;3625
30/11/2021;A;13:00:00;26761
30/11/2021;B;13:00:00;4005
1/12/2021;A;13:00:00;25927
1/12/2021;B;13:00:00;3794
2/12/2021;A;13:00:00;26091
2/12/2021;B;13:00:00;3707
3/12/2021;A;13:00:00;30004
3/12/2021;B;13:00:00;4398
4/12/2021;A;13:00:00;42951
4/12/2021;B;13:00:00;6715
5/12/2021;A;13:00:00;19668
5/12/2021;B;13:00:00;3682
6/12/2021;A;13:00:00;26516
6/12/2021;B;13:00:00;3898
7/12/2021;A;13:00:00;27412
7/12/2021;B;13:00:00;4128
8/12/2021;A;13:00:00;16384
8/12/2021;B;13:00:00;2857
9/12/2021;A;13:00:00;26121
9/12/2021;B;13:00:00;3825
10/12/2021;A;13:00:00;27061
10/12/2021;B;13:00:00;4117
11/12/2021;A;13:00:00;42791
11/12/2021;B;13:00:00;6447
12/12/2021;A;13:00:00;20605
12/12/2021;B;13:00:00;3542
13/12/2021;A;13:00:00;28334
13/12/2021;B;13:00:00;4053
14/12/2021;A;13:00:00;27063
14/12/2021;B;13:00:00;3989
15/12/2021;A;13:00:00;26031
15/12/2021;B;13:00:00;3873
16/12/2021;A;13:00:00;26972
16/12/2021;B;13:00:00;4019
17/12/2021;A;13:00:00;24715
17/12/2021;B;13:00:00;3688
18/12/2021;A;13:00:00;44047
18/12/2021;B;13:00:00;6451
19/12/2021;A;13:00:00;23457
19/12/2021;B;13:00:00;3754
20/12/2021;A;13:00:00;28092
20/12/2021;B;13:00:00;3988
21/12/2021;A;13:00:00;29523
21/12/2021;B;13:00:00;4162
22/12/2021;A;13:00:00;30097
22/12/2021;B;13:00:00;4226
23/12/2021;A;13:00:00;30783
23/12/2021;B;13:00:00;4187
24/12/2021;A;13:00:00;36159
24/12/2021;B;13:00:00;4974
25/12/2021;A;13:00:00;9613
25/12/2021;B;13:00:00;1583
26/12/2021;A;13:00:00;15109
26/12/2021;B;13:00:00;2474
27/12/2021;A;13:00:00;23535
27/12/2021;B;13:00:00;3521
28/12/2021;A;13:00:00;24033
28/12/2021;B;13:00:00;3640
29/12/2021;A;13:00:00;24122
29/12/2021;B;13:00:00;3396
30/12/2021;A;13:00:00;25706
30/12/2021;B;13:00:00;3768
31/12/2021;A;13:00:00;26921
31/12/2021;B;13:00:00;3950
1/01/2022;A;13:00:00;8318
1/01/2022;B;13:00:00;1451
2/01/2022;A;13:00:00;13363
2/01/2022;B;13:00:00;2219
3/01/2022;A;13:00:00;20368
3/01/2022;B;13:00:00;3270
4/01/2022;A;13:00:00;20221
4/01/2022;B;13:00:00;3261
5/01/2022;A;13:00:00;20321
5/01/2022;B;13:00:00;3127
6/01/2022;A;13:00:00;20190
6/01/2022;B;13:00:00;3327
7/01/2022;A;13:00:00;21436
7/01/2022;B;13:00:00;3528
8/01/2022;A;13:00:00;30421
8/01/2022;B;13:00:00;4433
9/01/2022;A;13:00:00;13764
9/01/2022;B;13:00:00;2651
10/01/2022;A;13:00:00;12006
10/01/2022;B;13:00:00;2264
11/01/2022;A;13:00:00;23192
11/01/2022;B;13:00:00;3532
12/01/2022;A;13:00:00;21682
12/01/2022;B;13:00:00;3391
13/01/2022;A;13:00:00;21483
13/01/2022;B;13:00:00;3296
14/01/2022;A;13:00:00;22163
14/01/2022;B;13:00:00;3277
15/01/2022;A;13:00:00;35449
15/01/2022;B;13:00:00;5007
16/01/2022;A;13:00:00;14760
16/01/2022;B;13:00:00;2780
17/01/2022;A;13:00:00;23741
17/01/2022;B;13:00:00;3640
18/01/2022;A;13:00:00;23385
18/01/2022;B;13:00:00;3623
19/01/2022;A;13:00:00;23122
19/01/2022;B;13:00:00;3554
20/01/2022;A;13:00:00;23178
20/01/2022;B;13:00:00;3546
21/01/2022;A;13:00:00;24130
21/01/2022;B;13:00:00;3613
22/01/2022;A;13:00:00;37517
22/01/2022;B;13:00:00;5506
23/01/2022;A;13:00:00;15268
23/01/2022;B;13:00:00;2519
24/01/2022;A;13:00:00;23280
24/01/2022;B;13:00:00;3449
25/01/2022;A;13:00:00;23873
25/01/2022;B;13:00:00;3727
26/01/2022;A;13:00:00;23994
26/01/2022;B;13:00:00;3735
27/01/2022;A;13:00:00;23672
27/01/2022;B;13:00:00;3474
28/01/2022;A;13:00:00;24999
28/01/2022;B;13:00:00;3628
29/01/2022;A;13:00:00;38813
29/01/2022;B;13:00:00;5418
30/01/2022;A;13:00:00;16445
30/01/2022;B;13:00:00;2772
31/01/2022;A;13:00:00;24670
31/01/2022;B;13:00:00;3708
1/02/2022;A;13:00:00;25429
1/02/2022;B;13:00:00;3837
2/02/2022;A;13:00:00;25633
2/02/2022;B;13:00:00;3951
3/02/2022;A;13:00:00;24849
3/02/2022;B;13:00:00;3817
4/02/2022;A;13:00:00;25763
4/02/2022;B;13:00:00;3972
5/02/2022;A;13:00:00;40837
5/02/2022;B;13:00:00;5850
6/02/2022;A;13:00:00;15876
6/02/2022;B;13:00:00;3018
7/02/2022;A;13:00:00;25770
7/02/2022;B;13:00:00;4015
8/02/2022;A;13:00:00;25809
8/02/2022;B;13:00:00;4082
9/02/2022;A;13:00:00;25169
9/02/2022;B;13:00:00;4227
10/02/2022;A;13:00:00;26110
10/02/2022;B;13:00:00;4070
11/02/2022;A;13:00:00;26716
11/02/2022;B;13:00:00;4162
12/02/2022;A;13:00:00;40403
12/02/2022;B;13:00:00;5939
13/02/2022;A;13:00:00;15570
13/02/2022;B;13:00:00;2860
14/02/2022;A;13:00:00;25544
14/02/2022;B;13:00:00;3985
15/02/2022;A;13:00:00;26360
15/02/2022;B;13:00:00;4210
16/02/2022;A;13:00:00;26771
16/02/2022;B;13:00:00;4023
17/02/2022;A;13:00:00;27077
17/02/2022;B;13:00:00;4111
18/02/2022;A;13:00:00;26804
18/02/2022;B;13:00:00;4129
19/02/2022;A;13:00:00;42354
19/02/2022;B;13:00:00;6204
20/02/2022;A;13:00:00;16812
20/02/2022;B;13:00:00;3039
21/02/2022;A;13:00:00;26632
21/02/2022;B;13:00:00;4210
22/02/2022;A;13:00:00;26878
22/02/2022;B;13:00:00;4206
23/02/2022;A;13:00:00;26102
23/02/2022;B;13:00:00;4094
24/02/2022;A;13:00:00;26186
24/02/2022;B;13:00:00;4184
25/02/2022;A;13:00:00;27101
25/02/2022;B;13:00:00;4219
26/02/2022;A;13:00:00;42011
26/02/2022;B;13:00:00;5851
27/02/2022;A;13:00:00;16026
27/02/2022;B;13:00:00;2874
28/02/2022;A;13:00:00;26663
28/02/2022;B;13:00:00;4162
1/03/2022;A;13:00:00;27704
1/03/2022;B;13:00:00;4363
2/03/2022;A;13:00:00;27777
2/03/2022;B;13:00:00;4080
3/03/2022;A;13:00:00;27865
3/03/2022;B;13:00:00;4247
4/03/2022;A;13:00:00;28067
4/03/2022;B;13:00:00;4527
5/03/2022;A;13:00:00;42243
5/03/2022;B;13:00:00;6193
6/03/2022;A;13:00:00;12958
6/03/2022;B;13:00:00;2448
7/03/2022;A;13:00:00;27093
7/03/2022;B;13:00:00;4422
8/03/2022;A;13:00:00;27570
8/03/2022;B;13:00:00;4493
9/03/2022;A;13:00:00;26129
9/03/2022;B;13:00:00;4216
10/03/2022;A;13:00:00;26572
10/03/2022;B;13:00:00;4185
11/03/2022;A;13:00:00;28164
11/03/2022;B;13:00:00;4422
12/03/2022;A;13:00:00;40940
12/03/2022;B;13:00:00;6040
13/03/2022;A;13:00:00;399
13/03/2022;B;13:00:00;41
14/03/2022;A;13:00:00;27039
14/03/2022;B;13:00:00;3989
15/03/2022;A;13:00:00;27500
15/03/2022;B;13:00:00;4360
16/03/2022;A;13:00:00;27638
16/03/2022;B;13:00:00;4479
17/03/2022;A;13:00:00;27367
17/03/2022;B;13:00:00;4404
18/03/2022;A;13:00:00;28759
18/03/2022;B;13:00:00;4672
19/03/2022;A;13:00:00;40916
19/03/2022;B;13:00:00;6020
20/03/2022;A;13:00:00;17615
20/03/2022;B;13:00:00;3580
21/03/2022;A;13:00:00;14202
21/03/2022;B;13:00:00;2427
22/03/2022;A;13:00:00;27808
22/03/2022;B;13:00:00;4539
23/03/2022;A;13:00:00;27977
23/03/2022;B;13:00:00;4756
24/03/2022;A;13:00:00;27378
24/03/2022;B;13:00:00;4326
25/03/2022;A;13:00:00;27210
25/03/2022;B;13:00:00;4425
26/03/2022;A;13:00:00;42046
26/03/2022;B;13:00:00;6349
27/03/2022;A;13:00:00;15097
27/03/2022;B;13:00:00;2865
28/03/2022;A;13:00:00;26774
28/03/2022;B;13:00:00;4140
29/03/2022;A;13:00:00;27501
29/03/2022;B;13:00:00;4217
30/03/2022;A;13:00:00;28516
30/03/2022;B;13:00:00;4729
31/03/2022;A;13:00:00;26949
31/03/2022;B;13:00:00;4285
1/04/2022;A;13:00:00;28899
1/04/2022;B;13:00:00;4595
2/04/2022;A;13:00:00;45069
2/04/2022;B;13:00:00;6502
3/04/2022;A;13:00:00;16356
3/04/2022;B;13:00:00;3282
4/04/2022;A;13:00:00;27619
4/04/2022;B;13:00:00;4358
5/04/2022;A;13:00:00;28298
5/04/2022;B;13:00:00;4462
6/04/2022;A;13:00:00;28252
6/04/2022;B;13:00:00;4559
7/04/2022;A;13:00:00;29252
7/04/2022;B;13:00:00;4830
8/04/2022;A;13:00:00;28703
8/04/2022;B;13:00:00;4577
9/04/2022;A;13:00:00;42795
9/04/2022;B;13:00:00;6225
10/04/2022;A;13:00:00;17389
10/04/2022;B;13:00:00;3254
11/04/2022;A;13:00:00;23774
11/04/2022;B;13:00:00;3841
12/04/2022;A;13:00:00;24405
12/04/2022;B;13:00:00;4027
13/04/2022;A;13:00:00;29565
13/04/2022;B;13:00:00;4496
14/04/2022;A;13:00:00;15058
14/04/2022;B;13:00:00;2989
15/04/2022;A;13:00:00;11721
15/04/2022;B;13:00:00;2813
16/04/2022;A;13:00:00;22893
16/04/2022;B;13:00:00;3831
17/04/2022;A;13:00:00;15226
17/04/2022;B;13:00:00;2489
18/04/2022;A;13:00:00;27929
18/04/2022;B;13:00:00;4062
19/04/2022;A;13:00:00;28300
19/04/2022;B;13:00:00;4593
20/04/2022;A;13:00:00;27864
20/04/2022;B;13:00:00;4536
21/04/2022;A;13:00:00;27988
21/04/2022;B;13:00:00;4359
22/04/2022;A;13:00:00;28189
22/04/2022;B;13:00:00;4589
23/04/2022;A;13:00:00;43336
23/04/2022;B;13:00:00;6446
24/04/2022;A;13:00:00;17070
24/04/2022;B;13:00:00;3154
25/04/2022;A;13:00:00;27414
25/04/2022;B;13:00:00;4208
26/04/2022;A;13:00:00;26217
26/04/2022;B;13:00:00;4209
27/04/2022;A;13:00:00;28250
27/04/2022;B;13:00:00;4529
28/04/2022;A;13:00:00;28121
28/04/2022;B;13:00:00;4033
29/04/2022;A;13:00:00;29592
29/04/2022;B;13:00:00;4712
30/04/2022;A;13:00:00;45698
30/04/2022;B;13:00:00;6808
1/05/2022;A;13:00:00;16861
1/05/2022;B;13:00:00;3323
2/05/2022;A;13:00:00;27772
2/05/2022;B;13:00:00;4253
3/05/2022;A;13:00:00;28005
3/05/2022;B;13:00:00;4302
4/05/2022;A;13:00:00;27729
4/05/2022;B;13:00:00;4429
5/05/2022;A;13:00:00;28077
5/05/2022;B;13:00:00;4432
6/05/2022;A;13:00:00;28100
6/05/2022;B;13:00:00;4486
7/05/2022;A;13:00:00;45680
7/05/2022;B;13:00:00;6334
8/05/2022;A;13:00:00;17033
8/05/2022;B;13:00:00;3096
9/05/2022;A;13:00:00;25973
9/05/2022;B;13:00:00;4524
10/05/2022;A;13:00:00;30349
10/05/2022;B;13:00:00;4824
11/05/2022;A;13:00:00;26213
11/05/2022;B;13:00:00;3990
12/05/2022;A;13:00:00;28005
12/05/2022;B;13:00:00;4422
13/05/2022;A;13:00:00;27604
13/05/2022;B;13:00:00;4467
14/05/2022;A;13:00:00;43568
14/05/2022;B;13:00:00;6447
15/05/2022;A;13:00:00;17393
15/05/2022;B;13:00:00;3244
16/05/2022;A;13:00:00;27590
16/05/2022;B;13:00:00;4375
17/05/2022;A;13:00:00;27308
17/05/2022;B;13:00:00;4391
18/05/2022;A;13:00:00;27651
18/05/2022;B;13:00:00;4519
19/05/2022;A;13:00:00;27863
19/05/2022;B;13:00:00;4288
20/05/2022;A;13:00:00;28869
20/05/2022;B;13:00:00;4518
21/05/2022;A;13:00:00;44111
21/05/2022;B;13:00:00;6437
22/05/2022;A;13:00:00;17278
22/05/2022;B;13:00:00;3292
23/05/2022;A;13:00:00;28836
23/05/2022;B;13:00:00;4313
24/05/2022;A;13:00:00;27860
24/05/2022;B;13:00:00;4278
25/05/2022;A;13:00:00;27736
25/05/2022;B;13:00:00;4303
26/05/2022;A;13:00:00;27749
26/05/2022;B;13:00:00;4252
27/05/2022;A;13:00:00;27519
27/05/2022;B;13:00:00;4355
28/05/2022;A;13:00:00;43209
28/05/2022;B;13:00:00;6404
29/05/2022;A;13:00:00;244
29/05/2022;B;13:00:00;77
30/05/2022;A;13:00:00;13191
30/05/2022;B;13:00:00;2436
31/05/2022;A;13:00:00;28062
31/05/2022;B;13:00:00;4194
1/06/2022;A;13:00:00;27736
1/06/2022;B;13:00:00;4149
2/06/2022;A;13:00:00;28229
2/06/2022;B;13:00:00;4086
3/06/2022;A;13:00:00;27702
3/06/2022;B;13:00:00;4549
4/06/2022;A;13:00:00;43507
4/06/2022;B;13:00:00;6265
5/06/2022;A;13:00:00;15792
5/06/2022;B;13:00:00;2738
6/06/2022;A;13:00:00;26737
6/06/2022;B;13:00:00;4083
7/06/2022;A;13:00:00;27504
7/06/2022;B;13:00:00;3985
8/06/2022;A;13:00:00;27110
8/06/2022;B;13:00:00;4247
9/06/2022;A;13:00:00;27145
9/06/2022;B;13:00:00;4583
10/06/2022;A;13:00:00;28204
10/06/2022;B;13:00:00;4312
11/06/2022;A;13:00:00;42275
11/06/2022;B;13:00:00;6073
12/06/2022;A;13:00:00;16633
12/06/2022;B;13:00:00;3051
13/06/2022;A;13:00:00;26591
13/06/2022;B;13:00:00;4129
14/06/2022;A;13:00:00;26738
14/06/2022;B;13:00:00;4239
15/06/2022;A;13:00:00;27052
15/06/2022;B;13:00:00;4237
16/06/2022;A;13:00:00;22171
16/06/2022;B;13:00:00;4044
17/06/2022;A;13:00:00;21779
17/06/2022;B;13:00:00;4170
18/06/2022;A;13:00:00;33146
18/06/2022;B;13:00:00;5784
19/06/2022;A;13:00:00;218
19/06/2022;B;13:00:00;15
20/06/2022;A;13:00:00;10875
20/06/2022;B;13:00:00;2401
21/06/2022;A;13:00:00;21888
21/06/2022;B;13:00:00;4237
22/06/2022;A;13:00:00;26730
22/06/2022;B;13:00:00;4488
23/06/2022;A;13:00:00;26459
23/06/2022;B;13:00:00;4478
24/06/2022;A;13:00:00;28044
24/06/2022;B;13:00:00;4266
25/06/2022;A;13:00:00;40929
25/06/2022;B;13:00:00;6202
26/06/2022;A;13:00:00;17434
26/06/2022;B;13:00:00;3148
27/06/2022;A;13:00:00;14623
27/06/2022;B;13:00:00;2777
28/06/2022;A;13:00:00;26161
28/06/2022;B;13:00:00;4159
29/06/2022;A;13:00:00;26868
29/06/2022;B;13:00:00;4283
30/06/2022;A;13:00:00;28556
30/06/2022;B;13:00:00;4319
1/07/2022;A;13:00:00;28966
1/07/2022;B;13:00:00;4505
2/07/2022;A;13:00:00;42973
2/07/2022;B;13:00:00;6353
3/07/2022;A;13:00:00;26747
3/07/2022;B;13:00:00;5048
4/07/2022;A;13:00:00;15897
4/07/2022;B;13:00:00;2948
5/07/2022;A;13:00:00;27986
5/07/2022;B;13:00:00;4080
6/07/2022;A;13:00:00;27114
6/07/2022;B;13:00:00;4159
7/07/2022;A;13:00:00;26641
7/07/2022;B;13:00:00;4065
8/07/2022;A;13:00:00;27740
8/07/2022;B;13:00:00;3962
9/07/2022;A;13:00:00;42466
9/07/2022;B;13:00:00;6369
10/07/2022;A;13:00:00;17191
10/07/2022;B;13:00:00;3179
11/07/2022;A;13:00:00;25345
11/07/2022;B;13:00:00;3943
12/07/2022;A;13:00:00;25711
12/07/2022;B;13:00:00;3916
13/07/2022;A;13:00:00;26239
13/07/2022;B;13:00:00;4006
14/07/2022;A;13:00:00;26381
14/07/2022;B;13:00:00;4920
15/07/2022;A;13:00:00;27737
15/07/2022;B;13:00:00;4114
16/07/2022;A;13:00:00;43654
16/07/2022;B;13:00:00;6345
17/07/2022;A;13:00:00;17723
17/07/2022;B;13:00:00;3275
18/07/2022;A;13:00:00;26640
18/07/2022;B;13:00:00;3929
19/07/2022;A;13:00:00;27476
19/07/2022;B;13:00:00;4209
20/07/2022;A;13:00:00;16943
20/07/2022;B;13:00:00;3158
21/07/2022;A;13:00:00;26398
21/07/2022;B;13:00:00;3968
22/07/2022;A;13:00:00;27285
22/07/2022;B;13:00:00;4038
23/07/2022;A;13:00:00;38881
23/07/2022;B;13:00:00;5679
24/07/2022;A;13:00:00;14904
24/07/2022;B;13:00:00;2704
25/07/2022;A;13:00:00;26146
25/07/2022;B;13:00:00;3903
26/07/2022;A;13:00:00;25987
26/07/2022;B;13:00:00;4088
27/07/2022;A;13:00:00;25811
27/07/2022;B;13:00:00;4162
28/07/2022;A;13:00:00;26858
28/07/2022;B;13:00:00;4346
29/07/2022;A;13:00:00;27873
29/07/2022;B;13:00:00;4350
30/07/2022;A;13:00:00;43179
30/07/2022;B;13:00:00;6558
31/07/2022;A;13:00:00;17130
31/07/2022;B;13:00:00;3058
1/08/2022;A;13:00:00;26888
1/08/2022;B;13:00:00;4467
2/08/2022;A;13:00:00;27254
2/08/2022;B;13:00:00;4300
3/08/2022;A;13:00:00;27750
3/08/2022;B;13:00:00;4265
4/08/2022;A;13:00:00;26973
4/08/2022;B;13:00:00;4431
5/08/2022;A;13:00:00;28032
5/08/2022;B;13:00:00;4605
6/08/2022;A;13:00:00;43229
6/08/2022;B;13:00:00;6226
7/08/2022;A;13:00:00;17255
7/08/2022;B;13:00:00;3081
8/08/2022;A;13:00:00;27212
8/08/2022;B;13:00:00;4423
9/08/2022;A;13:00:00;27932
9/08/2022;B;13:00:00;4561
10/08/2022;A;13:00:00;27523
10/08/2022;B;13:00:00;4604
11/08/2022;A;13:00:00;27664
11/08/2022;B;13:00:00;4543
12/08/2022;A;13:00:00;29428
12/08/2022;B;13:00:00;4779
13/08/2022;A;13:00:00;55093
13/08/2022;B;13:00:00;7660
14/08/2022;A;13:00:00;23021
14/08/2022;B;13:00:00;4505
15/08/2022;A;13:00:00;21318
15/08/2022;B;13:00:00;3399
16/08/2022;A;13:00:00;30183
16/08/2022;B;13:00:00;5445
17/08/2022;A;13:00:00;29030
17/08/2022;B;13:00:00;4755
18/08/2022;A;13:00:00;29261
18/08/2022;B;13:00:00;4788
19/08/2022;A;13:00:00;29194
19/08/2022;B;13:00:00;4835
20/08/2022;A;13:00:00;44920
20/08/2022;B;13:00:00;6688
21/08/2022;A;13:00:00;15819
21/08/2022;B;13:00:00;3114
22/08/2022;A;13:00:00;28797
22/08/2022;B;13:00:00;4671
23/08/2022;A;13:00:00;29397
23/08/2022;B;13:00:00;4893
24/08/2022;A;13:00:00;28033
24/08/2022;B;13:00:00;4873
25/08/2022;A;13:00:00;29511
25/08/2022;B;13:00:00;4798
26/08/2022;A;13:00:00;29837
26/08/2022;B;13:00:00;4929
27/08/2022;A;13:00:00;44831
27/08/2022;B;13:00:00;6657
28/08/2022;A;13:00:00;16984
28/08/2022;B;13:00:00;3161
29/08/2022;A;13:00:00;27655
29/08/2022;B;13:00:00;4358
30/08/2022;A;13:00:00;28354
30/08/2022;B;13:00:00;4439
31/08/2022;A;13:00:00;29089
31/08/2022;B;13:00:00;4736
1/09/2022;A;13:00:00;29568
1/09/2022;B;13:00:00;4655
2/09/2022;A;13:00:00;30707
2/09/2022;B;13:00:00;4874
3/09/2022;A;13:00:00;46123
3/09/2022;B;13:00:00;6861
4/09/2022;A;13:00:00;17074
4/09/2022;B;13:00:00;3070
5/09/2022;A;13:00:00;28508
5/09/2022;B;13:00:00;4656
6/09/2022;A;13:00:00;29186
6/09/2022;B;13:00:00;4592
7/09/2022;A;13:00:00;28383
7/09/2022;B;13:00:00;4732
8/09/2022;A;13:00:00;30375
8/09/2022;B;13:00:00;5388
9/09/2022;A;13:00:00;29576
9/09/2022;B;13:00:00;4921
10/09/2022;A;13:00:00;45651
10/09/2022;B;13:00:00;6896
11/09/2022;A;13:00:00;17888
11/09/2022;B;13:00:00;3278
12/09/2022;A;13:00:00;28462
12/09/2022;B;13:00:00;4412
13/09/2022;A;13:00:00;29127
13/09/2022;B;13:00:00;4614
14/09/2022;A;13:00:00;27700
14/09/2022;B;13:00:00;4526
15/09/2022;A;13:00:00;29378
15/09/2022;B;13:00:00;4559
16/09/2022;A;13:00:00;30310
16/09/2022;B;13:00:00;4916
17/09/2022;A;13:00:00;46623
17/09/2022;B;13:00:00;6919
18/09/2022;A;13:00:00;17883
18/09/2022;B;13:00:00;3407
19/09/2022;A;13:00:00;27368
19/09/2022;B;13:00:00;4393
20/09/2022;A;13:00:00;28373
20/09/2022;B;13:00:00;4587
21/09/2022;A;13:00:00;28598
21/09/2022;B;13:00:00;4716
22/09/2022;A;13:00:00;26991
22/09/2022;B;13:00:00;4209
23/09/2022;A;13:00:00;30116
23/09/2022;B;13:00:00;4769
24/09/2022;A;13:00:00;47697
24/09/2022;B;13:00:00;7258
25/09/2022;A;13:00:00;19022
25/09/2022;B;13:00:00;4719
26/09/2022;A;13:00:00;28193
26/09/2022;B;13:00:00;4457
27/09/2022;A;13:00:00;28046
27/09/2022;B;13:00:00;4471
28/09/2022;A;13:00:00;27889
28/09/2022;B;13:00:00;4570
29/09/2022;A;13:00:00;28889
29/09/2022;B;13:00:00;4414
30/09/2022;A;13:00:00;29622
30/09/2022;B;13:00:00;4628
1/10/2022;A;13:00:00;44971
1/10/2022;B;13:00:00;6488
2/10/2022;A;13:00:00;17789
2/10/2022;B;13:00:00;3188
3/10/2022;A;13:00:00;27980
3/10/2022;B;13:00:00;4374
4/10/2022;A;13:00:00;28935
4/10/2022;B;13:00:00;4455
5/10/2022;A;13:00:00;28549
5/10/2022;B;13:00:00;4650
6/10/2022;A;13:00:00;28111
6/10/2022;B;13:00:00;4547
7/10/2022;A;13:00:00;29649
7/10/2022;B;13:00:00;4810
8/10/2022;A;13:00:00;44227
8/10/2022;B;13:00:00;6332
9/10/2022;A;13:00:00;17563
9/10/2022;B;13:00:00;2783
10/10/2022;A;13:00:00;28172
10/10/2022;B;13:00:00;4504
11/10/2022;A;13:00:00;28476
11/10/2022;B;13:00:00;4523
12/10/2022;A;13:00:00;29604
12/10/2022;B;13:00:00;4838
13/10/2022;A;13:00:00;28478
13/10/2022;B;13:00:00;4762
14/10/2022;A;13:00:00;29477
14/10/2022;B;13:00:00;4640
15/10/2022;A;13:00:00;43001
15/10/2022;B;13:00:00;6681
16/10/2022;A;13:00:00;18799
16/10/2022;B;13:00:00;3730
17/10/2022;A;13:00:00;16310
17/10/2022;B;13:00:00;3211
18/10/2022;A;13:00:00;28672
18/10/2022;B;13:00:00;5598
19/10/2022;A;13:00:00;29339
19/10/2022;B;13:00:00;4846
20/10/2022;A;13:00:00;28748
20/10/2022;B;13:00:00;4577
21/10/2022;A;13:00:00;28325
21/10/2022;B;13:00:00;4825
22/10/2022;A;13:00:00;45696
22/10/2022;B;13:00:00;6873
23/10/2022;A;13:00:00;17776
23/10/2022;B;13:00:00;3081
24/10/2022;A;13:00:00;30243
24/10/2022;B;13:00:00;4548
25/10/2022;A;13:00:00;29139
25/10/2022;B;13:00:00;4498
26/10/2022;A;13:00:00;29396
26/10/2022;B;13:00:00;4498
27/10/2022;A;13:00:00;29018
27/10/2022;B;13:00:00;4478
28/10/2022;A;13:00:00;28197
28/10/2022;B;13:00:00;4561
29/10/2022;A;13:00:00;46984
29/10/2022;B;13:00:00;6720
30/10/2022;A;13:00:00;18817
30/10/2022;B;13:00:00;3097
31/10/2022;A;13:00:00;29729
31/10/2022;B;13:00:00;4272
1/11/2022;A;13:00:00;28823
1/11/2022;B;13:00:00;4399
2/11/2022;A;13:00:00;28687
2/11/2022;B;13:00:00;4676
3/11/2022;A;13:00:00;29719
3/11/2022;B;13:00:00;4788
4/11/2022;A;13:00:00;29325
4/11/2022;B;13:00:00;4489
5/11/2022;A;13:00:00;45943
5/11/2022;B;13:00:00;6452
6/11/2022;A;13:00:00;17647
6/11/2022;B;13:00:00;3093
7/11/2022;A;13:00:00;14597
7/11/2022;B;13:00:00;2480
8/11/2022;A;13:00:00;28931
8/11/2022;B;13:00:00;4445
9/11/2022;A;13:00:00;28284
9/11/2022;B;13:00:00;4449
10/11/2022;A;13:00:00;27940
10/11/2022;B;13:00:00;4450
11/11/2022;A;13:00:00;29174
11/11/2022;B;13:00:00;4456
12/11/2022;A;13:00:00;44721
12/11/2022;B;13:00:00;6349
13/11/2022;A;13:00:00;17645
13/11/2022;B;13:00:00;3298
14/11/2022;A;13:00:00;15042
14/11/2022;B;13:00:00;2619
15/11/2022;A;13:00:00;29715
15/11/2022;B;13:00:00;4274
16/11/2022;A;13:00:00;28794
16/11/2022;B;13:00:00;4595
17/11/2022;A;13:00:00;29160
17/11/2022;B;13:00:00;4413
18/11/2022;A;13:00:00;30001
18/11/2022;B;13:00:00;4454
19/11/2022;A;13:00:00;47504
19/11/2022;B;13:00:00;6928
20/11/2022;A;13:00:00;18266
20/11/2022;B;13:00:00;3193
21/11/2022;A;13:00:00;27737
21/11/2022;B;13:00:00;4297
22/11/2022;A;13:00:00;28424
22/11/2022;B;13:00:00;4339
23/11/2022;A;13:00:00;27756
23/11/2022;B;13:00:00;4195
24/11/2022;A;13:00:00;28368
24/11/2022;B;13:00:00;4334
25/11/2022;A;13:00:00;29368
25/11/2022;B;13:00:00;4425
26/11/2022;A;13:00:00;44778
26/11/2022;B;13:00:00;6335
27/11/2022;A;13:00:00;18437
27/11/2022;B;13:00:00;3359
28/11/2022;A;13:00:00;27769
28/11/2022;B;13:00:00;4221
29/11/2022;A;13:00:00;28505
29/11/2022;B;13:00:00;4246
30/11/2022;A;13:00:00;28935
30/11/2022;B;13:00:00;4423
1/12/2022;A;13:00:00;28544
1/12/2022;B;13:00:00;4309
2/12/2022;A;13:00:00;28955
2/12/2022;B;13:00:00;4296
3/12/2022;A;13:00:00;45414
3/12/2022;B;13:00:00;6563
4/12/2022;A;13:00:00;20756
4/12/2022;B;13:00:00;3108
5/12/2022;A;13:00:00;29440
5/12/2022;B;13:00:00;4128
6/12/2022;A;13:00:00;30441
6/12/2022;B;13:00:00;4420
7/12/2022;A;13:00:00;29638
7/12/2022;B;13:00:00;4315
8/12/2022;A;13:00:00;17682
8/12/2022;B;13:00:00;2906
9/12/2022;A;13:00:00;29293
9/12/2022;B;13:00:00;4542
10/12/2022;A;13:00:00;43988
10/12/2022;B;13:00:00;6372
11/12/2022;A;13:00:00;18888
11/12/2022;B;13:00:00;3363
12/12/2022;A;13:00:00;28383
12/12/2022;B;13:00:00;4193
13/12/2022;A;13:00:00;27884
13/12/2022;B;13:00:00;4268
14/12/2022;A;13:00:00;28534
14/12/2022;B;13:00:00;4061
15/12/2022;A;13:00:00;28142
15/12/2022;B;13:00:00;4114
16/12/2022;A;13:00:00;30618
16/12/2022;B;13:00:00;4380
17/12/2022;A;13:00:00;47335
17/12/2022;B;13:00:00;6828
18/12/2022;A;13:00:00;23386
18/12/2022;B;13:00:00;4147
19/12/2022;A;13:00:00;29160
19/12/2022;B;13:00:00;4223
20/12/2022;A;13:00:00;30198
20/12/2022;B;13:00:00;4073
21/12/2022;A;13:00:00;30400
21/12/2022;B;13:00:00;4229
22/12/2022;A;13:00:00;30604
22/12/2022;B;13:00:00;4433
23/12/2022;A;13:00:00;35031
23/12/2022;B;13:00:00;4579
24/12/2022;A;13:00:00;31594
24/12/2022;B;13:00:00;4283
25/12/2022;A;13:00:00;10584
25/12/2022;B;13:00:00;1628
26/12/2022;A;13:00:00;22851
26/12/2022;B;13:00:00;3349
27/12/2022;A;13:00:00;24136
27/12/2022;B;13:00:00;3480
28/12/2022;A;13:00:00;24874
28/12/2022;B;13:00:00;3810
29/12/2022;A;13:00:00;23684
29/12/2022;B;13:00:00;3536
30/12/2022;A;13:00:00;28996
30/12/2022;B;13:00:00;3997
31/12/2022;A;13:00:00;23084
31/12/2022;B;13:00:00;3292
1/01/2023;A;13:00:00;9972
1/01/2024;B;13:00:00;1627
1/02/2023;A;13:00:00;20256
1/02/2023;B;13:00:00;3416
1/03/2023;A;13:00:00;21535
1/03/2023;B;13:00:00;3671
1/04/2023;A;13:00:00;23138
1/04/2023;B;13:00:00;3947
1/05/2023;A;13:00:00;22772
1/05/2023;B;13:00:00;3917
1/06/2023;A;13:00:00;23863
1/06/2023;B;13:00:00;4184
1/07/2023;A;13:00:00;30921
1/07/2023;B;13:00:00;4786
1/08/2023;A;13:00:00;18594
1/08/2023;B;13:00:00;3674
1/09/2023;A;13:00:00;13599
1/09/2023;B;13:00:00;2800
1/10/2023;A;13:00:00;25266
1/10/2023;B;13:00:00;3922
1/11/2023;A;13:00:00;25110
1/11/2023;B;13:00:00;4127
1/12/2023;A;13:00:00;24888
1/12/2023;B;13:00:00;4007
13/01/2023;A;13:00:00;25524
13/01/2023;B;13:00:00;3974
14/01/2023;A;13:00:00;39442
14/01/2023;B;13:00:00;5789
15/01/2023;A;13:00:00;17715
15/01/2023;B;13:00:00;4109
16/01/2023;A;13:00:00;26432
16/01/2023;B;13:00:00;4108
17/01/2023;A;13:00:00;27296
17/01/2023;B;13:00:00;4345
18/01/2023;A;13:00:00;26638
18/01/2023;B;13:00:00;4569
19/01/2023;A;13:00:00;26201
19/01/2023;B;13:00:00;4149
20/01/2023;A;13:00:00;27116
20/01/2023;B;13:00:00;4451
21/01/2023;A;13:00:00;40804
21/01/2023;B;13:00:00;5969
22/01/2023;A;13:00:00;15940
22/01/2023;B;13:00:00;2913
23/01/2023;A;13:00:00;26798
23/01/2023;B;13:00:00;4176
24/01/2023;A;13:00:00;26300
24/01/2023;B;13:00:00;4072
25/01/2023;A;13:00:00;26716
25/01/2023;B;13:00:00;4285
26/01/2023;A;13:00:00;26117
26/01/2023;B;13:00:00;3863
27/01/2023;A;13:00:00;26965
27/01/2023;B;13:00:00;4045
28/01/2023;A;13:00:00;40839
28/01/2023;B;13:00:00;6267
29/01/2023;A;13:00:00;16862
29/01/2023;B;13:00:00;3072
30/01/2023;A;13:00:00;26566
30/01/2023;B;13:00:00;4058
31/01/2023;A;13:00:00;27433
31/01/2023;B;13:00:00;4242
2/01/2023;A;13:00:00;27859
2/01/2023;B;13:00:00;4220
2/02/2023;A;13:00:00;27999
2/02/2023;B;13:00:00;4340
2/03/2023;A;13:00:00;28601
2/03/2023;B;13:00:00;4656
2/04/2023;A;13:00:00;44617
2/04/2023;B;13:00:00;6262
2/05/2023;A;13:00:00;16886
2/05/2023;B;13:00:00;3120
2/06/2023;A;13:00:00;29370
2/06/2023;B;13:00:00;4919
2/07/2023;A;13:00:00;28988
2/07/2023;B;13:00:00;4923
2/08/2023;A;13:00:00;28907
2/08/2023;B;13:00:00;4984
2/09/2023;A;13:00:00;28502
2/09/2023;B;13:00:00;4775
2/10/2023;A;13:00:00;29425
2/10/2023;B;13:00:00;4927
2/11/2023;A;13:00:00;43124
2/11/2023;B;13:00:00;6396
2/12/2023;A;13:00:00;14451
2/12/2023;B;13:00:00;2643
13/02/2023;A;13:00:00;28599
13/02/2023;B;13:00:00;4651
14/02/2023;A;13:00:00;28597
14/02/2023;B;13:00:00;4566
15/02/2023;A;13:00:00;29313
15/02/2023;B;13:00:00;4796
16/02/2023;A;13:00:00;29491
16/02/2023;B;13:00:00;4591
17/02/2023;A;13:00:00;30087
17/02/2023;B;13:00:00;4963
18/02/2023;A;13:00:00;43951
18/02/2023;B;13:00:00;6647
19/02/2023;A;13:00:00;16681
19/02/2023;B;13:00:00;3174
20/02/2023;A;13:00:00;28844
20/02/2023;B;13:00:00;4781
21/02/2023;A;13:00:00;29624
21/02/2023;B;13:00:00;5037
22/02/2023;A;13:00:00;27944
22/02/2023;B;13:00:00;4817
23/02/2023;A;13:00:00;29040
23/02/2023;B;13:00:00;4551
24/02/2023;A;13:00:00;29863
24/02/2023;B;13:00:00;4978
25/02/2023;A;13:00:00;44221
25/02/2023;B;13:00:00;6549
26/02/2023;A;13:00:00;16457
26/02/2023;B;13:00:00;2979
27/02/2023;A;13:00:00;28841
27/02/2023;B;13:00:00;4519
28/02/2023;A;13:00:00;29790
28/02/2023;B;13:00:00;4774
3/01/2023;A;13:00:00;29532
3/01/2023;B;13:00:00;4907
3/02/2023;A;13:00:00;29389
3/02/2023;B;13:00:00;4808
3/03/2023;A;13:00:00;30157
3/03/2023;B;13:00:00;4756
3/04/2023;A;13:00:00;44761
3/04/2023;B;13:00:00;6764
3/05/2023;A;13:00:00;16229
3/05/2023;B;13:00:00;2880
3/06/2023;A;13:00:00;23974
3/06/2023;B;13:00:00;4675
3/07/2023;A;13:00:00;29918
3/07/2023;B;13:00:00;4767
3/08/2023;A;13:00:00;30170
3/08/2023;B;13:00:00;4917
3/09/2023;A;13:00:00;29252
3/09/2023;B;13:00:00;4677
3/10/2023;A;13:00:00;29490
3/10/2023;B;13:00:00;4754
3/11/2023;A;13:00:00;43844
3/11/2023;B;13:00:00;6609
3/12/2023;A;13:00:00;16482
3/12/2023;B;13:00:00;3116
13/03/2023;A;13:00:00;25784
13/03/2023;B;13:00:00;4511
14/03/2023;A;13:00:00;30313
14/03/2023;B;13:00:00;4694
15/03/2023;A;13:00:00;30462
15/03/2023;B;13:00:00;4926
16/03/2023;A;13:00:00;29225
16/03/2023;B;13:00:00;4718
17/03/2023;A;13:00:00;31104
17/03/2023;B;13:00:00;5114
18/03/2023;A;13:00:00;43882
18/03/2023;B;13:00:00;6801
19/03/2023;A;13:00:00;18275
19/03/2023;B;13:00:00;3672
20/03/2023;A;13:00:00;14486
20/03/2023;B;13:00:00;2858
21/03/2023;A;13:00:00;30555
21/03/2023;B;13:00:00;4785
22/03/2023;A;13:00:00;29691
22/03/2023;B;13:00:00;4873
23/03/2023;A;13:00:00;29335
23/03/2023;B;13:00:00;4698
24/03/2023;A;13:00:00;29832
24/03/2023;B;13:00:00;4878
25/03/2023;A;13:00:00;44330
25/03/2023;B;13:00:00;6711
26/03/2023;A;13:00:00;15628
26/03/2023;B;13:00:00;2948
27/03/2023;A;13:00:00;28499
27/03/2023;B;13:00:00;5294
28/03/2023;A;13:00:00;29187
28/03/2023;B;13:00:00;4606
29/03/2023;A;13:00:00;28936
29/03/2023;B;13:00:00;4756
30/03/2023;A;13:00:00;28494
30/03/2023;B;13:00:00;4539
31/03/2023;A;13:00:00;30347
31/03/2023;B;13:00:00;4663
4/01/2023;A;13:00:00;43786
4/01/2023;B;13:00:00;6198
4/02/2023;A;13:00:00;17237
4/02/2023;B;13:00:00;3185
4/03/2023;A;13:00:00;25376
4/03/2023;B;13:00:00;4029
4/04/2023;A;13:00:00;26013
4/04/2023;B;13:00:00;4023
4/05/2023;A;13:00:00;29725
4/05/2023;B;13:00:00;4494
4/06/2023;A;13:00:00;13979
4/06/2023;B;13:00:00;2651
4/07/2023;A;13:00:00;11395
4/07/2023;B;13:00:00;2404
4/08/2023;A;13:00:00;21679
4/08/2023;B;13:00:00;3432
4/09/2023;A;13:00:00;14004
4/09/2023;B;13:00:00;2393
4/10/2023;A;13:00:00;28622
4/10/2023;B;13:00:00;4353
4/11/2023;A;13:00:00;29768
4/11/2023;B;13:00:00;4568
4/12/2023;A;13:00:00;28731
4/12/2023;B;13:00:00;4633
13/04/2023;A;13:00:00;28334
13/04/2023;B;13:00:00;4479
14/04/2023;A;13:00:00;29955
14/04/2023;B;13:00:00;4536
15/04/2023;A;13:00:00;43979
15/04/2023;B;13:00:00;6427
16/04/2023;A;13:00:00;17938
16/04/2023;B;13:00:00;3124
17/04/2023;A;13:00:00;29581
17/04/2023;B;13:00:00;4253
18/04/2023;A;13:00:00;30069
18/04/2023;B;13:00:00;4703
19/04/2023;A;13:00:00;28253
19/04/2023;B;13:00:00;4630
20/04/2023;A;13:00:00;28799
20/04/2023;B;13:00:00;4694
21/04/2023;A;13:00:00;30323
21/04/2023;B;13:00:00;4710
22/04/2023;A;13:00:00;44774
22/04/2023;B;13:00:00;6443
23/04/2023;A;13:00:00;16973
23/04/2023;B;13:00:00;3116
24/04/2023;A;13:00:00;28504
24/04/2023;B;13:00:00;4449
25/04/2023;A;13:00:00;29932
25/04/2023;B;13:00:00;4610
26/04/2023;A;13:00:00;29385
26/04/2023;B;13:00:00;4612
27/04/2023;A;13:00:00;28436
27/04/2023;B;13:00:00;4363
28/04/2023;A;13:00:00;30914
28/04/2023;B;13:00:00;4632
29/04/2023;A;13:00:00;44494
29/04/2023;B;13:00:00;6569
30/04/2023;A;13:00:00;18281
30/04/2023;B;13:00:00;3366
5/01/2023;A;13:00:00;15485
5/01/2023;B;13:00:00;2497
5/02/2023;A;13:00:00;30210
5/02/2023;B;13:00:00;4566
5/03/2023;A;13:00:00;29537
5/03/2023;B;13:00:00;4588
5/04/2023;A;13:00:00;29327
5/04/2023;B;13:00:00;4454
5/05/2023;A;13:00:00;30272
5/05/2023;B;13:00:00;4749
5/06/2023;A;13:00:00;45150
5/06/2023;B;13:00:00;6500
5/07/2023;A;13:00:00;17042
5/07/2023;B;13:00:00;3073
5/08/2023;A;13:00:00;27936
5/08/2023;B;13:00:00;4300
5/09/2023;A;13:00:00;29050
5/09/2023;B;13:00:00;4354
5/10/2023;A;13:00:00;28914
5/10/2023;B;13:00:00;4753
5/11/2023;A;13:00:00;28323
5/11/2023;B;13:00:00;4314
5/12/2023;A;13:00:00;29924
5/12/2023;B;13:00:00;4631
13/05/2023;A;13:00:00;45391
13/05/2023;B;13:00:00;6375
14/05/2023;A;13:00:00;17955
14/05/2023;B;13:00:00;2954
15/05/2023;A;13:00:00;27584
15/05/2023;B;13:00:00;4201
16/05/2023;A;13:00:00;29128
16/05/2023;B;13:00:00;4437
17/05/2023;A;13:00:00;29218
17/05/2023;B;13:00:00;4653
18/05/2023;A;13:00:00;28776
18/05/2023;B;13:00:00;4540
19/05/2023;A;13:00:00;30247
19/05/2023;B;13:00:00;4724
20/05/2023;A;13:00:00;43499
20/05/2023;B;13:00:00;6393
21/05/2023;A;13:00:00;13942
21/05/2023;B;13:00:00;2401
22/05/2023;A;13:00:00;14663
22/05/2023;B;13:00:00;2604
23/05/2023;A;13:00:00;30959
23/05/2023;B;13:00:00;4528
24/05/2023;A;13:00:00;29215
24/05/2023;B;13:00:00;4618
25/05/2023;A;13:00:00;28521
25/05/2023;B;13:00:00;4747
26/05/2023;A;13:00:00;29468
26/05/2023;B;13:00:00;4733
27/05/2023;A;13:00:00;42681
27/05/2023;B;13:00:00;6626
28/05/2023;A;13:00:00;15734
28/05/2023;B;13:00:00;3115
29/05/2023;A;13:00:00;28381
29/05/2023;B;13:00:00;4264
30/05/2023;A;13:00:00;28048
30/05/2023;B;13:00:00;4161
31/05/2023;A;13:00:00;27731
31/05/2023;B;13:00:00;4151
6/01/2023;A;13:00:00;28495
6/01/2023;B;13:00:00;4127
6/02/2023;A;13:00:00;29291
6/02/2023;B;13:00:00;4279
6/03/2023;A;13:00:00;45070
6/03/2023;B;13:00:00;6506
6/04/2023;A;13:00:00;16856
6/04/2023;B;13:00:00;3203
6/05/2023;A;13:00:00;27329
6/05/2023;B;13:00:00;4168
6/06/2023;A;13:00:00;27951
6/06/2023;B;13:00:00;4112
6/07/2023;A;13:00:00;28771
6/07/2023;B;13:00:00;4354
6/08/2023;A;13:00:00;27600
6/08/2023;B;13:00:00;4070
6/09/2023;A;13:00:00;28242
6/09/2023;B;13:00:00;4326
6/10/2023;A;13:00:00;43893
6/10/2023;B;13:00:00;6149
6/11/2023;A;13:00:00;16483
6/11/2023;B;13:00:00;3148
6/12/2023;A;13:00:00;13685
6/12/2023;B;13:00:00;2483
13/06/2023;A;13:00:00;27583
13/06/2023;B;13:00:00;4065
14/06/2023;A;13:00:00;27092
14/06/2023;B;13:00:00;4313
15/06/2023;A;13:00:00;27831
15/06/2023;B;13:00:00;4156
16/06/2023;A;13:00:00;29644
16/06/2023;B;13:00:00;4230
17/06/2023;A;13:00:00;44245
17/06/2023;B;13:00:00;6168
18/06/2023;A;13:00:00;18147
18/06/2023;B;13:00:00;3166
19/06/2023;A;13:00:00;14335
19/06/2023;B;13:00:00;2523
20/06/2023;A;13:00:00;28985
20/06/2023;B;13:00:00;4230
21/06/2023;A;13:00:00;27841
21/06/2023;B;13:00:00;4275
22/06/2023;A;13:00:00;26489
22/06/2023;B;13:00:00;4278
23/06/2023;A;13:00:00;27501
23/06/2023;B;13:00:00;4213
24/06/2023;A;13:00:00;43793
24/06/2023;B;13:00:00;6370
25/06/2023;A;13:00:00;17598
25/06/2023;B;13:00:00;3169
26/06/2023;A;13:00:00;26159
26/06/2023;B;13:00:00;4126
27/06/2023;A;13:00:00;26883
27/06/2023;B;13:00:00;3986
28/06/2023;A;13:00:00;26359
28/06/2023;B;13:00:00;3989
29/06/2023;A;13:00:00;26362
29/06/2023;B;13:00:00;4109
30/06/2023;A;13:00:00;28211
30/06/2023;B;13:00:00;4287
7/01/2023;A;13:00:00;44068
7/01/2023;B;13:00:00;6160
7/02/2023;A;13:00:00;26741
7/02/2023;B;13:00:00;5129
7/03/2023;A;13:00:00;15146
7/03/2023;B;13:00:00;2845
7/04/2023;A;13:00:00;28255
7/04/2023;B;13:00:00;4050
7/05/2023;A;13:00:00;26992
7/05/2023;B;13:00:00;4123
7/06/2023;A;13:00:00;27427
7/06/2023;B;13:00:00;4496
7/07/2023;A;13:00:00;27638
7/07/2023;B;13:00:00;4274
7/08/2023;A;13:00:00;44484
7/08/2023;B;13:00:00;6456
7/09/2023;A;13:00:00;17040
7/09/2023;B;13:00:00;3208
7/10/2023;A;13:00:00;26579
7/10/2023;B;13:00:00;3933
7/11/2023;A;13:00:00;27066
7/11/2023;B;13:00:00;4065
7/12/2023;A;13:00:00;27034
7/12/2023;B;13:00:00;4222
13/07/2023;A;13:00:00;26765
13/07/2023;B;13:00:00;4082
14/07/2023;A;13:00:00;27312
14/07/2023;B;13:00:00;4176
15/07/2023;A;13:00:00;46047
15/07/2023;B;13:00:00;6591
16/07/2023;A;13:00:00;17966
16/07/2023;B;13:00:00;3322
17/07/2023;A;13:00:00;27334
17/07/2023;B;13:00:00;4044
18/07/2023;A;13:00:00;27691
18/07/2023;B;13:00:00;4333
19/07/2023;A;13:00:00;29027
19/07/2023;B;13:00:00;4333
20/07/2023;A;13:00:00;17842
20/07/2023;B;13:00:00;3789
21/07/2023;A;13:00:00;29056
21/07/2023;B;13:00:00;4501
22/07/2023;A;13:00:00;43534
22/07/2023;B;13:00:00;6214
23/07/2023;A;13:00:00;15931
23/07/2023;B;13:00:00;3035
24/07/2023;A;13:00:00;27287
24/07/2023;B;13:00:00;4076
25/07/2023;A;13:00:00;27512
25/07/2023;B;13:00:00;4262
26/07/2023;A;13:00:00;28129
26/07/2023;B;13:00:00;4432
27/07/2023;A;13:00:00;28690
27/07/2023;B;13:00:00;4448
28/07/2023;A;13:00:00;29119
28/07/2023;B;13:00:00;4592
29/07/2023;A;13:00:00;46833
29/07/2023;B;13:00:00;7021
30/07/2023;A;13:00:00;17928
30/07/2023;B;13:00:00;3255
31/07/2023;A;13:00:00;28127
31/07/2023;B;13:00:00;4470
8/01/2023;A;13:00:00;30153
8/01/2023;B;13:00:00;4805
8/02/2023;A;13:00:00;29507
8/02/2023;B;13:00:00;4861
8/03/2023;A;13:00:00;28798
8/03/2023;B;13:00:00;4857
8/04/2023;A;13:00:00;31183
8/04/2023;B;13:00:00;5042
8/05/2023;A;13:00:00;55733
8/05/2023;B;13:00:00;7457
8/06/2023;A;13:00:00;21446
8/06/2023;B;13:00:00;4316
8/07/2023;A;13:00:00;21227
8/07/2023;B;13:00:00;3653
8/08/2023;A;13:00:00;30793
8/08/2023;B;13:00:00;5209
8/09/2023;A;13:00:00;31906
8/09/2023;B;13:00:00;5246
8/10/2023;A;13:00:00;29840
8/10/2023;B;13:00:00;5146
8/11/2023;A;13:00:00;30829
8/11/2023;B;13:00:00;5043
8/12/2023;A;13:00:00;46793
8/12/2023;B;13:00:00;6293
13/08/2023;A;13:00:00;15793
13/08/2023;B;13:00:00;2977
14/08/2023;A;13:00:00;28177
14/08/2023;B;13:00:00;4568
15/08/2023;A;13:00:00;30460
15/08/2023;B;13:00:00;5069
16/08/2023;A;13:00:00;30842
16/08/2023;B;13:00:00;4921
17/08/2023;A;13:00:00;30348
17/08/2023;B;13:00:00;4955
18/08/2023;A;13:00:00;31687
18/08/2023;B;13:00:00;4869
19/08/2023;A;13:00:00;46813
19/08/2023;B;13:00:00;6393
20/08/2023;A;13:00:00;16659
20/08/2023;B;13:00:00;2850
21/08/2023;A;13:00:00;14563
21/08/2023;B;13:00:00;2631
22/08/2023;A;13:00:00;29755
22/08/2023;B;13:00:00;4747
23/08/2023;A;13:00:00;30617
23/08/2023;B;13:00:00;4772
24/08/2023;A;13:00:00;29799
24/08/2023;B;13:00:00;4966
25/08/2023;A;13:00:00;29926
25/08/2023;B;13:00:00;4651
26/08/2023;A;13:00:00;47079
26/08/2023;B;13:00:00;6596
27/08/2023;A;13:00:00;16973
27/08/2023;B;13:00:00;3179
28/08/2023;A;13:00:00;28615
28/08/2023;B;13:00:00;4777
29/08/2023;A;13:00:00;28929
29/08/2023;B;13:00:00;4540
30/08/2023;A;13:00:00;28456
30/08/2023;B;13:00:00;4479
31/08/2023;A;13:00:00;29021
31/08/2023;B;13:00:00;4755
9/01/2023;A;13:00:00;30250
9/01/2023;B;13:00:00;4755
9/02/2023;A;13:00:00;46726
9/02/2023;B;13:00:00;6035
9/03/2023;A;13:00:00;17988
9/03/2023;B;13:00:00;3185
9/04/2023;A;13:00:00;29595
9/04/2023;B;13:00:00;4492
9/05/2023;A;13:00:00;29805
9/05/2023;B;13:00:00;4643
9/06/2023;A;13:00:00;29061
9/06/2023;B;13:00:00;4575
9/07/2023;A;13:00:00;29349
9/07/2023;B;13:00:00;4520
9/08/2023;A;13:00:00;29953
9/08/2023;B;13:00:00;4657
9/09/2023;A;13:00:00;47033
9/09/2023;B;13:00:00;6453
9/10/2023;A;13:00:00;17374
9/10/2023;B;13:00:00;3330
9/11/2023;A;13:00:00;28829
9/11/2023;B;13:00:00;4550
9/12/2023;A;13:00:00;29002
9/12/2023;B;13:00:00;4671
13/09/2023;A;13:00:00;29255
13/09/2023;B;13:00:00;4789
14/09/2023;A;13:00:00;29440
14/09/2023;B;13:00:00;4719
15/09/2023;A;13:00:00;30951
15/09/2023;B;13:00:00;4719
16/09/2023;A;13:00:00;48669
16/09/2023;B;13:00:00;6678
17/09/2023;A;13:00:00;18693
17/09/2023;B;13:00:00;3637
18/09/2023;A;13:00:00;28117
18/09/2023;B;13:00:00;4309
19/09/2023;A;13:00:00;29088
19/09/2023;B;13:00:00;4394
20/09/2023;A;13:00:00;29013
20/09/2023;B;13:00:00;4765
21/09/2023;A;13:00:00;28610
21/09/2023;B;13:00:00;4499
22/09/2023;A;13:00:00;29152
22/09/2023;B;13:00:00;4519
23/09/2023;A;13:00:00;34881
23/09/2023;B;13:00:00;3339
24/09/2023;A;13:00:00;16864
24/09/2023;B;13:00:00;3032
25/09/2023;A;13:00:00;27611
25/09/2023;B;13:00:00;4457
26/09/2023;A;13:00:00;28942
26/09/2023;B;13:00:00;4372
27/09/2023;A;13:00:00;33036
27/09/2023;B;13:00:00;5800
28/09/2023;A;13:00:00;34611
28/09/2023;B;13:00:00;6192
29/09/2023;A;13:00:00;29381
29/09/2023;B;13:00:00;4441
30/09/2023;A;13:00:00;47721
30/09/2023;B;13:00:00;6420
10/01/2023;A;13:00:00;17595
10/01/2023;B;13:00:00;2788
10/02/2023;A;13:00:00;28337
10/02/2023;B;13:00:00;4213
10/03/2023;A;13:00:00;27962
10/03/2023;B;13:00:00;4246
10/04/2023;A;13:00:00;28274
10/04/2023;B;13:00:00;4581
10/05/2023;A;13:00:00;29526
10/05/2023;B;13:00:00;4480
10/06/2023;A;13:00:00;30480
10/06/2023;B;13:00:00;5130
10/07/2023;A;13:00:00;47253
10/07/2023;B;13:00:00;6326
10/08/2023;A;13:00:00;18384
10/08/2023;B;13:00:00;2983
10/09/2023;A;13:00:00;29138
10/09/2023;B;13:00:00;4645
10/10/2023;A;13:00:00;29668
10/10/2023;B;13:00:00;4658
10/11/2023;A;13:00:00;29343
10/11/2023;B;13:00:00;4485
10/12/2023;A;13:00:00;30068
10/12/2023;B;13:00:00;4729
13/10/2023;A;13:00:00;28371
13/10/2023;B;13:00:00;4253
14/10/2023;A;13:00:00;46460
14/10/2023;B;13:00:00;6188
15/10/2023;A;13:00:00;17973
15/10/2023;B;13:00:00;3169
16/10/2023;A;13:00:00;14659
16/10/2023;B;13:00:00;2502
17/10/2023;A;13:00:00;29986
17/10/2023;B;13:00:00;4208
18/10/2023;A;13:00:00;30035
18/10/2023;B;13:00:00;4763
19/10/2023;A;13:00:00;28755
19/10/2023;B;13:00:00;4561
20/10/2023;A;13:00:00;30125
20/10/2023;B;13:00:00;4751
21/10/2023;A;13:00:00;47365
21/10/2023;B;13:00:00;6478
22/10/2023;A;13:00:00;16768
22/10/2023;B;13:00:00;3120
23/10/2023;A;13:00:00;28345
23/10/2023;B;13:00:00;4202
24/10/2023;A;13:00:00;29018
24/10/2023;B;13:00:00;4584
25/10/2023;A;13:00:00;29025
25/10/2023;B;13:00:00;4520
26/10/2023;A;13:00:00;29167
26/10/2023;B;13:00:00;4550
27/10/2023;A;13:00:00;30181
27/10/2023;B;13:00:00;4738
28/10/2023;A;13:00:00;44988
28/10/2023;B;13:00:00;6309
29/10/2023;A;13:00:00;13
29/10/2023;B;13:00:00;2
30/10/2023;A;13:00:00;28326
30/10/2023;B;13:00:00;4357
31/10/2023;A;13:00:00;31839
31/10/2023;B;13:00:00;4813
11/01/2023;A;13:00:00;28956
11/01/2023;B;13:00:00;4768
11/02/2023;A;13:00:00;31948
11/02/2023;B;13:00:00;4950
11/03/2023;A;13:00:00;33515
11/03/2023;B;13:00:00;5264
11/04/2023;A;13:00:00;50133
11/04/2023;B;13:00:00;7759
11/05/2023;A;13:00:00;21190
11/05/2023;B;13:00:00;4483
11/06/2023;A;13:00:00;17100
11/06/2023;B;13:00:00;3310
11/07/2023;A;13:00:00;35903
11/07/2023;B;13:00:00;5332
11/08/2023;A;13:00:00;30640
11/08/2023;B;13:00:00;5105
11/09/2023;A;13:00:00;30591
11/09/2023;B;13:00:00;4632
11/10/2023;A;13:00:00;31660
11/10/2023;B;13:00:00;4868
11/11/2023;A;13:00:00;46226
11/11/2023;B;13:00:00;6419
11/12/2023;A;13:00:00;18043
11/12/2023;B;13:00:00;3217
13/11/2023;A;13:00:00;14919
13/11/2023;B;13:00:00;2439
14/11/2023;A;13:00:00;30551
14/11/2023;B;13:00:00;4802
15/11/2023;A;13:00:00;29827
15/11/2023;B;13:00:00;4356
16/11/2023;A;13:00:00;30442
16/11/2023;B;13:00:00;4566
17/11/2023;A;13:00:00;31334
17/11/2023;B;13:00:00;4661
18/11/2023;A;13:00:00;49067
18/11/2023;B;13:00:00;6461
19/11/2023;A;13:00:00;18376
19/11/2023;B;13:00:00;3129
20/11/2023;A;13:00:00;29454
20/11/2023;B;13:00:00;4389
21/11/2023;A;13:00:00;31094
21/11/2023;B;13:00:00;4436
22/11/2023;A;13:00:00;30068
22/11/2023;B;13:00:00;4328
23/11/2023;A;13:00:00;30329
23/11/2023;B;13:00:00;4556
24/11/2023;A;13:00:00;31751
24/11/2023;B;13:00:00;4979
25/11/2023;A;13:00:00;47314
25/11/2023;B;13:00:00;6703
26/11/2023;A;13:00:00;18548
26/11/2023;B;13:00:00;3025
27/11/2023;A;13:00:00;28972
27/11/2023;B;13:00:00;4579
28/11/2023;A;13:00:00;29237
28/11/2023;B;13:00:00;4325
29/11/2023;A;13:00:00;29821
29/11/2023;B;13:00:00;4479
30/11/2023;A;13:00:00;29746
30/11/2023;B;13:00:00;4483
12/01/2023;A;13:00:00;32833
12/01/2023;B;13:00:00;4849
12/02/2023;A;13:00:00;49510
12/02/2023;B;13:00:00;7088
12/03/2023;A;13:00:00;20313
12/03/2023;B;13:00:00;3376
12/04/2023;A;13:00:00;30113
12/04/2023;B;13:00:00;4233
12/05/2023;A;13:00:00;29875
12/05/2023;B;13:00:00;4307
12/06/2023;A;13:00:00;30813
12/06/2023;B;13:00:00;4369
12/07/2023;A;13:00:00;33370
12/07/2023;B;13:00:00;4683
12/08/2023;A;13:00:00;20014
12/08/2023;B;13:00:00;3556
12/09/2023;A;13:00:00;39350
12/09/2023;B;13:00:00;6213
12/10/2023;A;13:00:00;19442
12/10/2023;B;13:00:00;3501
12/11/2023;A;13:00:00;29532
12/11/2023;B;13:00:00;4195
12/12/2023;A;13:00:00;29233
12/12/2023;B;13:00:00;4198
13/12/2023;A;13:00:00;29443
13/12/2023;B;13:00:00;4368
14/12/2023;A;13:00:00;57900
14/12/2023;B;13:00:00;8686
15/12/2023;A;13:00:00;30868
15/12/2023;B;13:00:00;4342
16/12/2023;A;13:00:00;49294
16/12/2023;B;13:00:00;6779
17/12/2023;A;13:00:00;25246
17/12/2023;B;13:00:00;4300
18/12/2023;A;13:00:00;30871
18/12/2023;B;13:00:00;4235
19/12/2023;A;13:00:00;30770
19/12/2023;B;13:00:00;4502
20/12/2023;A;13:00:00;31393
20/12/2023;B;13:00:00;4414
21/12/2023;A;13:00:00;31973
21/12/2023;B;13:00:00;4473
22/12/2023;A;13:00:00;35463
22/12/2023;B;13:00:00;4714
23/12/2023;A;13:00:00;42721
23/12/2023;B;13:00:00;5708
24/12/2023;A;13:00:00;20294
24/12/2023;B;13:00:00;3099
25/12/2023;A;13:00:00;10778
25/12/2023;B;13:00:00;1679
26/12/2023;A;13:00:00;25353
26/12/2023;B;13:00:00;3788
27/12/2023;A;13:00:00;27205
27/12/2023;B;13:00:00;4232
28/12/2023;A;13:00:00;26820
28/12/2023;B;13:00:00;3907
29/12/2023;A;13:00:00;30234
29/12/2023;B;13:00:00;4554
30/12/2023;A;13:00:00;31771
30/12/2023;B;13:00:00;4873
31/12/2023;A;13:00:00;16453
31/12/2023;B;13:00:00;2932
1/01/2024;A;13:00:00;9507
1/01/2024;B;13:00:00;1827
2/01/2024;A;13:00:00;20569
2/01/2024;B;13:00:00;3315
3/01/2024;A;13:00:00;22309
3/01/2024;B;13:00:00;3552
4/01/2024;A;13:00:00;22658
4/01/2024;B;13:00:00;3802
5/01/2024;A;13:00:00;23669
5/01/2024;B;13:00:00;4184
6/01/2024;A;13:00:00;33190
6/01/2024;B;13:00:00;4875
7/01/2024;A;13:00:00;15275
7/01/2024;B;13:00:00;3185
8/01/2024;A;13:00:00;13286
8/01/2024;B;13:00:00;2623
9/01/2024;A;13:00:00;24294
9/01/2024;B;13:00:00;3814
10/01/2024;A;13:00:00;23963
10/01/2024;B;13:00:00;3797
11/01/2024;A;13:00:00;23684
11/01/2024;B;13:00:00;3655
12/01/2024;A;13:00:00;24363
12/01/2024;B;13:00:00;3667
13/01/2024;A;13:00:00;38801
13/01/2024;B;13:00:00;5269
14/01/2024;A;13:00:00;14963
14/01/2024;B;13:00:00;2789
15/01/2024;A;13:00:00;25649
15/01/2024;B;13:00:00;3819
16/01/2024;A;13:00:00;26389
16/01/2024;B;13:00:00;3835
17/01/2024;A;13:00:00;26063
17/01/2024;B;13:00:00;3974
18/01/2024;A;13:00:00;25804
18/01/2024;B;13:00:00;4002
19/01/2024;A;13:00:00;27353
19/01/2024;B;13:00:00;3919
20/01/2024;A;13:00:00;42871
20/01/2024;B;13:00:00;5711
21/01/2024;A;13:00:00;15573
21/01/2024;B;13:00:00;2878
22/01/2024;A;13:00:00;26328
22/01/2024;B;13:00:00;4014
23/01/2024;A;13:00:00;26249
23/01/2024;B;13:00:00;4001
24/01/2024;A;13:00:00;25825
24/01/2024;B;13:00:00;3965
25/01/2024;A;13:00:00;26056
25/01/2024;B;13:00:00;3968
26/01/2024;A;13:00:00;27183
26/01/2024;B;13:00:00;4067
27/01/2024;A;13:00:00;42265
27/01/2024;B;13:00:00;5896
28/01/2024;A;13:00:00;15414
28/01/2024;B;13:00:00;2754
29/01/2024;A;13:00:00;27277
29/01/2024;B;13:00:00;3958
30/01/2024;A;13:00:00;26997
30/01/2024;B;13:00:00;4016
31/01/2024;A;13:00:00;27837
31/01/2024;B;13:00:00;4112
1/02/2024;A;13:00:00;26573
1/02/2024;B;13:00:00;3908
2/02/2024;A;13:00:00;28506
2/02/2024;B;13:00:00;4557
3/02/2024;A;13:00:00;44870
3/02/2024;B;13:00:00;5975
4/02/2024;A;13:00:00;16037
4/02/2024;B;13:00:00;2862
5/02/2024;A;13:00:00;29786
5/02/2024;B;13:00:00;4457
6/02/2024;A;13:00:00;30274
6/02/2024;B;13:00:00;4676
7/02/2024;A;13:00:00;28944
7/02/2024;B;13:00:00;4640
8/02/2024;A;13:00:00;29555
8/02/2024;B;13:00:00;4596
9/02/2024;A;13:00:00;30045
9/02/2024;B;13:00:00;4731
10/02/2024;A;13:00:00;44918
10/02/2024;B;13:00:00;5961
11/02/2024;A;13:00:00;15903
11/02/2024;B;13:00:00;2885
12/02/2024;A;13:00:00;25424
12/02/2024;B;13:00:00;4465
13/02/2024;A;13:00:00;28953
13/02/2024;B;13:00:00;4458
14/02/2024;A;13:00:00;28333
14/02/2024;B;13:00:00;4705
15/02/2024;A;13:00:00;28084
15/02/2024;B;13:00:00;4575
16/02/2024;A;13:00:00;30346
16/02/2024;B;13:00:00;4564
17/02/2024;A;13:00:00;45454
17/02/2024;B;13:00:00;6215
18/02/2024;A;13:00:00;16244
18/02/2024;B;13:00:00;2906
19/02/2024;A;13:00:00;28730
19/02/2024;B;13:00:00;4664
20/02/2024;A;13:00:00;28730
20/02/2024;B;13:00:00;4392
21/02/2024;A;13:00:00;28993
21/02/2024;B;13:00:00;4626
22/02/2024;A;13:00:00;28404
22/02/2024;B;13:00:00;4393
23/02/2024;A;13:00:00;29752
23/02/2024;B;13:00:00;4610
24/02/2024;A;13:00:00;45004
24/02/2024;B;13:00:00;6225
25/02/2024;A;13:00:00;16201
25/02/2024;B;13:00:00;2909
26/02/2024;A;13:00:00;28235
26/02/2024;B;13:00:00;4306
27/02/2024;A;13:00:00;28826
27/02/2024;B;13:00:00;4462
28/02/2024;A;13:00:00;28092
28/02/2024;B;13:00:00;4603
29/02/2024;A;13:00:00;28794
29/02/2024;B;13:00:00;4495
1/03/2024;A;13:00:00;30179
1/03/2024;B;13:00:00;4638
2/03/2024;A;13:00:00;45826
2/03/2024;B;13:00:00;6196
3/03/2024;A;13:00:00;16775
3/03/2024;B;13:00:00;2901
4/03/2024;A;13:00:00;28820
4/03/2024;B;13:00:00;4510
5/03/2024;A;13:00:00;29403
5/03/2024;B;13:00:00;4503
6/03/2024;A;13:00:00;29760
6/03/2024;B;13:00:00;4704
7/03/2024;A;13:00:00;28864
7/03/2024;B;13:00:00;4440
8/03/2024;A;13:00:00;30341
8/03/2024;B;13:00:00;4627
9/03/2024;A;13:00:00;31834
9/03/2024;B;13:00:00;5619
10/03/2024;A;13:00:00;16346
10/03/2024;B;13:00:00;2723
11/03/2024;A;13:00:00;27643
11/03/2024;B;13:00:00;4326
12/03/2024;A;13:00:00;28596
12/03/2024;B;13:00:00;4379
13/03/2024;A;13:00:00;28700
13/03/2024;B;13:00:00;4533
14/03/2024;A;13:00:00;28173
14/03/2024;B;13:00:00;4333
15/03/2024;A;13:00:00;29159
15/03/2024;B;13:00:00;4592
16/03/2024;A;13:00:00;45624
16/03/2024;B;13:00:00;6294
17/03/2024;A;13:00:00;16739
17/03/2024;B;13:00:00;2986
18/03/2024;A;13:00:00;27882
18/03/2024;B;13:00:00;4288
19/03/2024;A;13:00:00;29152
19/03/2024;B;13:00:00;4430
20/03/2024;A;13:00:00;28901
20/03/2024;B;13:00:00;4471
21/03/2024;A;13:00:00;28950
21/03/2024;B;13:00:00;4276
22/03/2024;A;13:00:00;30316
22/03/2024;B;13:00:00;4567
23/03/2024;A;13:00:00;43588
23/03/2024;B;13:00:00;5881
24/03/2024;A;13:00:00;15587
24/03/2024;B;13:00:00;2911
25/03/2024;A;13:00:00;13876
25/03/2024;B;13:00:00;2740
26/03/2024;A;13:00:00;23525
26/03/2024;B;13:00:00;3723
27/03/2024;A;13:00:00;25079
27/03/2024;B;13:00:00;4062
28/03/2024;A;13:00:00;13127
28/03/2024;B;13:00:00;2462
29/03/2024;A;13:00:00;10697
29/03/2024;B;13:00:00;2144
30/03/2024;A;13:00:00;22692
30/03/2024;B;13:00:00;3303
31/03/2024;A;13:00:00;12935
31/03/2024;B;13:00:00;2329
1/04/2024;A;13:00:00;27594
1/04/2024;B;13:00:00;4087
2/04/2024;A;13:00:00;28630
2/04/2024;B;13:00:00;4281
3/04/2024;A;13:00:00;29328
3/04/2024;B;13:00:00;4505
4/04/2024;A;13:00:00;28472
4/04/2024;B;13:00:00;4291
5/04/2024;A;13:00:00;29517
5/04/2024;B;13:00:00;4583
6/04/2024;A;13:00:00;45423
6/04/2024;B;13:00:00;6210
7/04/2024;A;13:00:00;15679
7/04/2024;B;13:00:00;2906
8/04/2024;A;13:00:00;27364
8/04/2024;B;13:00:00;4161
9/04/2024;A;13:00:00;28507
9/04/2024;B;13:00:00;4401
10/04/2024;A;13:00:00;28709
10/04/2024;B;13:00:00;4461
11/04/2024;A;13:00:00;26944
11/04/2024;B;13:00:00;4186
12/04/2024;A;13:00:00;28309
12/04/2024;B;13:00:00;4231
13/04/2024;A;13:00:00;43437
13/04/2024;B;13:00:00;5978
14/04/2024;A;13:00:00;15573
14/04/2024;B;13:00:00;2824
15/04/2024;A;13:00:00;27464
15/04/2024;B;13:00:00;4143
16/04/2024;A;13:00:00;29035
16/04/2024;B;13:00:00;4324
17/04/2024;A;13:00:00;28743
17/04/2024;B;13:00:00;4454
18/04/2024;A;13:00:00;28495
18/04/2024;B;13:00:00;4402
19/04/2024;A;13:00:00;30064
19/04/2024;B;13:00:00;4427
20/04/2024;A;13:00:00;47387
20/04/2024;B;13:00:00;6527
21/04/2024;A;13:00:00;19839
21/04/2024;B;13:00:00;3127
22/04/2024;A;13:00:00;27583
22/04/2024;B;13:00:00;4488
23/04/2024;A;13:00:00;28469
23/04/2024;B;13:00:00;4212
24/04/2024;A;13:00:00;28632
24/04/2024;B;13:00:00;4338
25/04/2024;A;13:00:00;28315
25/04/2024;B;13:00:00;4330
26/04/2024;A;13:00:00;29097
26/04/2024;B;13:00:00;4583
27/04/2024;A;13:00:00;45705
27/04/2024;B;13:00:00;6212
28/04/2024;A;13:00:00;15246
28/04/2024;B;13:00:00;2576
29/04/2024;A;13:00:00;27196
29/04/2024;B;13:00:00;4174
30/04/2024;A;13:00:00;28913
30/04/2024;B;13:00:00;4336
1/05/2024;A;13:00:00;18846
1/05/2024;B;13:00:00;2777
2/05/2024;A;13:00:00;29481
2/05/2024;B;13:00:00;4573
3/05/2024;A;13:00:00;31341
3/05/2024;B;13:00:00;4933
4/05/2024;A;13:00:00;46619
4/05/2024;B;13:00:00;6287
5/05/2024;A;13:00:00;16395
5/05/2024;B;13:00:00;3047
6/05/2024;A;13:00:00;28436
6/05/2024;B;13:00:00;4316
7/05/2024;A;13:00:00;28799
7/05/2024;B;13:00:00;4332
8/05/2024;A;13:00:00;29166
8/05/2024;B;13:00:00;4416
9/05/2024;A;13:00:00;27688
9/05/2024;B;13:00:00;4150
10/05/2024;A;13:00:00;31233
10/05/2024;B;13:00:00;4564
11/05/2024;A;13:00:00;47786
11/05/2024;B;13:00:00;6344
12/05/2024;A;13:00:00;17314
12/05/2024;B;13:00:00;3113
13/05/2024;A;13:00:00;12787
13/05/2024;B;13:00:00;2408
14/05/2024;A;13:00:00;28980
14/05/2024;B;13:00:00;4508
15/05/2024;A;13:00:00;28522
15/05/2024;B;13:00:00;4541
16/05/2024;A;13:00:00;29171
16/05/2024;B;13:00:00;4477
17/05/2024;A;13:00:00;29901
17/05/2024;B;13:00:00;4450
18/05/2024;A;13:00:00;45870
18/05/2024;B;13:00:00;6039
19/05/2024;A;13:00:00;15957
19/05/2024;B;13:00:00;2850
20/05/2024;A;13:00:00;27842
20/05/2024;B;13:00:00;4074
21/05/2024;A;13:00:00;28817
21/05/2024;B;13:00:00;4337
22/05/2024;A;13:00:00;27819
22/05/2024;B;13:00:00;4327
23/05/2024;A;13:00:00;27517
23/05/2024;B;13:00:00;4136
24/05/2024;A;13:00:00;28655
24/05/2024;B;13:00:00;4546
25/05/2024;A;13:00:00;45195
25/05/2024;B;13:00:00;6157
26/05/2024;A;13:00:00;15600
26/05/2024;B;13:00:00;2749
27/05/2024;A;13:00:00;29056
27/05/2024;B;13:00:00;4182
28/05/2024;A;13:00:00;27452
28/05/2024;B;13:00:00;3982
29/05/2024;A;13:00:00;29131
29/05/2024;B;13:00:00;4169
30/05/2024;A;13:00:00;27539
30/05/2024;B;13:00:00;4069
31/05/2024;A;13:00:00;29290
31/05/2024;B;13:00:00;4106
1/06/2024;A;13:00:00;45728
1/06/2024;B;13:00:00;6278
2/06/2024;A;13:00:00;16476
2/06/2024;B;13:00:00;3078
3/06/2024;A;13:00:00;13417
3/06/2024;B;13:00:00;2340
4/06/2024;A;13:00:00;28493
4/06/2024;B;13:00:00;4183
5/06/2024;A;13:00:00;27944
5/06/2024;B;13:00:00;4078
6/06/2024;A;13:00:00;27425
6/06/2024;B;13:00:00;4194
7/06/2024;A;13:00:00;28215
7/06/2024;B;13:00:00;4285
8/06/2024;A;13:00:00;44633
8/06/2024;B;13:00:00;5954
9/06/2024;A;13:00:00;16633
9/06/2024;B;13:00:00;3021
10/06/2024;A;13:00:00;13412
10/06/2024;B;13:00:00;2432
11/06/2024;A;13:00:00;29141
11/06/2024;B;13:00:00;3878
12/06/2024;A;13:00:00;28007
12/06/2024;B;13:00:00;3942
13/06/2024;A;13:00:00;27082
13/06/2024;B;13:00:00;3884
14/06/2024;A;13:00:00;27740
14/06/2024;B;13:00:00;4114
15/06/2024;A;13:00:00;47140
15/06/2024;B;13:00:00;6419
16/06/2024;A;13:00:00;18465
16/06/2024;B;13:00:00;3257
17/06/2024;A;13:00:00;26887
17/06/2024;B;13:00:00;3978
18/06/2024;A;13:00:00;27288
18/06/2024;B;13:00:00;3999
19/06/2024;A;13:00:00;26836
19/06/2024;B;13:00:00;4116
20/06/2024;A;13:00:00;26810
20/06/2024;B;13:00:00;4156
21/06/2024;A;13:00:00;27629
21/06/2024;B;13:00:00;4309
22/06/2024;A;13:00:00;44772
22/06/2024;B;13:00:00;5857
23/06/2024;A;13:00:00;18011
23/06/2024;B;13:00:00;3295
24/06/2024;A;13:00:00;26172
24/06/2024;B;13:00:00;4012
25/06/2024;A;13:00:00;25846
25/06/2024;B;13:00:00;4040
26/06/2024;A;13:00:00;25942
26/06/2024;B;13:00:00;3932
27/06/2024;A;13:00:00;26788
27/06/2024;B;13:00:00;4069
28/06/2024;A;13:00:00;28789
28/06/2024;B;13:00:00;4327
29/06/2024;A;13:00:00;44209
29/06/2024;B;13:00:00;6013
30/06/2024;A;13:00:00;24140
30/06/2024;B;13:00:00;3974
1/07/2024;A;13:00:00;15484
1/07/2024;B;13:00:00;2965
2/07/2024;A;13:00:00;27021
2/07/2024;B;13:00:00;3963
3/07/2024;A;13:00:00;26808
3/07/2024;B;13:00:00;4133
4/07/2024;A;13:00:00;26956
4/07/2024;B;13:00:00;4154
5/07/2024;A;13:00:00;27041
5/07/2024;B;13:00:00;4051
6/07/2024;A;13:00:00;45524
6/07/2024;B;13:00:00;6291
7/07/2024;A;13:00:00;16620
7/07/2024;B;13:00:00;2903
8/07/2024;A;13:00:00;26484
8/07/2024;B;13:00:00;3777
9/07/2024;A;13:00:00;26850
9/07/2024;B;13:00:00;3983
10/07/2024;A;13:00:00;26703
10/07/2024;B;13:00:00;4101
11/07/2024;A;13:00:00;25836
11/07/2024;B;13:00:00;3839
12/07/2024;A;13:00:00;27908
12/07/2024;B;13:00:00;4194
13/07/2024;A;13:00:00;45798
13/07/2024;B;13:00:00;6312
14/07/2024;A;13:00:00;15924
14/07/2024;B;13:00:00;3092
15/07/2024;A;13:00:00;24857
15/07/2024;B;13:00:00;3561
16/07/2024;A;13:00:00;27148
16/07/2024;B;13:00:00;3955
17/07/2024;A;13:00:00;27509
17/07/2024;B;13:00:00;4186
18/07/2024;A;13:00:00;27378
18/07/2024;B;13:00:00;4070
19/07/2024;A;13:00:00;29515
19/07/2024;B;13:00:00;4213
20/07/2024;A;13:00:00;22872
20/07/2024;B;13:00:00;3993
21/07/2024;A;13:00:00;16168
21/07/2024;B;13:00:00;2874
22/07/2024;A;13:00:00;26987
22/07/2024;B;13:00:00;4092
23/07/2024;A;13:00:00;27447
23/07/2024;B;13:00:00;4256
24/07/2024;A;13:00:00;26556
24/07/2024;B;13:00:00;4268
25/07/2024;A;13:00:00;26576
25/07/2024;B;13:00:00;4249
26/07/2024;A;13:00:00;28595
26/07/2024;B;13:00:00;4705
27/07/2024;A;13:00:00;42681
27/07/2024;B;13:00:00;6068
28/07/2024;A;13:00:00;15154
28/07/2024;B;13:00:00;2774
29/07/2024;A;13:00:00;26208
29/07/2024;B;13:00:00;3823
30/07/2024;A;13:00:00;26656
30/07/2024;B;13:00:00;4100
31/07/2024;A;13:00:00;27661
31/07/2024;B;13:00:00;4257
1/08/2024;A;13:00:00;27668
1/08/2024;B;13:00:00;4297
2/08/2024;A;13:00:00;29327
2/08/2024;B;13:00:00;4784
3/08/2024;A;13:00:00;44636
3/08/2024;B;13:00:00;6943
4/08/2024;A;13:00:00;17762
4/08/2024;B;13:00:00;3299
5/08/2024;A;13:00:00;29461
5/08/2024;B;13:00:00;4776
6/08/2024;A;13:00:00;31393
6/08/2024;B;13:00:00;4940
7/08/2024;A;13:00:00;20366
7/08/2024;B;13:00:00;3280
8/08/2024;A;13:00:00;30912
8/08/2024;B;13:00:00;4909
9/08/2024;A;13:00:00;31433
9/08/2024;B;13:00:00;5089
10/08/2024;A;13:00:00;55289
10/08/2024;B;13:00:00;8325
11/08/2024;A;13:00:00;23471
11/08/2024;B;13:00:00;4234
12/08/2024;A;13:00:00;29371
12/08/2024;B;13:00:00;4807
13/08/2024;A;13:00:00;28856
13/08/2024;B;13:00:00;4575
14/08/2024;A;13:00:00;28897
14/08/2024;B;13:00:00;4670
15/08/2024;A;13:00:00;29213
15/08/2024;B;13:00:00;4495
16/08/2024;A;13:00:00;31391
16/08/2024;B;13:00:00;4979
17/08/2024;A;13:00:00;44750
17/08/2024;B;13:00:00;6408
18/08/2024;A;13:00:00;17019
18/08/2024;B;13:00:00;3328
19/08/2024;A;13:00:00;14231
19/08/2024;B;13:00:00;2567
20/08/2024;A;13:00:00;30397
20/08/2024;B;13:00:00;4705
21/08/2024;A;13:00:00;29226
21/08/2024;B;13:00:00;4769
22/08/2024;A;13:00:00;29350
22/08/2024;B;13:00:00;4548
23/08/2024;A;13:00:00;30477
23/08/2024;B;13:00:00;4764
24/08/2024;A;13:00:00;44787
24/08/2024;B;13:00:00;6419
25/08/2024;A;13:00:00;15931
25/08/2024;B;13:00:00;3132
26/08/2024;A;13:00:00;27536
26/08/2024;B;13:00:00;4277
27/08/2024;A;13:00:00;28784
27/08/2024;B;13:00:00;4535
28/08/2024;A;13:00:00;29106
28/08/2024;B;13:00:00;4471
29/08/2024;A;13:00:00;28777
29/08/2024;B;13:00:00;4650
30/08/2024;A;13:00:00;31050
30/08/2024;B;13:00:00;4922
31/08/2024;A;13:00:00;46225
31/08/2024;B;13:00:00;6742
1/09/2024;A;13:00:00;16654
1/09/2024;B;13:00:00;2991
2/09/2024;A;13:00:00;29616
2/09/2024;B;13:00:00;4485
3/09/2024;A;13:00:00;30473
3/09/2024;B;13:00:00;4600
4/09/2024;A;13:00:00;30529
4/09/2024;B;13:00:00;4695
5/09/2024;A;13:00:00;29432
5/09/2024;B;13:00:00;4516
6/09/2024;A;13:00:00;28778
6/09/2024;B;13:00:00;4340
7/09/2024;A;13:00:00;44015
7/09/2024;B;13:00:00;6257
8/09/2024;A;13:00:00;16978
8/09/2024;B;13:00:00;3043
9/09/2024;A;13:00:00;28907
9/09/2024;B;13:00:00;4352
10/09/2024;A;13:00:00;30174
10/09/2024;B;13:00:00;4408
11/09/2024;A;13:00:00;29380
11/09/2024;B;13:00:00;4530
12/09/2024;A;13:00:00;28898
12/09/2024;B;13:00:00;4600
13/09/2024;A;13:00:00;31774
13/09/2024;B;13:00:00;4492
14/09/2024;A;13:00:00;45563
14/09/2024;B;13:00:00;6358
15/09/2024;A;13:00:00;18196
15/09/2024;B;13:00:00;3092
16/09/2024;A;13:00:00;28340
16/09/2024;B;13:00:00;4341
17/09/2024;A;13:00:00;29515
17/09/2024;B;13:00:00;4713
18/09/2024;A;13:00:00;29068
18/09/2024;B;13:00:00;4799
19/09/2024;A;13:00:00;30939
19/09/2024;B;13:00:00;4680
20/09/2024;A;13:00:00;31522
20/09/2024;B;13:00:00;4580
21/09/2024;A;13:00:00;44391
21/09/2024;B;13:00:00;6391
22/09/2024;A;13:00:00;16260
22/09/2024;B;13:00:00;2752
23/09/2024;A;13:00:00;27785
23/09/2024;B;13:00:00;4320
24/09/2024;A;13:00:00;28755
24/09/2024;B;13:00:00;4423
25/09/2024;A;13:00:00;28474
25/09/2024;B;13:00:00;4556
26/09/2024;A;13:00:00;28520
26/09/2024;B;13:00:00;4266
27/09/2024;A;13:00:00;31213
27/09/2024;B;13:00:00;4929
28/09/2024;A;13:00:00;44675
28/09/2024;B;13:00:00;6565
29/09/2024;A;13:00:00;16172
29/09/2024;B;13:00:00;3054
30/09/2024;A;13:00:00;28814
30/09/2024;B;13:00:00;4029
1/10/2024;A;13:00:00;27063
1/10/2024;B;13:00:00;4481
2/10/2024;A;13:00:00;28609
2/10/2024;B;13:00:00;4510
3/10/2024;A;13:00:00;29182
3/10/2024;B;13:00:00;4291
4/10/2024;A;13:00:00;29995
4/10/2024;B;13:00:00;4482
5/10/2024;A;13:00:00;45066
5/10/2024;B;13:00:00;6180
6/10/2024;A;13:00:00;18021
6/10/2024;B;13:00:00;3015
7/10/2024;A;13:00:00;27747
7/10/2024;B;13:00:00;4364
8/10/2024;A;13:00:00;30275
8/10/2024;B;13:00:00;4459
9/10/2024;A;13:00:00;29543
9/10/2024;B;13:00:00;4663
10/10/2024;A;13:00:00;30407
10/10/2024;B;13:00:00;4823
11/10/2024;A;13:00:00;30668
11/10/2024;B;13:00:00;4665
12/10/2024;A;13:00:00;42904
12/10/2024;B;13:00:00;5930
13/10/2024;A;13:00:00;16615
13/10/2024;B;13:00:00;3127
14/10/2024;A;13:00:00;14092
14/10/2024;B;13:00:00;2275
15/10/2024;A;13:00:00;30420
15/10/2024;B;13:00:00;4518
16/10/2024;A;13:00:00;29596
16/10/2024;B;13:00:00;4631
17/10/2024;A;13:00:00;29526
17/10/2024;B;13:00:00;4428
18/10/2024;A;13:00:00;31400
18/10/2024;B;13:00:00;4530
19/10/2024;A;13:00:00;46477
19/10/2024;B;13:00:00;6625
20/10/2024;A;13:00:00;17442
20/10/2024;B;13:00:00;3077
21/10/2024;A;13:00:00;28410
21/10/2024;B;13:00:00;4337
22/10/2024;A;13:00:00;28652
22/10/2024;B;13:00:00;4415
23/10/2024;A;13:00:00;29774
23/10/2024;B;13:00:00;4763
24/10/2024;A;13:00:00;28310
24/10/2024;B;13:00:00;4755
25/10/2024;A;13:00:00;30768
25/10/2024;B;13:00:00;4665
26/10/2024;A;13:00:00;44803
26/10/2024;B;13:00:00;6414
27/10/2024;A;13:00:00;16223
27/10/2024;B;13:00:00;2862
28/10/2024;A;13:00:00;31381
28/10/2024;B;13:00:00;4452
29/10/2024;A;13:00:00;30182
29/10/2024;B;13:00:00;4573
30/10/2024;A;13:00:00;30127
30/10/2024;B;13:00:00;4775
31/10/2024;A;13:00:00;32118
31/10/2024;B;13:00:00;4768
1/01/2019;A;14:00:00;12082
2/01/2019;A;14:00:00;29445
3/01/2019;A;14:00:00;31257
4/01/2019;A;14:00:00;32458
5/01/2019;A;14:00:00;35867
6/01/2019;A;14:00:00;19503
7/01/2019;A;14:00:00;19486
8/01/2019;A;14:00:00;34701
9/01/2019;A;14:00:00;33427
10/01/2019;A;14:00:00;34088
11/01/2019;A;14:00:00;34555
12/01/2019;A;14:00:00;41463
13/01/2019;A;14:00:00;19742
14/01/2019;A;14:00:00;35301
15/01/2019;A;14:00:00;558
16/01/2019;A;14:00:00;35345
17/01/2019;A;14:00:00;34589
18/01/2019;A;14:00:00;37003
19/01/2019;A;14:00:00;45173
20/01/2019;A;14:00:00;21133
21/01/2019;A;14:00:00;36086
22/01/2019;A;14:00:00;35543
23/01/2019;A;14:00:00;34679
24/01/2019;A;14:00:00;1771
25/01/2019;A;14:00:00;36707
26/01/2019;A;14:00:00;45412
27/01/2019;A;14:00:00;19761
28/01/2019;A;14:00:00;35049
29/01/2019;A;14:00:00;34150
30/01/2019;A;14:00:00;34385
31/01/2019;A;14:00:00;34449
1/02/2019;A;14:00:00;37751
2/02/2019;A;14:00:00;46839
3/02/2019;A;14:00:00;21411
4/02/2019;A;14:00:00;36584
5/02/2019;A;14:00:00;35767
6/02/2019;A;14:00:00;35776
7/02/2019;A;14:00:00;35589
8/02/2019;A;14:00:00;37497
9/02/2019;A;14:00:00;44915
10/02/2019;A;14:00:00;21684
11/02/2019;A;14:00:00;35366
12/02/2019;A;14:00:00;38241
13/02/2019;A;14:00:00;35153
14/02/2019;A;14:00:00;35785
15/02/2019;A;14:00:00;38818
16/02/2019;A;14:00:00;
17/02/2019;A;14:00:00;21828
18/02/2019;A;14:00:00;36070
19/02/2019;A;14:00:00;36098
20/02/2019;A;14:00:00;35482
21/02/2019;A;14:00:00;35840
22/02/2019;A;14:00:00;38014
23/02/2019;A;14:00:00;45933
24/02/2019;A;14:00:00;21159
25/02/2019;A;14:00:00;34881
26/02/2019;A;14:00:00;35111
27/02/2019;A;14:00:00;28238
28/02/2019;A;14:00:00;35538
1/03/2019;A;14:00:00;38286
2/03/2019;A;14:00:00;47603
3/03/2019;A;14:00:00;21823
4/03/2019;A;14:00:00;36747
5/03/2019;A;14:00:00;36625
6/03/2019;A;14:00:00;36641
7/03/2019;A;14:00:00;37094
8/03/2019;A;14:00:00;39178
9/03/2019;A;14:00:00;46239
10/03/2019;A;14:00:00;21426
11/03/2019;A;14:00:00;35455
12/03/2019;A;14:00:00;35342
13/03/2019;A;14:00:00;34843
14/03/2019;A;14:00:00;34657
15/03/2019;A;14:00:00;36905
16/03/2019;A;14:00:00;49642
17/03/2019;A;14:00:00;21207
18/03/2019;A;14:00:00;36817
19/03/2019;A;14:00:00;37544
20/03/2019;A;14:00:00;36666
21/03/2019;A;14:00:00;33834
22/03/2019;A;14:00:00;38324
23/03/2019;A;14:00:00;46222
24/03/2019;A;14:00:00;21189
25/03/2019;A;14:00:00;21103
26/03/2019;A;14:00:00;35885
27/03/2019;A;14:00:00;35012
28/03/2019;A;14:00:00;35473
29/03/2019;A;14:00:00;37803
30/03/2019;A;14:00:00;49686
31/03/2019;A;14:00:00;22136
1/04/2019;A;14:00:00;36439
2/04/2019;A;14:00:00;36706
3/04/2019;A;14:00:00;34718
4/04/2019;A;14:00:00;36112
5/04/2019;A;14:00:00;37763
6/04/2019;A;14:00:00;47634
7/04/2019;A;14:00:00;22432
8/04/2019;A;14:00:00;5304
9/04/2019;A;14:00:00;34165
10/04/2019;A;14:00:00;33866
11/04/2019;A;14:00:00;35022
12/04/2019;A;14:00:00;37918
13/04/2019;A;14:00:00;46238
14/04/2019;A;14:00:00;22465
15/04/2019;A;14:00:00;33334
16/04/2019;A;14:00:00;33608
17/04/2019;A;14:00:00;39783
18/04/2019;A;14:00:00;19988
19/04/2019;A;14:00:00;14773
20/04/2019;A;14:00:00;29004
21/04/2019;A;14:00:00;17927
22/04/2019;A;14:00:00;36134
23/04/2019;A;14:00:00;39793
24/04/2019;A;14:00:00;34825
25/04/2019;A;14:00:00;14527
26/04/2019;A;14:00:00;49475
27/04/2019;A;14:00:00;48207
28/04/2019;A;14:00:00;21664
29/04/2019;A;14:00:00;35116
30/04/2019;A;14:00:00;34962
1/05/2019;A;14:00:00;23820
2/05/2019;A;14:00:00;15240
3/05/2019;A;14:00:00;37993
4/05/2019;A;14:00:00;48262
5/05/2019;A;14:00:00;23291
6/05/2019;A;14:00:00;35260
7/05/2019;A;14:00:00;34110
8/05/2019;A;14:00:00;35082
9/05/2019;A;14:00:00;34806
10/05/2019;A;14:00:00;38349
11/05/2019;A;14:00:00;48255
12/05/2019;A;14:00:00;19094
13/05/2019;A;14:00:00;64016
14/05/2019;A;14:00:00;34252
15/05/2019;A;14:00:00;35096
16/05/2019;A;14:00:00;36212
17/05/2019;A;14:00:00;58048
18/05/2019;A;14:00:00;48382
19/05/2019;A;14:00:00;21988
20/05/2019;A;14:00:00;35313
21/05/2019;A;14:00:00;35626
22/05/2019;A;14:00:00;35040
23/05/2019;A;14:00:00;33906
24/05/2019;A;14:00:00;37929
25/05/2019;A;14:00:00;46960
26/05/2019;A;14:00:00;20815
27/05/2019;A;14:00:00;34565
28/05/2019;A;14:00:00;33799
29/05/2019;A;14:00:00;34367
30/05/2019;A;14:00:00;34442
31/05/2019;A;14:00:00;37135
1/06/2019;A;14:00:00;45503
2/06/2019;A;14:00:00;20614
3/06/2019;A;14:00:00;20979
4/06/2019;A;14:00:00;38738
5/06/2019;A;14:00:00;35725
6/06/2019;A;14:00:00;35531
7/06/2019;A;14:00:00;37566
8/06/2019;A;14:00:00;48065
9/06/2019;A;14:00:00;21148
10/06/2019;A;14:00:00;35355
11/06/2019;A;14:00:00;35574
12/06/2019;A;14:00:00;33749
13/06/2019;A;14:00:00;34481
14/06/2019;A;14:00:00;37192
15/06/2019;A;14:00:00;49842
16/06/2019;A;14:00:00;20658
17/06/2019;A;14:00:00;35137
18/06/2019;A;14:00:00;35751
19/06/2019;A;14:00:00;36453
20/06/2019;A;14:00:00;35437
21/06/2019;A;14:00:00;37184
22/06/2019;A;14:00:00;45545
23/06/2019;A;14:00:00;18741
24/06/2019;A;14:00:00;21009
25/06/2019;A;14:00:00;36150
26/06/2019;A;14:00:00;34777
27/06/2019;A;14:00:00;35052
28/06/2019;A;14:00:00;36771
29/06/2019;A;14:00:00;46679
30/06/2019;A;14:00:00;25705
1/07/2019;A;14:00:00;21532
2/07/2019;A;14:00:00;36301
3/07/2019;A;14:00:00;36773
4/07/2019;A;14:00:00;35701
5/07/2019;A;14:00:00;37929
6/07/2019;A;14:00:00;48134
7/07/2019;A;14:00:00;22382
8/07/2019;A;14:00:00;35945
9/07/2019;A;14:00:00;35230
10/07/2019;A;14:00:00;40580
11/07/2019;A;14:00:00;36161
12/07/2019;A;14:00:00;37712
13/07/2019;A;14:00:00;46674
14/07/2019;A;14:00:00;20964
15/07/2019;A;14:00:00;36196
16/07/2019;A;14:00:00;36522
17/07/2019;A;14:00:00;36754
18/07/2019;A;14:00:00;34788
19/07/2019;A;14:00:00;39533
20/07/2019;A;14:00:00;30308
21/07/2019;A;14:00:00;21470
22/07/2019;A;14:00:00;35654
23/07/2019;A;14:00:00;40338
24/07/2019;A;14:00:00;36182
25/07/2019;A;14:00:00;35161
26/07/2019;A;14:00:00;38691
27/07/2019;A;14:00:00;46339
28/07/2019;A;14:00:00;21196
29/07/2019;A;14:00:00;35692
30/07/2019;A;14:00:00;35508
31/07/2019;A;14:00:00;35816
1/08/2019;A;14:00:00;36102
2/08/2019;A;14:00:00;39521
3/08/2019;A;14:00:00;51003
4/08/2019;A;14:00:00;25216
5/08/2019;A;14:00:00;38359
6/08/2019;A;14:00:00;39368
7/08/2019;A;14:00:00;28428
8/08/2019;A;14:00:00;38045
9/08/2019;A;14:00:00;40304
10/08/2019;A;14:00:00;60219
11/08/2019;A;14:00:00;28475
12/08/2019;A;14:00:00;37429
13/08/2019;A;14:00:00;36431
14/08/2019;A;14:00:00;36461
15/08/2019;A;14:00:00;35788
16/08/2019;A;14:00:00;38036
17/08/2019;A;14:00:00;48332
18/08/2019;A;14:00:00;22707
19/08/2019;A;14:00:00;20715
20/08/2019;A;14:00:00;37354
21/08/2019;A;14:00:00;36409
22/08/2019;A;14:00:00;36732
23/08/2019;A;14:00:00;37922
24/08/2019;A;14:00:00;47773
25/08/2019;A;14:00:00;23011
26/08/2019;A;14:00:00;35231
27/08/2019;A;14:00:00;34664
28/08/2019;A;14:00:00;36058
29/08/2019;A;14:00:00;34983
30/08/2019;A;14:00:00;37156
31/08/2019;A;14:00:00;49410
1/09/2019;A;14:00:00;21860
2/09/2019;A;14:00:00;36992
3/09/2019;A;14:00:00;36345
4/09/2019;A;14:00:00;74532
5/09/2019;A;14:00:00;36527
6/09/2019;A;14:00:00;39542
7/09/2019;A;14:00:00;51844
8/09/2019;A;14:00:00;25304
9/09/2019;A;14:00:00;36418
10/09/2019;A;14:00:00;36237
11/09/2019;A;14:00:00;36195
12/09/2019;A;14:00:00;35940
13/09/2019;A;14:00:00;38965
14/09/2019;A;14:00:00;49687
15/09/2019;A;14:00:00;23250
16/09/2019;A;14:00:00;36574
17/09/2019;A;14:00:00;36137
18/09/2019;A;14:00:00;35811
19/09/2019;A;14:00:00;30522
20/09/2019;A;14:00:00;39028
21/09/2019;A;14:00:00;49632
22/09/2019;A;14:00:00;21668
23/09/2019;A;14:00:00;38476
24/09/2019;A;14:00:00;36673
25/09/2019;A;14:00:00;35914
26/09/2019;A;14:00:00;35226
27/09/2019;A;14:00:00;38390
28/09/2019;A;14:00:00;48526
29/09/2019;A;14:00:00;22320
30/09/2019;A;14:00:00;33912
1/10/2019;A;14:00:00;37105
2/10/2019;A;14:00:00;36529
3/10/2019;A;14:00:00;37213
4/10/2019;A;14:00:00;40214
5/10/2019;A;14:00:00;51105
6/10/2019;A;14:00:00;25027
7/10/2019;A;14:00:00;38474
8/10/2019;A;14:00:00;38076
9/10/2019;A;14:00:00;38844
10/10/2019;A;14:00:00;39772
11/10/2019;A;14:00:00;41073
12/10/2019;A;14:00:00;48616
13/10/2019;A;14:00:00;24178
14/10/2019;A;14:00:00;20926
15/10/2019;A;14:00:00;36838
16/10/2019;A;14:00:00;37315
17/10/2019;A;14:00:00;35928
18/10/2019;A;14:00:00;39310
19/10/2019;A;14:00:00;50617
20/10/2019;A;14:00:00;23553
21/10/2019;A;14:00:00;34405
22/10/2019;A;14:00:00;37766
23/10/2019;A;14:00:00;36232
24/10/2019;A;14:00:00;38823
25/10/2019;A;14:00:00;40343
26/10/2019;A;14:00:00;49008
27/10/2019;A;14:00:00;205
28/10/2019;A;14:00:00;36521
29/10/2019;A;14:00:00;35908
30/10/2019;A;14:00:00;35506
31/10/2019;A;14:00:00;43278
1/11/2019;A;14:00:00;39148
2/11/2019;A;14:00:00;50442
3/11/2019;A;14:00:00;22597
4/11/2019;A;14:00:00;22546
5/11/2019;A;14:00:00;38955
6/11/2019;A;14:00:00;37546
7/11/2019;A;14:00:00;37122
8/11/2019;A;14:00:00;40868
9/11/2019;A;14:00:00;50143
10/11/2019;A;14:00:00;23583
11/11/2019;A;14:00:00;24923
12/11/2019;A;14:00:00;38168
13/11/2019;A;14:00:00;36882
14/11/2019;A;14:00:00;38960
15/11/2019;A;14:00:00;40692
16/11/2019;A;14:00:00;52191
17/11/2019;A;14:00:00;25626
18/11/2019;A;14:00:00;38452
19/11/2019;A;14:00:00;40453
20/11/2019;A;14:00:00;25679
21/11/2019;A;14:00:00;38853
22/11/2019;A;14:00:00;40352
23/11/2019;A;14:00:00;52315
24/11/2019;A;14:00:00;25226
25/11/2019;A;14:00:00;39320
26/11/2019;A;14:00:00;39831
27/11/2019;A;14:00:00;40309
28/11/2019;A;14:00:00;39317
29/11/2019;A;14:00:00;42812
30/11/2019;A;14:00:00;54950
1/12/2019;A;14:00:00;24866
2/12/2019;A;14:00:00;40191
3/12/2019;A;14:00:00;40628
4/12/2019;A;14:00:00;39844
5/12/2019;A;14:00:00;40984
6/12/2019;A;14:00:00;43433
7/12/2019;A;14:00:00;51708
8/12/2019;A;14:00:00;24990
9/12/2019;A;14:00:00;40420
10/12/2019;A;14:00:00;40648
11/12/2019;A;14:00:00;39552
12/12/2019;A;14:00:00;40017
13/12/2019;A;14:00:00;41982
14/12/2019;A;14:00:00;55928
15/12/2019;A;14:00:00;30871
16/12/2019;A;14:00:00;41748
17/12/2019;A;14:00:00;41332
18/12/2019;A;14:00:00;41776
19/12/2019;A;14:00:00;41162
20/12/2019;A;14:00:00;43698
21/12/2019;A;14:00:00;55025
22/12/2019;A;14:00:00;31879
23/12/2019;A;14:00:00;44753
24/12/2019;A;14:00:00;43317
25/12/2019;A;14:00:00;14143
26/12/2019;A;14:00:00;35430
27/12/2019;A;14:00:00;36661
28/12/2019;A;14:00:00;40887
29/12/2019;A;14:00:00;23246
30/12/2019;A;14:00:00;51794
31/12/2019;A;14:00:00;31104
1/01/2019;B;14:00:00;1831
2/01/2019;B;14:00:00;3817
3/01/2019;B;14:00:00;4242
4/01/2019;B;14:00:00;4467
5/01/2019;B;14:00:00;4952
6/01/2019;B;14:00:00;3448
7/01/2019;B;14:00:00;3110
8/01/2019;B;14:00:00;4924
9/01/2019;B;14:00:00;4755
10/01/2019;B;14:00:00;4816
11/01/2019;B;14:00:00;4695
12/01/2019;B;14:00:00;5382
13/01/2019;B;14:00:00;3319
14/01/2019;B;14:00:00;4535
15/01/2019;B;14:00:00;
16/01/2019;B;14:00:00;4636
17/01/2019;B;14:00:00;4410
18/01/2019;B;14:00:00;4875
19/01/2019;B;14:00:00;5992
20/01/2019;B;14:00:00;3328
21/01/2019;B;14:00:00;4626
22/01/2019;B;14:00:00;4549
23/01/2019;B;14:00:00;4658
24/01/2019;B;14:00:00;299
25/01/2019;B;14:00:00;4738
26/01/2019;B;14:00:00;5809
27/01/2019;B;14:00:00;3158
28/01/2019;B;14:00:00;4653
29/01/2019;B;14:00:00;4706
30/01/2019;B;14:00:00;4548
31/01/2019;B;14:00:00;4707
1/02/2019;B;14:00:00;5235
2/02/2019;B;14:00:00;6059
3/02/2019;B;14:00:00;3820
4/02/2019;B;14:00:00;4845
5/02/2019;B;14:00:00;4937
6/02/2019;B;14:00:00;4754
7/02/2019;B;14:00:00;4800
8/02/2019;B;14:00:00;5180
9/02/2019;B;14:00:00;6183
10/02/2019;B;14:00:00;3479
11/02/2019;B;14:00:00;4813
12/02/2019;B;14:00:00;5201
13/02/2019;B;14:00:00;4710
14/02/2019;B;14:00:00;4954
15/02/2019;B;14:00:00;5613
16/02/2019;B;14:00:00;
17/02/2019;B;14:00:00;3698
18/02/2019;B;14:00:00;5039
19/02/2019;B;14:00:00;4774
20/02/2019;B;14:00:00;4887
21/02/2019;B;14:00:00;5016
22/02/2019;B;14:00:00;5368
23/02/2019;B;14:00:00;6304
24/02/2019;B;14:00:00;3526
25/02/2019;B;14:00:00;4707
26/02/2019;B;14:00:00;4783
27/02/2019;B;14:00:00;3832
28/02/2019;B;14:00:00;4853
1/03/2019;B;14:00:00;5083
2/03/2019;B;14:00:00;6465
3/03/2019;B;14:00:00;3800
4/03/2019;B;14:00:00;5065
5/03/2019;B;14:00:00;4915
6/03/2019;B;14:00:00;4855
7/03/2019;B;14:00:00;4927
8/03/2019;B;14:00:00;5356
9/03/2019;B;14:00:00;6308
10/03/2019;B;14:00:00;3416
11/03/2019;B;14:00:00;4805
12/03/2019;B;14:00:00;4854
13/03/2019;B;14:00:00;4562
14/03/2019;B;14:00:00;4716
15/03/2019;B;14:00:00;5130
16/03/2019;B;14:00:00;6829
17/03/2019;B;14:00:00;3636
18/03/2019;B;14:00:00;4959
19/03/2019;B;14:00:00;5003
20/03/2019;B;14:00:00;5040
21/03/2019;B;14:00:00;4601
22/03/2019;B;14:00:00;5391
23/03/2019;B;14:00:00;6186
24/03/2019;B;14:00:00;3739
25/03/2019;B;14:00:00;3414
26/03/2019;B;14:00:00;4959
27/03/2019;B;14:00:00;4841
28/03/2019;B;14:00:00;4692
29/03/2019;B;14:00:00;5303
30/03/2019;B;14:00:00;6688
31/03/2019;B;14:00:00;3251
1/04/2019;B;14:00:00;4753
2/04/2019;B;14:00:00;4998
3/04/2019;B;14:00:00;4627
4/04/2019;B;14:00:00;4630
5/04/2019;B;14:00:00;5273
6/04/2019;B;14:00:00;6683
7/04/2019;B;14:00:00;3679
8/04/2019;B;14:00:00;810
9/04/2019;B;14:00:00;4173
10/04/2019;B;14:00:00;4432
11/04/2019;B;14:00:00;4711
12/04/2019;B;14:00:00;4984
13/04/2019;B;14:00:00;6410
14/04/2019;B;14:00:00;3623
15/04/2019;B;14:00:00;4684
16/04/2019;B;14:00:00;4492
17/04/2019;B;14:00:00;4699
18/04/2019;B;14:00:00;3492
19/04/2019;B;14:00:00;2709
20/04/2019;B;14:00:00;4417
21/04/2019;B;14:00:00;2996
22/04/2019;B;14:00:00;4678
23/04/2019;B;14:00:00;5569
24/04/2019;B;14:00:00;4593
25/04/2019;B;14:00:00;1713
26/04/2019;B;14:00:00;7609
27/04/2019;B;14:00:00;6554
28/04/2019;B;14:00:00;3582
29/04/2019;B;14:00:00;4883
30/04/2019;B;14:00:00;4793
1/05/2019;B;14:00:00;3973
2/05/2019;B;14:00:00;2171
3/05/2019;B;14:00:00;5346
4/05/2019;B;14:00:00;6454
5/05/2019;B;14:00:00;4047
6/05/2019;B;14:00:00;4829
7/05/2019;B;14:00:00;4410
8/05/2019;B;14:00:00;4610
9/05/2019;B;14:00:00;4805
10/05/2019;B;14:00:00;5149
11/05/2019;B;14:00:00;6533
12/05/2019;B;14:00:00;3100
13/05/2019;B;14:00:00;9172
14/05/2019;B;14:00:00;4698
15/05/2019;B;14:00:00;4788
16/05/2019;B;14:00:00;4904
17/05/2019;B;14:00:00;5000
18/05/2019;B;14:00:00;6515
19/05/2019;B;14:00:00;3631
20/05/2019;B;14:00:00;4851
21/05/2019;B;14:00:00;4872
22/05/2019;B;14:00:00;4246
23/05/2019;B;14:00:00;4503
24/05/2019;B;14:00:00;5070
25/05/2019;B;14:00:00;6396
26/05/2019;B;14:00:00;4242
27/05/2019;B;14:00:00;4611
28/05/2019;B;14:00:00;4380
29/05/2019;B;14:00:00;4515
30/05/2019;B;14:00:00;4475
31/05/2019;B;14:00:00;4999
1/06/2019;B;14:00:00;6051
2/06/2019;B;14:00:00;3869
3/06/2019;B;14:00:00;3475
4/06/2019;B;14:00:00;4917
5/06/2019;B;14:00:00;4797
6/06/2019;B;14:00:00;4514
7/06/2019;B;14:00:00;5033
8/06/2019;B;14:00:00;6458
9/06/2019;B;14:00:00;3594
10/06/2019;B;14:00:00;4558
11/06/2019;B;14:00:00;4551
12/06/2019;B;14:00:00;4316
13/06/2019;B;14:00:00;4605
14/06/2019;B;14:00:00;4771
15/06/2019;B;14:00:00;6195
16/06/2019;B;14:00:00;3119
17/06/2019;B;14:00:00;4202
18/06/2019;B;14:00:00;4582
19/06/2019;B;14:00:00;4590
20/06/2019;B;14:00:00;4610
21/06/2019;B;14:00:00;5036
22/06/2019;B;14:00:00;6048
23/06/2019;B;14:00:00;2908
24/06/2019;B;14:00:00;3127
25/06/2019;B;14:00:00;4909
26/06/2019;B;14:00:00;4655
27/06/2019;B;14:00:00;4850
28/06/2019;B;14:00:00;4613
29/06/2019;B;14:00:00;6234
30/06/2019;B;14:00:00;4315
1/07/2019;B;14:00:00;3194
2/07/2019;B;14:00:00;4706
3/07/2019;B;14:00:00;4795
4/07/2019;B;14:00:00;4754
5/07/2019;B;14:00:00;5059
6/07/2019;B;14:00:00;6292
7/07/2019;B;14:00:00;3636
8/07/2019;B;14:00:00;4670
9/07/2019;B;14:00:00;4633
10/07/2019;B;14:00:00;5733
11/07/2019;B;14:00:00;4698
12/07/2019;B;14:00:00;4846
13/07/2019;B;14:00:00;6347
14/07/2019;B;14:00:00;3803
15/07/2019;B;14:00:00;4610
16/07/2019;B;14:00:00;4718
17/07/2019;B;14:00:00;4800
18/07/2019;B;14:00:00;4472
19/07/2019;B;14:00:00;5006
20/07/2019;B;14:00:00;4681
21/07/2019;B;14:00:00;3572
22/07/2019;B;14:00:00;4649
23/07/2019;B;14:00:00;5307
24/07/2019;B;14:00:00;4915
25/07/2019;B;14:00:00;4722
26/07/2019;B;14:00:00;5209
27/07/2019;B;14:00:00;6353
28/07/2019;B;14:00:00;3605
29/07/2019;B;14:00:00;4567
30/07/2019;B;14:00:00;4714
31/07/2019;B;14:00:00;4996
1/08/2019;B;14:00:00;4942
2/08/2019;B;14:00:00;5578
3/08/2019;B;14:00:00;7435
4/08/2019;B;14:00:00;4495
5/08/2019;B;14:00:00;5208
6/08/2019;B;14:00:00;5450
7/08/2019;B;14:00:00;4832
8/08/2019;B;14:00:00;5341
9/08/2019;B;14:00:00;5696
10/08/2019;B;14:00:00;8103
11/08/2019;B;14:00:00;4609
12/08/2019;B;14:00:00;5017
13/08/2019;B;14:00:00;4943
14/08/2019;B;14:00:00;4863
15/08/2019;B;14:00:00;4874
16/08/2019;B;14:00:00;5569
17/08/2019;B;14:00:00;6525
18/08/2019;B;14:00:00;3872
19/08/2019;B;14:00:00;3393
20/08/2019;B;14:00:00;4996
21/08/2019;B;14:00:00;4919
22/08/2019;B;14:00:00;5090
23/08/2019;B;14:00:00;5266
24/08/2019;B;14:00:00;6459
25/08/2019;B;14:00:00;3780
26/08/2019;B;14:00:00;4027
27/08/2019;B;14:00:00;4872
28/08/2019;B;14:00:00;4871
29/08/2019;B;14:00:00;4792
30/08/2019;B;14:00:00;4975
31/08/2019;B;14:00:00;6478
1/09/2019;B;14:00:00;3831
2/09/2019;B;14:00:00;4781
3/09/2019;B;14:00:00;4845
4/09/2019;B;14:00:00;11194
5/09/2019;B;14:00:00;4904
6/09/2019;B;14:00:00;5391
7/09/2019;B;14:00:00;6780
8/09/2019;B;14:00:00;4053
9/09/2019;B;14:00:00;4800
10/09/2019;B;14:00:00;5065
11/09/2019;B;14:00:00;4687
12/09/2019;B;14:00:00;4848
13/09/2019;B;14:00:00;5061
14/09/2019;B;14:00:00;6713
15/09/2019;B;14:00:00;4014
16/09/2019;B;14:00:00;4722
17/09/2019;B;14:00:00;4755
18/09/2019;B;14:00:00;4643
19/09/2019;B;14:00:00;4889
20/09/2019;B;14:00:00;5392
21/09/2019;B;14:00:00;6359
22/09/2019;B;14:00:00;3657
23/09/2019;B;14:00:00;4835
24/09/2019;B;14:00:00;4846
25/09/2019;B;14:00:00;5231
26/09/2019;B;14:00:00;4754
27/09/2019;B;14:00:00;5606
28/09/2019;B;14:00:00;6300
29/09/2019;B;14:00:00;3696
30/09/2019;B;14:00:00;4493
1/10/2019;B;14:00:00;4952
2/10/2019;B;14:00:00;4602
3/10/2019;B;14:00:00;4854
4/10/2019;B;14:00:00;5235
5/10/2019;B;14:00:00;6696
6/10/2019;B;14:00:00;4242
7/10/2019;B;14:00:00;5084
8/10/2019;B;14:00:00;5197
9/10/2019;B;14:00:00;5221
10/10/2019;B;14:00:00;5200
11/10/2019;B;14:00:00;5464
12/10/2019;B;14:00:00;6580
13/10/2019;B;14:00:00;4229
14/10/2019;B;14:00:00;3458
15/10/2019;B;14:00:00;4834
16/10/2019;B;14:00:00;5115
17/10/2019;B;14:00:00;5111
18/10/2019;B;14:00:00;5837
19/10/2019;B;14:00:00;7045
20/10/2019;B;14:00:00;3817
21/10/2019;B;14:00:00;4591
22/10/2019;B;14:00:00;4743
23/10/2019;B;14:00:00;4870
24/10/2019;B;14:00:00;5008
25/10/2019;B;14:00:00;5195
26/10/2019;B;14:00:00;6287
27/10/2019;B;14:00:00;11
28/10/2019;B;14:00:00;4720
29/10/2019;B;14:00:00;4844
30/10/2019;B;14:00:00;4689
31/10/2019;B;14:00:00;5673
1/11/2019;B;14:00:00;4962
2/11/2019;B;14:00:00;6894
3/11/2019;B;14:00:00;3783
4/11/2019;B;14:00:00;3454
5/11/2019;B;14:00:00;5308
6/11/2019;B;14:00:00;4823
7/11/2019;B;14:00:00;4835
8/11/2019;B;14:00:00;5795
9/11/2019;B;14:00:00;6875
10/11/2019;B;14:00:00;3825
11/11/2019;B;14:00:00;3827
12/11/2019;B;14:00:00;4720
13/11/2019;B;14:00:00;4766
14/11/2019;B;14:00:00;5264
15/11/2019;B;14:00:00;5405
16/11/2019;B;14:00:00;7032
17/11/2019;B;14:00:00;3963
18/11/2019;B;14:00:00;4777
19/11/2019;B;14:00:00;4964
20/11/2019;B;14:00:00;3189
21/11/2019;B;14:00:00;3726
22/11/2019;B;14:00:00;5364
23/11/2019;B;14:00:00;6730
24/11/2019;B;14:00:00;3909
25/11/2019;B;14:00:00;5179
26/11/2019;B;14:00:00;4778
27/11/2019;B;14:00:00;4967
28/11/2019;B;14:00:00;5120
29/11/2019;B;14:00:00;5623
30/11/2019;B;14:00:00;7078
1/12/2019;B;14:00:00;3936
2/12/2019;B;14:00:00;5156
3/12/2019;B;14:00:00;5146
4/12/2019;B;14:00:00;4074
5/12/2019;B;14:00:00;5201
6/12/2019;B;14:00:00;5654
7/12/2019;B;14:00:00;7093
8/12/2019;B;14:00:00;4081
9/12/2019;B;14:00:00;5094
10/12/2019;B;14:00:00;5342
11/12/2019;B;14:00:00;5287
12/12/2019;B;14:00:00;5266
13/12/2019;B;14:00:00;5644
14/12/2019;B;14:00:00;7527
15/12/2019;B;14:00:00;4581
16/12/2019;B;14:00:00;4904
17/12/2019;B;14:00:00;5325
18/12/2019;B;14:00:00;5297
19/12/2019;B;14:00:00;5421
20/12/2019;B;14:00:00;5814
21/12/2019;B;14:00:00;7170
22/12/2019;B;14:00:00;4766
23/12/2019;B;14:00:00;5876
24/12/2019;B;14:00:00;5207
25/12/2019;B;14:00:00;2267
26/12/2019;B;14:00:00;4662
27/12/2019;B;14:00:00;4927
28/12/2019;B;14:00:00;5345
29/12/2019;B;14:00:00;3736
30/12/2019;B;14:00:00;7317
31/12/2019;B;14:00:00;4373
1/01/2020;A;14:00:00;12717
1/01/2020;B;14:00:00;2281
2/01/2020;A;14:00:00;30292
2/01/2020;B;14:00:00;4291
3/01/2020;A;14:00:00;32677
3/01/2020;B;14:00:00;4766
4/01/2020;A;14:00:00;36148
4/01/2020;B;14:00:00;5137
5/01/2020;A;14:00:00;20894
5/01/2020;B;14:00:00;3778
6/01/2020;A;14:00:00;19132
6/01/2020;B;14:00:00;3350
7/01/2020;A;14:00:00;37486
7/01/2020;B;14:00:00;4911
8/01/2020;A;14:00:00;33489
8/01/2020;B;14:00:00;4521
9/01/2020;A;14:00:00;33822
9/01/2020;B;14:00:00;4361
10/01/2020;A;14:00:00;34687
10/01/2020;B;14:00:00;4785
11/01/2020;A;14:00:00;40936
11/01/2020;B;14:00:00;5314
12/01/2020;A;14:00:00;20207
12/01/2020;B;14:00:00;3465
13/01/2020;A;14:00:00;35884
13/01/2020;B;14:00:00;4705
14/01/2020;A;14:00:00;35294
14/01/2020;B;14:00:00;4589
15/01/2020;A;14:00:00;35188
15/01/2020;B;14:00:00;4523
16/01/2020;A;14:00:00;35443
16/01/2020;B;14:00:00;4758
17/01/2020;A;14:00:00;37970
17/01/2020;B;14:00:00;5054
18/01/2020;A;14:00:00;45948
18/01/2020;B;14:00:00;5818
19/01/2020;A;14:00:00;21495
19/01/2020;B;14:00:00;3719
20/01/2020;A;14:00:00;36415
20/01/2020;B;14:00:00;4735
21/01/2020;A;14:00:00;36914
21/01/2020;B;14:00:00;4786
22/01/2020;A;14:00:00;36950
22/01/2020;B;14:00:00;4696
23/01/2020;A;14:00:00;36210
23/01/2020;B;14:00:00;4624
24/01/2020;A;14:00:00;38227
24/01/2020;B;14:00:00;5018
25/01/2020;A;14:00:00;46148
25/01/2020;B;14:00:00;6085
26/01/2020;A;14:00:00;21782
26/01/2020;B;14:00:00;3580
27/01/2020;A;14:00:00;36390
27/01/2020;B;14:00:00;4841
28/01/2020;A;14:00:00;35659
28/01/2020;B;14:00:00;4652
29/01/2020;A;14:00:00;35486
29/01/2020;B;14:00:00;4775
30/01/2020;A;14:00:00;35812
30/01/2020;B;14:00:00;4773
31/01/2020;A;14:00:00;37671
31/01/2020;B;14:00:00;5266
1/02/2020;A;14:00:00;47442
1/02/2020;B;14:00:00;6278
2/02/2020;A;14:00:00;21435
2/02/2020;B;14:00:00;3606
3/02/2020;A;14:00:00;36994
3/02/2020;B;14:00:00;4825
4/02/2020;A;14:00:00;36640
4/02/2020;B;14:00:00;4899
5/02/2020;A;14:00:00;36110
5/02/2020;B;14:00:00;4964
6/02/2020;A;14:00:00;36238
6/02/2020;B;14:00:00;4963
7/02/2020;A;14:00:00;39861
7/02/2020;B;14:00:00;5344
8/02/2020;A;14:00:00;47012
8/02/2020;B;14:00:00;6051
9/02/2020;A;14:00:00;20486
9/02/2020;B;14:00:00;3595
10/02/2020;A;14:00:00;36866
10/02/2020;B;14:00:00;4752
11/02/2020;A;14:00:00;36081
11/02/2020;B;14:00:00;4812
12/02/2020;A;14:00:00;37283
12/02/2020;B;14:00:00;4866
13/02/2020;A;14:00:00;36110
13/02/2020;B;14:00:00;4775
14/02/2020;A;14:00:00;37262
14/02/2020;B;14:00:00;5093
15/02/2020;A;14:00:00;47425
15/02/2020;B;14:00:00;6202
16/02/2020;A;14:00:00;20762
16/02/2020;B;14:00:00;3562
17/02/2020;A;14:00:00;74694
17/02/2020;B;14:00:00;9736
18/02/2020;A;14:00:00;72346
18/02/2020;B;14:00:00;9756
19/02/2020;A;14:00:00;36165
19/02/2020;B;14:00:00;4805
20/02/2020;A;14:00:00;39997
20/02/2020;B;14:00:00;5536
21/02/2020;A;14:00:00;40662
21/02/2020;B;14:00:00;5501
22/02/2020;A;14:00:00;50053
22/02/2020;B;14:00:00;6516
23/02/2020;A;14:00:00;20996
23/02/2020;B;14:00:00;3419
24/02/2020;A;14:00:00;37455
24/02/2020;B;14:00:00;4989
25/02/2020;A;14:00:00;36297
25/02/2020;B;14:00:00;4546
26/02/2020;A;14:00:00;36085
26/02/2020;B;14:00:00;4530
27/02/2020;A;14:00:00;35528
27/02/2020;B;14:00:00;4832
28/02/2020;A;14:00:00;39087
28/02/2020;B;14:00:00;5319
29/02/2020;A;14:00:00;53255
29/02/2020;B;14:00:00;7096
1/03/2020;A;14:00:00;22825
1/03/2020;B;14:00:00;3923
2/03/2020;A;14:00:00;37762
2/03/2020;B;14:00:00;4880
3/03/2020;A;14:00:00;38457
3/03/2020;B;14:00:00;5144
4/03/2020;A;14:00:00;37791
4/03/2020;B;14:00:00;4990
5/03/2020;A;14:00:00;36951
5/03/2020;B;14:00:00;5018
6/03/2020;A;14:00:00;40004
6/03/2020;B;14:00:00;5309
7/03/2020;A;14:00:00;48615
7/03/2020;B;14:00:00;6593
8/03/2020;A;14:00:00;20951
8/03/2020;B;14:00:00;3346
9/03/2020;A;14:00:00;36683
9/03/2020;B;14:00:00;4790
10/03/2020;A;14:00:00;36934
10/03/2020;B;14:00:00;4977
11/03/2020;A;14:00:00;37969
11/03/2020;B;14:00:00;4987
12/03/2020;A;14:00:00;37055
12/03/2020;B;14:00:00;4667
13/03/2020;A;14:00:00;38680
13/03/2020;B;14:00:00;5094
14/03/2020;A;14:00:00;43198
14/03/2020;B;14:00:00;5463
15/03/2020;A;14:00:00;17042
15/03/2020;B;14:00:00;2599
16/03/2020;A;14:00:00;28750
16/03/2020;B;14:00:00;3278
17/03/2020;A;14:00:00;24825
17/03/2020;B;14:00:00;2761
18/03/2020;A;14:00:00;22182
18/03/2020;B;14:00:00;2459
19/03/2020;A;14:00:00;20889
19/03/2020;B;14:00:00;2336
20/03/2020;A;14:00:00;29564
20/03/2020;B;14:00:00;2876
21/03/2020;A;14:00:00;6387
21/03/2020;B;14:00:00;598
22/03/2020;A;14:00:00;3028
22/03/2020;B;14:00:00;350
23/03/2020;A;14:00:00;4139
23/03/2020;B;14:00:00;436
24/03/2020;A;14:00:00;10419
24/03/2020;B;14:00:00;1358
25/03/2020;A;14:00:00;6049
25/03/2020;B;14:00:00;607
26/03/2020;A;14:00:00;5861
26/03/2020;B;14:00:00;600
27/03/2020;A;14:00:00;6230
27/03/2020;B;14:00:00;634
28/03/2020;A;14:00:00;5798
28/03/2020;B;14:00:00;521
29/03/2020;A;14:00:00;2149
29/03/2020;B;14:00:00;240
30/03/2020;A;14:00:00;6182
30/03/2020;B;14:00:00;607
31/03/2020;A;14:00:00;5829
31/03/2020;B;14:00:00;652
1/04/2020;A;14:00:00;5961
1/04/2020;B;14:00:00;625
2/04/2020;A;14:00:00;5614
2/04/2020;B;14:00:00;602
3/04/2020;A;14:00:00;6031
3/04/2020;B;14:00:00;688
4/04/2020;A;14:00:00;5825
4/04/2020;B;14:00:00;573
5/04/2020;A;14:00:00;2175
5/04/2020;B;14:00:00;259
6/04/2020;A;14:00:00;5910
6/04/2020;B;14:00:00;634
7/04/2020;A;14:00:00;5780
7/04/2020;B;14:00:00;728
8/04/2020;A;14:00:00;6163
8/04/2020;B;14:00:00;713
9/04/2020;A;14:00:00;2892
9/04/2020;B;14:00:00;320
10/04/2020;A;14:00:00;2121
10/04/2020;B;14:00:00;247
11/04/2020;A;14:00:00;4933
11/04/2020;B;14:00:00;551
12/04/2020;A;14:00:00;2065
12/04/2020;B;14:00:00;290
13/04/2020;A;14:00:00;6714
13/04/2020;B;14:00:00;792
14/04/2020;A;14:00:00;6615
14/04/2020;B;14:00:00;739
15/04/2020;A;14:00:00;6511
15/04/2020;B;14:00:00;742
16/04/2020;A;14:00:00;6515
16/04/2020;B;14:00:00;765
17/04/2020;A;14:00:00;6954
17/04/2020;B;14:00:00;701
18/04/2020;A;14:00:00;7368
18/04/2020;B;14:00:00;779
19/04/2020;A;14:00:00;2481
19/04/2020;B;14:00:00;327
20/04/2020;A;14:00:00;7024
20/04/2020;B;14:00:00;830
21/04/2020;A;14:00:00;6822
21/04/2020;B;14:00:00;841
22/04/2020;A;14:00:00;6945
22/04/2020;B;14:00:00;822
23/04/2020;A;14:00:00;7347
23/04/2020;B;14:00:00;878
24/04/2020;A;14:00:00;7538
24/04/2020;B;14:00:00;847
25/04/2020;A;14:00:00;7739
25/04/2020;B;14:00:00;802
26/04/2020;A;14:00:00;2575
26/04/2020;B;14:00:00;413
27/04/2020;A;14:00:00;8011
27/04/2020;B;14:00:00;820
28/04/2020;A;14:00:00;8298
28/04/2020;B;14:00:00;763
29/04/2020;A;14:00:00;8582
29/04/2020;B;14:00:00;790
30/04/2020;A;14:00:00;8507
30/04/2020;B;14:00:00;822
1/05/2020;A;14:00:00;4619
1/05/2020;B;14:00:00;550
2/05/2020;A;14:00:00;8965
2/05/2020;B;14:00:00;885
3/05/2020;A;14:00:00;2796
3/05/2020;B;14:00:00;398
4/05/2020;A;14:00:00;8955
4/05/2020;B;14:00:00;835
5/05/2020;A;14:00:00;8854
5/05/2020;B;14:00:00;857
6/05/2020;A;14:00:00;9089
6/05/2020;B;14:00:00;871
7/05/2020;A;14:00:00;9018
7/05/2020;B;14:00:00;885
8/05/2020;A;14:00:00;9449
8/05/2020;B;14:00:00;951
9/05/2020;A;14:00:00;11263
9/05/2020;B;14:00:00;1093
10/05/2020;A;14:00:00;2436
10/05/2020;B;14:00:00;351
11/05/2020;A;14:00:00;9625
11/05/2020;B;14:00:00;903
12/05/2020;A;14:00:00;9646
12/05/2020;B;14:00:00;814
13/05/2020;A;14:00:00;9850
13/05/2020;B;14:00:00;893
14/05/2020;A;14:00:00;9611
14/05/2020;B;14:00:00;878
15/05/2020;A;14:00:00;10021
15/05/2020;B;14:00:00;949
16/05/2020;A;14:00:00;12468
16/05/2020;B;14:00:00;1201
17/05/2020;A;14:00:00;3366
17/05/2020;B;14:00:00;393
18/05/2020;A;14:00:00;10019
18/05/2020;B;14:00:00;973
19/05/2020;A;14:00:00;9907
19/05/2020;B;14:00:00;973
20/05/2020;A;14:00:00;10016
20/05/2020;B;14:00:00;933
21/05/2020;A;14:00:00;10148
21/05/2020;B;14:00:00;992
22/05/2020;A;14:00:00;10803
22/05/2020;B;14:00:00;1111
23/05/2020;A;14:00:00;13238
23/05/2020;B;14:00:00;1355
24/05/2020;A;14:00:00;3701
24/05/2020;B;14:00:00;464
25/05/2020;A;14:00:00;4453
25/05/2020;B;14:00:00;571
26/05/2020;A;14:00:00;10288
26/05/2020;B;14:00:00;1025
27/05/2020;A;14:00:00;10263
27/05/2020;B;14:00:00;1054
28/05/2020;A;14:00:00;10320
28/05/2020;B;14:00:00;1003
29/05/2020;A;14:00:00;10731
29/05/2020;B;14:00:00;1105
30/05/2020;A;14:00:00;14327
30/05/2020;B;14:00:00;1482
31/05/2020;A;14:00:00;3873
31/05/2020;B;14:00:00;501
1/06/2020;A;14:00:00;11461
1/06/2020;B;14:00:00;1161
2/06/2020;A;14:00:00;11792
2/06/2020;B;14:00:00;1198
3/06/2020;A;14:00:00;11625
3/06/2020;B;14:00:00;1182
4/06/2020;A;14:00:00;11562
4/06/2020;B;14:00:00;1324
5/06/2020;A;14:00:00;12370
5/06/2020;B;14:00:00;1380
6/06/2020;A;14:00:00;16497
6/06/2020;B;14:00:00;1762
7/06/2020;A;14:00:00;4535
7/06/2020;B;14:00:00;635
8/06/2020;A;14:00:00;11960
8/06/2020;B;14:00:00;1301
9/06/2020;A;14:00:00;12204
9/06/2020;B;14:00:00;1301
10/06/2020;A;14:00:00;11852
10/06/2020;B;14:00:00;1367
11/06/2020;A;14:00:00;12287
11/06/2020;B;14:00:00;1404
12/06/2020;A;14:00:00;13093
12/06/2020;B;14:00:00;1398
14/06/2020;A;14:00:00;5213
14/06/2020;B;14:00:00;781
15/06/2020;A;14:00:00;6036
15/06/2020;B;14:00:00;791
16/06/2020;A;14:00:00;12777
16/06/2020;B;14:00:00;1485
17/06/2020;A;14:00:00;13038
17/06/2020;B;14:00:00;1446
18/06/2020;A;14:00:00;12690
18/06/2020;B;14:00:00;1266
19/06/2020;A;14:00:00;15076
19/06/2020;B;14:00:00;1722
20/06/2020;A;14:00:00;17956
20/06/2020;B;14:00:00;2067
21/06/2020;A;14:00:00;5280
21/06/2020;B;14:00:00;687
22/06/2020;A;14:00:00;5898
22/06/2020;B;14:00:00;869
23/06/2020;A;14:00:00;13009
23/06/2020;B;14:00:00;1439
24/06/2020;A;14:00:00;13004
24/06/2020;B;14:00:00;1392
25/06/2020;A;14:00:00;13137
25/06/2020;B;14:00:00;1523
26/06/2020;A;14:00:00;13396
26/06/2020;B;14:00:00;1635
27/06/2020;A;14:00:00;18148
27/06/2020;B;14:00:00;2073
28/06/2020;A;14:00:00;5927
28/06/2020;B;14:00:00;801
29/06/2020;A;14:00:00;6630
29/06/2020;B;14:00:00;826
30/06/2020;A;14:00:00;13383
30/06/2020;B;14:00:00;1399
1/07/2020;A;14:00:00;13693
1/07/2020;B;14:00:00;1546
2/07/2020;A;14:00:00;13667
2/07/2020;B;14:00:00;1570
3/07/2020;A;14:00:00;13629
3/07/2020;B;14:00:00;1540
4/07/2020;A;14:00:00;19073
4/07/2020;B;14:00:00;2054
5/07/2020;A;14:00:00;5895
5/07/2020;B;14:00:00;738
6/07/2020;A;14:00:00;13376
6/07/2020;B;14:00:00;1581
7/07/2020;A;14:00:00;13434
7/07/2020;B;14:00:00;1557
8/07/2020;A;14:00:00;13142
8/07/2020;B;14:00:00;1566
9/07/2020;A;14:00:00;13054
9/07/2020;B;14:00:00;1542
10/07/2020;A;14:00:00;13764
10/07/2020;B;14:00:00;1441
11/07/2020;A;14:00:00;17784
11/07/2020;B;14:00:00;2122
12/07/2020;A;14:00:00;5929
12/07/2020;B;14:00:00;718
13/07/2020;A;14:00:00;10797
13/07/2020;B;14:00:00;1206
14/07/2020;A;14:00:00;10481
14/07/2020;B;14:00:00;1148
15/07/2020;A;14:00:00;10280
15/07/2020;B;14:00:00;1137
16/07/2020;A;14:00:00;11068
16/07/2020;B;14:00:00;1274
17/07/2020;A;14:00:00;6776
17/07/2020;B;14:00:00;592
18/07/2020;A;14:00:00;7220
18/07/2020;B;14:00:00;617
19/07/2020;A;14:00:00;2102
19/07/2020;B;14:00:00;230
20/07/2020;A;14:00:00;2564
20/07/2020;B;14:00:00;299
21/07/2020;A;14:00:00;10955
21/07/2020;B;14:00:00;1275
22/07/2020;A;14:00:00;10483
22/07/2020;B;14:00:00;1270
23/07/2020;A;14:00:00;10743
23/07/2020;B;14:00:00;1274
24/07/2020;A;14:00:00;7221
24/07/2020;B;14:00:00;672
25/07/2020;A;14:00:00;8781
25/07/2020;B;14:00:00;767
26/07/2020;A;14:00:00;2556
26/07/2020;B;14:00:00;273
27/07/2020;A;14:00:00;11046
27/07/2020;B;14:00:00;1283
28/07/2020;A;14:00:00;10659
28/07/2020;B;14:00:00;1251
29/07/2020;A;14:00:00;10665
29/07/2020;B;14:00:00;1282
30/07/2020;A;14:00:00;10586
30/07/2020;B;14:00:00;1150
31/07/2020;A;14:00:00;7569
31/07/2020;B;14:00:00;765
1/08/2020;A;14:00:00;8944
1/08/2020;B;14:00:00;899
2/08/2020;A;14:00:00;2368
2/08/2020;B;14:00:00;270
3/08/2020;A;14:00:00;10843
3/08/2020;B;14:00:00;1289
4/08/2020;A;14:00:00;10591
4/08/2020;B;14:00:00;1231
5/08/2020;A;14:00:00;11263
5/08/2020;B;14:00:00;1417
6/08/2020;A;14:00:00;11986
6/08/2020;B;14:00:00;1414
7/08/2020;A;14:00:00;5050
7/08/2020;B;14:00:00;476
9/08/2020;A;14:00:00;2403
9/08/2020;B;14:00:00;304
10/08/2020;A;14:00:00;11278
10/08/2020;B;14:00:00;1307
11/08/2020;A;14:00:00;11219
11/08/2020;B;14:00:00;1243
12/08/2020;A;14:00:00;10810
12/08/2020;B;14:00:00;1207
13/08/2020;A;14:00:00;11139
13/08/2020;B;14:00:00;1303
14/08/2020;A;14:00:00;11614
14/08/2020;B;14:00:00;1285
15/08/2020;A;14:00:00;11084
15/08/2020;B;14:00:00;1118
16/08/2020;A;14:00:00;3181
16/08/2020;B;14:00:00;348
17/08/2020;A;14:00:00;4147
17/08/2020;B;14:00:00;444
18/08/2020;A;14:00:00;11894
18/08/2020;B;14:00:00;1389
19/08/2020;A;14:00:00;11709
19/08/2020;B;14:00:00;1324
20/08/2020;A;14:00:00;23200
20/08/2020;B;14:00:00;2546
21/08/2020;A;14:00:00;11728
21/08/2020;B;14:00:00;1274
22/08/2020;A;14:00:00;17156
22/08/2020;B;14:00:00;1895
23/08/2020;A;14:00:00;5129
23/08/2020;B;14:00:00;677
24/08/2020;A;14:00:00;12027
24/08/2020;B;14:00:00;1362
25/08/2020;A;14:00:00;12018
25/08/2020;B;14:00:00;1346
26/08/2020;A;14:00:00;11865
26/08/2020;B;14:00:00;1338
27/08/2020;A;14:00:00;12045
27/08/2020;B;14:00:00;1408
28/08/2020;A;14:00:00;12879
28/08/2020;B;14:00:00;1476
29/08/2020;A;14:00:00;17748
29/08/2020;B;14:00:00;1941
30/08/2020;A;14:00:00;5499
30/08/2020;B;14:00:00;674
31/08/2020;A;14:00:00;14075
31/08/2020;B;14:00:00;1591
1/09/2020;A;14:00:00;15284
1/09/2020;B;14:00:00;1909
2/09/2020;A;14:00:00;15249
2/09/2020;B;14:00:00;1914
3/09/2020;A;14:00:00;13462
3/09/2020;B;14:00:00;1389
4/09/2020;A;14:00:00;16631
4/09/2020;B;14:00:00;2071
5/09/2020;A;14:00:00;22842
5/09/2020;B;14:00:00;2825
6/09/2020;A;14:00:00;8738
6/09/2020;B;14:00:00;1318
7/09/2020;A;14:00:00;16306
7/09/2020;B;14:00:00;1972
8/09/2020;A;14:00:00;15514
8/09/2020;B;14:00:00;1896
9/09/2020;A;14:00:00;16174
9/09/2020;B;14:00:00;2071
10/09/2020;A;14:00:00;16217
10/09/2020;B;14:00:00;1997
11/09/2020;A;14:00:00;18077
11/09/2020;B;14:00:00;2270
12/09/2020;A;14:00:00;23859
12/09/2020;B;14:00:00;2924
13/09/2020;A;14:00:00;9704
13/09/2020;B;14:00:00;1423
14/09/2020;A;14:00:00;16696
14/09/2020;B;14:00:00;2025
15/09/2020;A;14:00:00;16554
15/09/2020;B;14:00:00;2087
16/09/2020;A;14:00:00;16985
16/09/2020;B;14:00:00;2226
17/09/2020;A;14:00:00;17331
17/09/2020;B;14:00:00;2231
18/09/2020;A;14:00:00;18335
18/09/2020;B;14:00:00;2344
19/09/2020;A;14:00:00;26042
19/09/2020;B;14:00:00;3226
20/09/2020;A;14:00:00;9993
20/09/2020;B;14:00:00;1575
21/09/2020;A;14:00:00;18462
21/09/2020;B;14:00:00;2332
22/09/2020;A;14:00:00;17649
22/09/2020;B;14:00:00;2283
23/09/2020;A;14:00:00;17475
23/09/2020;B;14:00:00;2240
24/09/2020;A;14:00:00;17288
24/09/2020;B;14:00:00;2176
25/09/2020;A;14:00:00;18699
25/09/2020;B;14:00:00;2284
26/09/2020;A;14:00:00;26549
26/09/2020;B;14:00:00;3228
27/09/2020;A;14:00:00;11086
27/09/2020;B;14:00:00;1581
28/09/2020;A;14:00:00;17911
28/09/2020;B;14:00:00;2239
29/09/2020;A;14:00:00;17224
29/09/2020;B;14:00:00;2249
30/09/2020;A;14:00:00;17966
30/09/2020;B;14:00:00;2262
1/10/2020;A;14:00:00;18580
1/10/2020;B;14:00:00;2458
2/10/2020;A;14:00:00;19954
2/10/2020;B;14:00:00;2409
3/10/2020;A;14:00:00;28607
3/10/2020;B;14:00:00;3404
4/10/2020;A;14:00:00;11913
4/10/2020;B;14:00:00;1693
5/10/2020;A;14:00:00;18477
5/10/2020;B;14:00:00;2291
6/10/2020;A;14:00:00;18952
6/10/2020;B;14:00:00;2420
7/10/2020;A;14:00:00;19021
7/10/2020;B;14:00:00;2289
8/10/2020;A;14:00:00;18794
8/10/2020;B;14:00:00;2436
9/10/2020;A;14:00:00;20673
9/10/2020;B;14:00:00;2455
10/10/2020;A;14:00:00;27779
10/10/2020;B;14:00:00;3352
11/10/2020;A;14:00:00;11889
11/10/2020;B;14:00:00;1774
12/10/2020;A;14:00:00;11372
12/10/2020;B;14:00:00;1744
13/10/2020;A;14:00:00;18509
13/10/2020;B;14:00:00;2223
14/10/2020;A;14:00:00;18787
14/10/2020;B;14:00:00;2377
15/10/2020;A;14:00:00;18723
15/10/2020;B;14:00:00;2416
16/10/2020;A;14:00:00;20069
16/10/2020;B;14:00:00;2548
17/10/2020;A;14:00:00;29268
17/10/2020;B;14:00:00;3606
18/10/2020;A;14:00:00;12921
18/10/2020;B;14:00:00;1316
19/10/2020;A;14:00:00;19244
19/10/2020;B;14:00:00;2383
20/10/2020;A;14:00:00;19299
20/10/2020;B;14:00:00;2439
21/10/2020;A;14:00:00;20670
21/10/2020;B;14:00:00;2448
22/10/2020;A;14:00:00;18842
22/10/2020;B;14:00:00;2415
23/10/2020;A;14:00:00;19780
23/10/2020;B;14:00:00;2612
24/10/2020;A;14:00:00;29366
24/10/2020;B;14:00:00;3758
25/10/2020;A;14:00:00;11756
25/10/2020;B;14:00:00;1566
26/10/2020;A;14:00:00;19040
26/10/2020;B;14:00:00;2415
27/10/2020;A;14:00:00;19245
27/10/2020;B;14:00:00;2470
28/10/2020;A;14:00:00;19062
28/10/2020;B;14:00:00;2337
29/10/2020;A;14:00:00;19293
29/10/2020;B;14:00:00;2473
30/10/2020;A;14:00:00;21469
30/10/2020;B;14:00:00;2641
31/10/2020;A;14:00:00;27333
31/10/2020;B;14:00:00;3221
1/11/2020;A;14:00:00;10935
1/11/2020;B;14:00:00;1630
2/11/2020;A;14:00:00;11152
2/11/2020;B;14:00:00;1605
3/11/2020;A;14:00:00;20586
3/11/2020;B;14:00:00;2630
4/11/2020;A;14:00:00;19895
4/11/2020;B;14:00:00;2593
5/11/2020;A;14:00:00;19671
5/11/2020;B;14:00:00;2487
6/11/2020;A;14:00:00;20965
6/11/2020;B;14:00:00;2746
7/11/2020;A;14:00:00;31472
7/11/2020;B;14:00:00;3957
8/11/2020;A;14:00:00;13532
8/11/2020;B;14:00:00;2125
9/11/2020;A;14:00:00;20484
9/11/2020;B;14:00:00;2544
10/11/2020;A;14:00:00;20286
10/11/2020;B;14:00:00;2556
11/11/2020;A;14:00:00;19927
11/11/2020;B;14:00:00;2527
13/11/2020;A;14:00:00;23703
13/11/2020;B;14:00:00;2827
14/11/2020;A;14:00:00;31687
14/11/2020;B;14:00:00;4011
15/11/2020;A;14:00:00;14739
15/11/2020;B;14:00:00;2227
16/11/2020;A;14:00:00;14237
16/11/2020;B;14:00:00;1945
17/11/2020;A;14:00:00;23041
17/11/2020;B;14:00:00;2724
18/11/2020;A;14:00:00;20803
18/11/2020;B;14:00:00;2587
19/11/2020;A;14:00:00;21094
19/11/2020;B;14:00:00;2739
20/11/2020;A;14:00:00;21318
20/11/2020;B;14:00:00;2886
21/11/2020;A;14:00:00;36315
21/11/2020;B;14:00:00;4370
22/11/2020;A;14:00:00;15416
22/11/2020;B;14:00:00;1964
23/11/2020;A;14:00:00;21372
23/11/2020;B;14:00:00;2692
24/11/2020;A;14:00:00;20706
24/11/2020;B;14:00:00;2735
25/11/2020;A;14:00:00;21973
25/11/2020;B;14:00:00;2700
26/11/2020;A;14:00:00;21322
26/11/2020;B;14:00:00;2678
27/11/2020;A;14:00:00;23649
27/11/2020;B;14:00:00;3123
28/11/2020;A;14:00:00;35280
28/11/2020;B;14:00:00;4486
29/11/2020;A;14:00:00;16905
29/11/2020;B;14:00:00;2412
30/11/2020;A;14:00:00;22718
30/11/2020;B;14:00:00;2857
1/12/2020;A;14:00:00;23005
1/12/2020;B;14:00:00;2930
2/12/2020;A;14:00:00;22225
2/12/2020;B;14:00:00;2707
3/12/2020;A;14:00:00;23046
3/12/2020;B;14:00:00;3060
4/12/2020;A;14:00:00;25188
4/12/2020;B;14:00:00;3173
5/12/2020;A;14:00:00;37464
5/12/2020;B;14:00:00;4642
6/12/2020;A;14:00:00;17701
6/12/2020;B;14:00:00;2352
7/12/2020;A;14:00:00;25038
7/12/2020;B;14:00:00;3089
8/12/2020;A;14:00:00;15936
8/12/2020;B;14:00:00;2156
9/12/2020;A;14:00:00;24035
9/12/2020;B;14:00:00;3028
10/12/2020;A;14:00:00;23693
10/12/2020;B;14:00:00;2913
11/12/2020;A;14:00:00;24735
11/12/2020;B;14:00:00;3087
12/12/2020;A;14:00:00;36611
12/12/2020;B;14:00:00;4416
13/12/2020;A;14:00:00;18327
13/12/2020;B;14:00:00;2428
14/12/2020;A;14:00:00;23874
14/12/2020;B;14:00:00;3056
15/12/2020;A;14:00:00;24325
15/12/2020;B;14:00:00;3155
16/12/2020;A;14:00:00;24669
16/12/2020;B;14:00:00;3151
17/12/2020;A;14:00:00;24026
17/12/2020;B;14:00:00;3104
18/12/2020;A;14:00:00;26367
18/12/2020;B;14:00:00;3096
19/12/2020;A;14:00:00;39159
19/12/2020;B;14:00:00;4631
20/12/2020;A;14:00:00;21375
20/12/2020;B;14:00:00;2740
21/12/2020;A;14:00:00;28396
21/12/2020;B;14:00:00;3617
22/12/2020;A;14:00:00;22840
22/12/2020;B;14:00:00;2852
23/12/2020;A;14:00:00;25966
23/12/2020;B;14:00:00;3101
24/12/2020;A;14:00:00;28323
24/12/2020;B;14:00:00;3573
25/12/2020;A;14:00:00;4910
25/12/2020;B;14:00:00;518
26/12/2020;A;14:00:00;20696
26/12/2020;B;14:00:00;2885
27/12/2020;A;14:00:00;27040
27/12/2020;B;14:00:00;3874
28/12/2020;A;14:00:00;22130
28/12/2020;B;14:00:00;2819
29/12/2020;A;14:00:00;22432
29/12/2020;B;14:00:00;3025
30/12/2020;A;14:00:00;24317
30/12/2020;B;14:00:00;2992
31/12/2020;A;14:00:00;23544
31/12/2020;B;14:00:00;3133
1/01/2021;A;14:00:00;1571
1/01/2021;B;14:00:00;155
2/01/2021;A;14:00:00;5538
2/01/2021;B;14:00:00;491
3/01/2021;A;14:00:00;11429
3/01/2021;B;14:00:00;1716
4/01/2021;A;14:00:00;20403
4/01/2021;B;14:00:00;2599
5/01/2021;A;14:00:00;20463
5/01/2021;B;14:00:00;2599
6/01/2021;A;14:00:00;19410
6/01/2021;B;14:00:00;2482
7/01/2021;A;14:00:00;19767
7/01/2021;B;14:00:00;2504
8/01/2021;A;14:00:00;21736
8/01/2021;B;14:00:00;2663
9/01/2021;A;14:00:00;12502
9/01/2021;B;14:00:00;1034
10/01/2021;A;14:00:00;3835
10/01/2021;B;14:00:00;365
11/01/2021;A;14:00:00;4789
11/01/2021;B;14:00:00;511
12/01/2021;A;14:00:00;22270
12/01/2021;B;14:00:00;2704
13/01/2021;A;14:00:00;21233
13/01/2021;B;14:00:00;2621
14/01/2021;A;14:00:00;20475
14/01/2021;B;14:00:00;2530
15/01/2021;A;14:00:00;22017
15/01/2021;B;14:00:00;2716
16/01/2021;A;14:00:00;17762
16/01/2021;B;14:00:00;1583
17/01/2021;A;14:00:00;4722
17/01/2021;B;14:00:00;533
18/01/2021;A;14:00:00;22587
18/01/2021;B;14:00:00;2762
19/01/2021;A;14:00:00;21277
19/01/2021;B;14:00:00;2679
20/01/2021;A;14:00:00;21633
20/01/2021;B;14:00:00;2758
21/01/2021;A;14:00:00;20885
21/01/2021;B;14:00:00;2697
22/01/2021;A;14:00:00;22107
22/01/2021;B;14:00:00;2671
23/01/2021;A;14:00:00;29587
23/01/2021;B;14:00:00;3772
24/01/2021;A;14:00:00;11993
24/01/2021;B;14:00:00;1770
25/01/2021;A;14:00:00;20944
25/01/2021;B;14:00:00;2665
26/01/2021;A;14:00:00;20551
26/01/2021;B;14:00:00;2680
27/01/2021;A;14:00:00;20747
27/01/2021;B;14:00:00;2592
28/01/2021;A;14:00:00;20676
28/01/2021;B;14:00:00;2589
29/01/2021;A;14:00:00;22512
29/01/2021;B;14:00:00;2803
30/01/2021;A;14:00:00;32460
30/01/2021;B;14:00:00;3976
31/01/2021;A;14:00:00;12986
31/01/2021;B;14:00:00;2015
1/02/2021;A;14:00:00;21699
1/02/2021;B;14:00:00;2783
2/02/2021;A;14:00:00;21788
2/02/2021;B;14:00:00;2739
3/02/2021;A;14:00:00;21552
3/02/2021;B;14:00:00;2706
4/02/2021;A;14:00:00;21212
4/02/2021;B;14:00:00;2711
5/02/2021;A;14:00:00;23130
5/02/2021;B;14:00:00;2765
6/02/2021;A;14:00:00;32477
6/02/2021;B;14:00:00;4033
7/02/2021;A;14:00:00;13001
7/02/2021;B;14:00:00;2139
8/02/2021;A;14:00:00;22042
8/02/2021;B;14:00:00;2719
9/02/2021;A;14:00:00;21708
9/02/2021;B;14:00:00;2670
10/02/2021;A;14:00:00;21730
10/02/2021;B;14:00:00;2720
11/02/2021;A;14:00:00;21683
11/02/2021;B;14:00:00;2670
12/02/2021;A;14:00:00;23063
12/02/2021;B;14:00:00;2768
13/02/2021;A;14:00:00;33166
13/02/2021;B;14:00:00;3971
14/02/2021;A;14:00:00;13114
14/02/2021;B;14:00:00;2289
15/02/2021;A;14:00:00;22691
15/02/2021;B;14:00:00;2828
16/02/2021;A;14:00:00;22745
16/02/2021;B;14:00:00;2896
17/02/2021;A;14:00:00;22340
17/02/2021;B;14:00:00;2952
18/02/2021;A;14:00:00;22481
18/02/2021;B;14:00:00;2878
19/02/2021;A;14:00:00;24097
19/02/2021;B;14:00:00;3014
20/02/2021;A;14:00:00;34271
20/02/2021;B;14:00:00;4328
21/02/2021;A;14:00:00;14548
21/02/2021;B;14:00:00;2275
22/02/2021;A;14:00:00;23714
22/02/2021;B;14:00:00;3059
23/02/2021;A;14:00:00;22252
23/02/2021;B;14:00:00;2804
24/02/2021;A;14:00:00;22562
24/02/2021;B;14:00:00;2838
25/02/2021;A;14:00:00;22293
25/02/2021;B;14:00:00;2825
26/02/2021;A;14:00:00;24523
26/02/2021;B;14:00:00;3010
27/02/2021;A;14:00:00;34890
27/02/2021;B;14:00:00;4578
28/02/2021;A;14:00:00;14936
28/02/2021;B;14:00:00;2348
1/03/2021;A;14:00:00;25330
1/03/2021;B;14:00:00;3295
2/03/2021;A;14:00:00;23337
2/03/2021;B;14:00:00;3000
3/03/2021;A;14:00:00;23260
3/03/2021;B;14:00:00;3006
4/03/2021;A;14:00:00;23346
4/03/2021;B;14:00:00;3025
5/03/2021;A;14:00:00;24949
5/03/2021;B;14:00:00;3132
6/03/2021;A;14:00:00;35518
6/03/2021;B;14:00:00;4511
7/03/2021;A;14:00:00;14260
7/03/2021;B;14:00:00;2284
8/03/2021;A;14:00:00;24519
8/03/2021;B;14:00:00;3219
9/03/2021;A;14:00:00;23052
9/03/2021;B;14:00:00;2951
10/03/2021;A;14:00:00;22906
10/03/2021;B;14:00:00;2988
11/03/2021;A;14:00:00;22619
11/03/2021;B;14:00:00;3069
12/03/2021;A;14:00:00;23855
12/03/2021;B;14:00:00;3081
13/03/2021;A;14:00:00;35785
13/03/2021;B;14:00:00;4840
14/03/2021;A;14:00:00;14508
14/03/2021;B;14:00:00;2511
15/03/2021;A;14:00:00;23603
15/03/2021;B;14:00:00;3138
16/03/2021;A;14:00:00;23740
16/03/2021;B;14:00:00;3094
17/03/2021;A;14:00:00;23721
17/03/2021;B;14:00:00;3008
18/03/2021;A;14:00:00;23362
18/03/2021;B;14:00:00;3013
19/03/2021;A;14:00:00;25560
19/03/2021;B;14:00:00;3255
20/03/2021;A;14:00:00;36594
20/03/2021;B;14:00:00;4622
21/03/2021;A;14:00:00;14999
21/03/2021;B;14:00:00;2611
22/03/2021;A;14:00:00;11589
22/03/2021;B;14:00:00;2237
23/03/2021;A;14:00:00;19300
23/03/2021;B;14:00:00;2869
24/03/2021;A;14:00:00;20877
24/03/2021;B;14:00:00;3227
25/03/2021;A;14:00:00;19602
25/03/2021;B;14:00:00;2858
26/03/2021;A;14:00:00;21283
26/03/2021;B;14:00:00;3016
27/03/2021;A;14:00:00;29805
27/03/2021;B;14:00:00;4159
28/03/2021;A;14:00:00;12624
28/03/2021;B;14:00:00;2101
29/03/2021;A;14:00:00;19759
29/03/2021;B;14:00:00;2641
30/03/2021;A;14:00:00;19839
30/03/2021;B;14:00:00;2845
31/03/2021;A;14:00:00;28024
31/03/2021;B;14:00:00;3672
1/04/2021;A;14:00:00;9425
1/04/2021;B;14:00:00;1753
2/04/2021;A;14:00:00;6676
2/04/2021;B;14:00:00;1246
3/04/2021;A;14:00:00;17752
3/04/2021;B;14:00:00;2685
4/04/2021;A;14:00:00;10670
4/04/2021;B;14:00:00;1656
5/04/2021;A;14:00:00;21141
5/04/2021;B;14:00:00;2733
6/04/2021;A;14:00:00;21248
6/04/2021;B;14:00:00;2653
7/04/2021;A;14:00:00;20408
7/04/2021;B;14:00:00;2605
8/04/2021;A;14:00:00;20578
8/04/2021;B;14:00:00;2518
9/04/2021;A;14:00:00;11262
9/04/2021;B;14:00:00;1067
10/04/2021;A;14:00:00;14071
10/04/2021;B;14:00:00;1326
11/04/2021;A;14:00:00;4386
11/04/2021;B;14:00:00;528
12/04/2021;A;14:00:00;19844
12/04/2021;B;14:00:00;2566
13/04/2021;A;14:00:00;18892
13/04/2021;B;14:00:00;2419
14/04/2021;A;14:00:00;18758
14/04/2021;B;14:00:00;2439
15/04/2021;A;14:00:00;20019
15/04/2021;B;14:00:00;2625
16/04/2021;A;14:00:00;12915
16/04/2021;B;14:00:00;1233
17/04/2021;A;14:00:00;17439
17/04/2021;B;14:00:00;1549
18/04/2021;A;14:00:00;5049
18/04/2021;B;14:00:00;523
19/04/2021;A;14:00:00;20275
19/04/2021;B;14:00:00;2574
20/04/2021;A;14:00:00;19196
20/04/2021;B;14:00:00;2572
21/04/2021;A;14:00:00;19470
21/04/2021;B;14:00:00;2565
22/04/2021;A;14:00:00;20521
22/04/2021;B;14:00:00;2677
23/04/2021;A;14:00:00;13429
23/04/2021;B;14:00:00;1376
24/04/2021;A;14:00:00;18335
24/04/2021;B;14:00:00;1808
25/04/2021;A;14:00:00;5325
25/04/2021;B;14:00:00;602
26/04/2021;A;14:00:00;20653
26/04/2021;B;14:00:00;2615
27/04/2021;A;14:00:00;20332
27/04/2021;B;14:00:00;2457
28/04/2021;A;14:00:00;22452
28/04/2021;B;14:00:00;1851
29/04/2021;A;14:00:00;24521
29/04/2021;B;14:00:00;3014
30/04/2021;A;14:00:00;14938
30/04/2021;B;14:00:00;1708
1/05/2021;A;14:00:00;2485
1/05/2021;B;14:00:00;269
2/05/2021;A;14:00:00;1793
2/05/2021;B;14:00:00;197
3/05/2021;A;14:00:00;27318
3/05/2021;B;14:00:00;3511
4/05/2021;A;14:00:00;20806
4/05/2021;B;14:00:00;2714
5/05/2021;A;14:00:00;29461
5/05/2021;B;14:00:00;3243
6/05/2021;A;14:00:00;21872
6/05/2021;B;14:00:00;2694
7/05/2021;A;14:00:00;20919
7/05/2021;B;14:00:00;2615
8/05/2021;A;14:00:00;19903
8/05/2021;B;14:00:00;1931
9/05/2021;A;14:00:00;5838
9/05/2021;B;14:00:00;854
10/05/2021;A;14:00:00;21824
10/05/2021;B;14:00:00;2821
11/05/2021;A;14:00:00;20453
11/05/2021;B;14:00:00;2641
12/05/2021;A;14:00:00;23997
12/05/2021;B;14:00:00;2842
13/05/2021;A;14:00:00;20496
13/05/2021;B;14:00:00;2679
14/05/2021;A;14:00:00;22505
14/05/2021;B;14:00:00;2749
15/05/2021;A;14:00:00;29391
15/05/2021;B;14:00:00;3709
16/05/2021;A;14:00:00;11492
16/05/2021;B;14:00:00;1727
17/05/2021;A;14:00:00;10804
17/05/2021;B;14:00:00;1818
18/05/2021;A;14:00:00;23026
18/05/2021;B;14:00:00;2916
19/05/2021;A;14:00:00;23600
19/05/2021;B;14:00:00;2826
20/05/2021;A;14:00:00;21427
20/05/2021;B;14:00:00;2843
21/05/2021;A;14:00:00;22463
21/05/2021;B;14:00:00;2983
22/05/2021;A;14:00:00;31180
22/05/2021;B;14:00:00;3984
23/05/2021;A;14:00:00;11867
23/05/2021;B;14:00:00;1886
24/05/2021;A;14:00:00;20803
24/05/2021;B;14:00:00;2725
25/05/2021;A;14:00:00;20978
25/05/2021;B;14:00:00;2852
26/05/2021;A;14:00:00;21865
26/05/2021;B;14:00:00;2759
27/05/2021;A;14:00:00;22026
27/05/2021;B;14:00:00;2794
28/05/2021;A;14:00:00;25846
28/05/2021;B;14:00:00;3796
29/05/2021;A;14:00:00;30653
29/05/2021;B;14:00:00;3687
30/05/2021;A;14:00:00;12335
30/05/2021;B;14:00:00;2069
31/05/2021;A;14:00:00;22433
31/05/2021;B;14:00:00;3002
1/06/2021;A;14:00:00;21603
1/06/2021;B;14:00:00;2862
2/06/2021;A;14:00:00;24573
2/06/2021;B;14:00:00;3022
3/06/2021;A;14:00:00;21882
3/06/2021;B;14:00:00;2988
4/06/2021;A;14:00:00;23612
4/06/2021;B;14:00:00;2975
5/06/2021;A;14:00:00;33531
5/06/2021;B;14:00:00;4005
6/06/2021;A;14:00:00;13344
6/06/2021;B;14:00:00;2275
7/06/2021;A;14:00:00;12804
7/06/2021;B;14:00:00;2108
8/06/2021;A;14:00:00;23489
8/06/2021;B;14:00:00;3021
9/06/2021;A;14:00:00;23916
9/06/2021;B;14:00:00;3014
10/06/2021;A;14:00:00;22564
10/06/2021;B;14:00:00;2826
11/06/2021;A;14:00:00;23865
11/06/2021;B;14:00:00;2929
12/06/2021;A;14:00:00;33460
12/06/2021;B;14:00:00;4320
13/06/2021;A;14:00:00;12790
13/06/2021;B;14:00:00;2155
14/06/2021;A;14:00:00;13049
14/06/2021;B;14:00:00;2256
15/06/2021;A;14:00:00;23642
15/06/2021;B;14:00:00;3149
16/06/2021;A;14:00:00;24764
16/06/2021;B;14:00:00;3128
17/06/2021;A;14:00:00;15664
17/06/2021;B;14:00:00;2548
18/06/2021;A;14:00:00;24244
18/06/2021;B;14:00:00;3179
19/06/2021;A;14:00:00;34042
19/06/2021;B;14:00:00;4542
20/06/2021;A;14:00:00;13497
20/06/2021;B;14:00:00;2210
21/06/2021;A;14:00:00;23337
21/06/2021;B;14:00:00;3207
22/06/2021;A;14:00:00;22288
22/06/2021;B;14:00:00;2972
23/06/2021;A;14:00:00;23322
23/06/2021;B;14:00:00;3164
24/06/2021;A;14:00:00;22304
24/06/2021;B;14:00:00;2953
25/06/2021;A;14:00:00;24477
25/06/2021;B;14:00:00;3227
26/06/2021;A;14:00:00;33727
26/06/2021;B;14:00:00;4254
27/06/2021;A;14:00:00;14984
27/06/2021;B;14:00:00;2588
28/06/2021;A;14:00:00;25283
28/06/2021;B;14:00:00;2955
29/06/2021;A;14:00:00;23284
29/06/2021;B;14:00:00;3082
30/06/2021;A;14:00:00;23680
30/06/2021;B;14:00:00;3220
1/07/2021;A;14:00:00;24057
1/07/2021;B;14:00:00;3227
2/07/2021;A;14:00:00;26076
2/07/2021;B;14:00:00;3493
3/07/2021;A;14:00:00;35781
3/07/2021;B;14:00:00;4563
4/07/2021;A;14:00:00;17493
4/07/2021;B;14:00:00;3025
5/07/2021;A;14:00:00;14654
5/07/2021;B;14:00:00;2537
6/07/2021;A;14:00:00;24776
6/07/2021;B;14:00:00;3140
7/07/2021;A;14:00:00;24338
7/07/2021;B;14:00:00;3082
8/07/2021;A;14:00:00;23925
8/07/2021;B;14:00:00;3094
9/07/2021;A;14:00:00;24919
9/07/2021;B;14:00:00;3257
10/07/2021;A;14:00:00;33707
10/07/2021;B;14:00:00;4792
11/07/2021;A;14:00:00;14587
11/07/2021;B;14:00:00;2537
12/07/2021;A;14:00:00;23610
12/07/2021;B;14:00:00;3139
13/07/2021;A;14:00:00;23331
13/07/2021;B;14:00:00;3068
14/07/2021;A;14:00:00;23373
14/07/2021;B;14:00:00;3134
15/07/2021;A;14:00:00;23585
15/07/2021;B;14:00:00;3132
16/07/2021;A;14:00:00;26047
16/07/2021;B;14:00:00;3412
17/07/2021;A;14:00:00;35660
17/07/2021;B;14:00:00;4681
18/07/2021;A;14:00:00;15562
18/07/2021;B;14:00:00;2760
19/07/2021;A;14:00:00;24587
19/07/2021;B;14:00:00;3524
20/07/2021;A;14:00:00;14104
20/07/2021;B;14:00:00;2113
21/07/2021;A;14:00:00;24825
21/07/2021;B;14:00:00;3330
22/07/2021;A;14:00:00;23887
22/07/2021;B;14:00:00;3268
23/07/2021;A;14:00:00;25539
23/07/2021;B;14:00:00;3397
24/07/2021;A;14:00:00;35226
24/07/2021;B;14:00:00;4594
25/07/2021;A;14:00:00;14720
25/07/2021;B;14:00:00;2499
26/07/2021;A;14:00:00;24481
26/07/2021;B;14:00:00;3230
27/07/2021;A;14:00:00;23927
27/07/2021;B;14:00:00;3061
28/07/2021;A;14:00:00;24778
28/07/2021;B;14:00:00;3208
29/07/2021;A;14:00:00;23204
29/07/2021;B;14:00:00;2875
30/07/2021;A;14:00:00;26130
30/07/2021;B;14:00:00;3436
31/07/2021;A;14:00:00;36663
31/07/2021;B;14:00:00;4783
1/08/2021;A;14:00:00;14597
1/08/2021;B;14:00:00;2712
2/08/2021;A;14:00:00;25987
2/08/2021;B;14:00:00;3309
3/08/2021;A;14:00:00;24382
3/08/2021;B;14:00:00;3374
4/08/2021;A;14:00:00;25595
4/08/2021;B;14:00:00;3251
5/08/2021;A;14:00:00;24883
5/08/2021;B;14:00:00;3285
6/08/2021;A;14:00:00;28106
6/08/2021;B;14:00:00;3560
7/08/2021;A;14:00:00;23929
7/08/2021;B;14:00:00;3619
8/08/2021;A;14:00:00;14310
8/08/2021;B;14:00:00;2645
9/08/2021;A;14:00:00;25625
9/08/2021;B;14:00:00;3263
10/08/2021;A;14:00:00;25813
10/08/2021;B;14:00:00;3307
11/08/2021;A;14:00:00;25251
11/08/2021;B;14:00:00;3453
12/08/2021;A;14:00:00;24695
12/08/2021;B;14:00:00;3228
13/08/2021;A;14:00:00;27530
13/08/2021;B;14:00:00;3731
14/08/2021;A;14:00:00;37471
14/08/2021;B;14:00:00;4848
15/08/2021;A;14:00:00;18654
15/08/2021;B;14:00:00;3267
16/08/2021;A;14:00:00;16545
16/08/2021;B;14:00:00;2739
17/08/2021;A;14:00:00;26714
17/08/2021;B;14:00:00;3646
18/08/2021;A;14:00:00;26024
18/08/2021;B;14:00:00;3511
19/08/2021;A;14:00:00;25520
19/08/2021;B;14:00:00;3405
20/08/2021;A;14:00:00;27878
20/08/2021;B;14:00:00;3692
21/08/2021;A;14:00:00;38586
21/08/2021;B;14:00:00;5242
22/08/2021;A;14:00:00;16722
22/08/2021;B;14:00:00;3093
23/08/2021;A;14:00:00;26260
23/08/2021;B;14:00:00;3474
24/08/2021;A;14:00:00;26098
24/08/2021;B;14:00:00;3441
25/08/2021;A;14:00:00;25501
25/08/2021;B;14:00:00;2701
26/08/2021;A;14:00:00;27463
26/08/2021;B;14:00:00;3498
27/08/2021;A;14:00:00;28598
27/08/2021;B;14:00:00;3649
28/08/2021;A;14:00:00;39457
28/08/2021;B;14:00:00;5089
29/08/2021;A;14:00:00;16132
29/08/2021;B;14:00:00;2623
30/08/2021;A;14:00:00;26506
30/08/2021;B;14:00:00;3404
31/08/2021;A;14:00:00;27443
31/08/2021;B;14:00:00;3510
1/09/2021;A;14:00:00;27270
1/09/2021;B;14:00:00;3648
2/09/2021;A;14:00:00;28222
2/09/2021;B;14:00:00;3579
3/09/2021;A;14:00:00;29400
3/09/2021;B;14:00:00;3790
4/09/2021;A;14:00:00;39360
4/09/2021;B;14:00:00;5039
5/09/2021;A;14:00:00;16864
5/09/2021;B;14:00:00;2960
6/09/2021;A;14:00:00;27652
6/09/2021;B;14:00:00;3549
7/09/2021;A;14:00:00;26595
7/09/2021;B;14:00:00;3386
8/09/2021;A;14:00:00;27104
8/09/2021;B;14:00:00;3447
9/09/2021;A;14:00:00;27160
9/09/2021;B;14:00:00;3729
10/09/2021;A;14:00:00;29077
10/09/2021;B;14:00:00;3973
11/09/2021;A;14:00:00;39723
11/09/2021;B;14:00:00;5288
12/09/2021;A;14:00:00;17145
12/09/2021;B;14:00:00;2910
13/09/2021;A;14:00:00;27776
13/09/2021;B;14:00:00;3596
14/09/2021;A;14:00:00;26978
14/09/2021;B;14:00:00;3503
15/09/2021;A;14:00:00;27014
15/09/2021;B;14:00:00;3636
16/09/2021;A;14:00:00;27408
16/09/2021;B;14:00:00;3620
17/09/2021;A;14:00:00;29717
17/09/2021;B;14:00:00;3889
18/09/2021;A;14:00:00;39489
18/09/2021;B;14:00:00;5436
19/09/2021;A;14:00:00;16012
19/09/2021;B;14:00:00;2794
20/09/2021;A;14:00:00;27509
20/09/2021;B;14:00:00;3602
21/09/2021;A;14:00:00;27246
21/09/2021;B;14:00:00;3490
22/09/2021;A;14:00:00;26580
22/09/2021;B;14:00:00;3599
23/09/2021;A;14:00:00;26541
23/09/2021;B;14:00:00;3488
24/09/2021;A;14:00:00;29371
24/09/2021;B;14:00:00;3847
25/09/2021;A;14:00:00;40490
25/09/2021;B;14:00:00;5374
26/09/2021;A;14:00:00;18020
26/09/2021;B;14:00:00;2988
27/09/2021;A;14:00:00;27620
27/09/2021;B;14:00:00;3563
28/09/2021;A;14:00:00;26623
28/09/2021;B;14:00:00;3261
29/09/2021;A;14:00:00;26870
29/09/2021;B;14:00:00;3442
30/09/2021;A;14:00:00;28005
30/09/2021;B;14:00:00;3708
1/10/2021;A;14:00:00;30796
1/10/2021;B;14:00:00;3790
2/10/2021;A;14:00:00;41801
2/10/2021;B;14:00:00;5457
3/10/2021;A;14:00:00;18515
3/10/2021;B;14:00:00;3062
4/10/2021;A;14:00:00;28607
4/10/2021;B;14:00:00;3639
5/10/2021;A;14:00:00;27738
5/10/2021;B;14:00:00;3712
6/10/2021;A;14:00:00;28381
6/10/2021;B;14:00:00;3723
7/10/2021;A;14:00:00;28254
7/10/2021;B;14:00:00;3825
8/10/2021;A;14:00:00;30415
8/10/2021;B;14:00:00;3857
9/10/2021;A;14:00:00;40402
9/10/2021;B;14:00:00;5272
10/10/2021;A;14:00:00;17974
10/10/2021;B;14:00:00;3048
11/10/2021;A;14:00:00;28656
11/10/2021;B;14:00:00;3516
12/10/2021;A;14:00:00;28375
12/10/2021;B;14:00:00;3781
13/10/2021;A;14:00:00;28414
13/10/2021;B;14:00:00;3876
14/10/2021;A;14:00:00;29873
14/10/2021;B;14:00:00;4071
15/10/2021;A;14:00:00;31092
15/10/2021;B;14:00:00;4200
16/10/2021;A;14:00:00;41275
16/10/2021;B;14:00:00;5387
17/10/2021;A;14:00:00;18734
17/10/2021;B;14:00:00;3488
18/10/2021;A;14:00:00;17896
18/10/2021;B;14:00:00;2886
19/10/2021;A;14:00:00;28719
19/10/2021;B;14:00:00;3804
20/10/2021;A;14:00:00;28267
20/10/2021;B;14:00:00;3764
21/10/2021;A;14:00:00;28463
21/10/2021;B;14:00:00;3913
22/10/2021;A;14:00:00;28538
22/10/2021;B;14:00:00;4156
23/10/2021;A;14:00:00;40475
23/10/2021;B;14:00:00;5668
24/10/2021;A;14:00:00;18631
24/10/2021;B;14:00:00;2970
25/10/2021;A;14:00:00;29108
25/10/2021;B;14:00:00;3934
26/10/2021;A;14:00:00;28486
26/10/2021;B;14:00:00;3826
27/10/2021;A;14:00:00;29286
27/10/2021;B;14:00:00;3926
28/10/2021;A;14:00:00;29612
28/10/2021;B;14:00:00;3797
29/10/2021;A;14:00:00;30720
29/10/2021;B;14:00:00;4034
30/10/2021;A;14:00:00;42305
30/10/2021;B;14:00:00;5740
31/10/2021;A;14:00:00;18652
31/10/2021;B;14:00:00;3067
1/11/2021;A;14:00:00;17481
1/11/2021;B;14:00:00;2814
2/11/2021;A;14:00:00;25705
2/11/2021;B;14:00:00;3800
3/11/2021;A;14:00:00;29434
3/11/2021;B;14:00:00;3830
4/11/2021;A;14:00:00;29320
4/11/2021;B;14:00:00;3790
5/11/2021;A;14:00:00;30844
5/11/2021;B;14:00:00;4056
6/11/2021;A;14:00:00;43269
6/11/2021;B;14:00:00;5859
7/11/2021;A;14:00:00;18932
7/11/2021;B;14:00:00;3056
8/11/2021;A;14:00:00;29422
8/11/2021;B;14:00:00;3986
9/11/2021;A;14:00:00;29539
9/11/2021;B;14:00:00;3896
10/11/2021;A;14:00:00;29360
10/11/2021;B;14:00:00;4062
11/11/2021;A;14:00:00;29305
11/11/2021;B;14:00:00;3802
12/11/2021;A;14:00:00;31557
12/11/2021;B;14:00:00;4184
13/11/2021;A;14:00:00;45321
13/11/2021;B;14:00:00;6252
14/11/2021;A;14:00:00;21761
14/11/2021;B;14:00:00;3842
15/11/2021;A;14:00:00;17807
15/11/2021;B;14:00:00;2727
16/11/2021;A;14:00:00;30884
16/11/2021;B;14:00:00;4129
17/11/2021;A;14:00:00;29745
17/11/2021;B;14:00:00;3955
18/11/2021;A;14:00:00;29686
18/11/2021;B;14:00:00;3894
19/11/2021;A;14:00:00;33254
19/11/2021;B;14:00:00;4540
20/11/2021;A;14:00:00;42807
20/11/2021;B;14:00:00;5649
21/11/2021;A;14:00:00;21748
21/11/2021;B;14:00:00;3448
22/11/2021;A;14:00:00;29708
22/11/2021;B;14:00:00;3748
23/11/2021;A;14:00:00;30015
23/11/2021;B;14:00:00;3832
24/11/2021;A;14:00:00;29660
24/11/2021;B;14:00:00;3917
25/11/2021;A;14:00:00;31024
25/11/2021;B;14:00:00;3778
26/11/2021;A;14:00:00;32055
26/11/2021;B;14:00:00;4231
27/11/2021;A;14:00:00;44772
27/11/2021;B;14:00:00;6158
28/11/2021;A;14:00:00;19699
28/11/2021;B;14:00:00;3031
29/11/2021;A;14:00:00;30627
29/11/2021;B;14:00:00;3951
30/11/2021;A;14:00:00;32540
30/11/2021;B;14:00:00;4490
1/12/2021;A;14:00:00;31466
1/12/2021;B;14:00:00;3993
2/12/2021;A;14:00:00;31577
2/12/2021;B;14:00:00;4062
3/12/2021;A;14:00:00;37136
3/12/2021;B;14:00:00;4769
4/12/2021;A;14:00:00;46305
4/12/2021;B;14:00:00;6103
5/12/2021;A;14:00:00;22694
5/12/2021;B;14:00:00;3533
6/12/2021;A;14:00:00;33357
6/12/2021;B;14:00:00;4553
7/12/2021;A;14:00:00;34610
7/12/2021;B;14:00:00;4461
8/12/2021;A;14:00:00;20511
8/12/2021;B;14:00:00;3174
9/12/2021;A;14:00:00;32690
9/12/2021;B;14:00:00;4152
10/12/2021;A;14:00:00;33764
10/12/2021;B;14:00:00;4430
11/12/2021;A;14:00:00;47448
11/12/2021;B;14:00:00;6051
12/12/2021;A;14:00:00;23675
12/12/2021;B;14:00:00;3959
13/12/2021;A;14:00:00;33536
13/12/2021;B;14:00:00;4435
14/12/2021;A;14:00:00;32890
14/12/2021;B;14:00:00;4336
15/12/2021;A;14:00:00;32287
15/12/2021;B;14:00:00;4225
16/12/2021;A;14:00:00;33370
16/12/2021;B;14:00:00;4351
17/12/2021;A;14:00:00;35818
17/12/2021;B;14:00:00;4548
18/12/2021;A;14:00:00;47657
18/12/2021;B;14:00:00;6305
19/12/2021;A;14:00:00;26317
19/12/2021;B;14:00:00;4019
20/12/2021;A;14:00:00;36145
20/12/2021;B;14:00:00;4698
21/12/2021;A;14:00:00;36916
21/12/2021;B;14:00:00;4921
22/12/2021;A;14:00:00;37103
22/12/2021;B;14:00:00;4828
23/12/2021;A;14:00:00;38201
23/12/2021;B;14:00:00;5045
24/12/2021;A;14:00:00;37452
24/12/2021;B;14:00:00;4562
25/12/2021;A;14:00:00;10388
25/12/2021;B;14:00:00;1724
26/12/2021;A;14:00:00;16680
26/12/2021;B;14:00:00;2757
27/12/2021;A;14:00:00;29965
27/12/2021;B;14:00:00;4130
28/12/2021;A;14:00:00;30452
28/12/2021;B;14:00:00;4220
29/12/2021;A;14:00:00;27917
29/12/2021;B;14:00:00;3993
30/12/2021;A;14:00:00;32947
30/12/2021;B;14:00:00;4293
31/12/2021;A;14:00:00;29078
31/12/2021;B;14:00:00;4142
1/01/2022;A;14:00:00;8556
1/01/2022;B;14:00:00;1581
2/01/2022;A;14:00:00;14163
2/01/2022;B;14:00:00;2668
3/01/2022;A;14:00:00;26655
3/01/2022;B;14:00:00;3610
4/01/2022;A;14:00:00;26227
4/01/2022;B;14:00:00;3708
5/01/2022;A;14:00:00;26270
5/01/2022;B;14:00:00;3893
6/01/2022;A;14:00:00;25280
6/01/2022;B;14:00:00;3984
7/01/2022;A;14:00:00;28308
7/01/2022;B;14:00:00;3813
8/01/2022;A;14:00:00;31946
8/01/2022;B;14:00:00;4347
9/01/2022;A;14:00:00;15776
9/01/2022;B;14:00:00;3064
10/01/2022;A;14:00:00;14703
10/01/2022;B;14:00:00;2501
11/01/2022;A;14:00:00;29178
11/01/2022;B;14:00:00;3840
12/01/2022;A;14:00:00;27968
12/01/2022;B;14:00:00;3789
13/01/2022;A;14:00:00;28121
13/01/2022;B;14:00:00;3817
14/01/2022;A;14:00:00;29127
14/01/2022;B;14:00:00;3857
15/01/2022;A;14:00:00;37860
15/01/2022;B;14:00:00;4985
16/01/2022;A;14:00:00;16581
16/01/2022;B;14:00:00;2975
17/01/2022;A;14:00:00;30097
17/01/2022;B;14:00:00;3915
18/01/2022;A;14:00:00;29294
18/01/2022;B;14:00:00;3807
19/01/2022;A;14:00:00;28906
19/01/2022;B;14:00:00;3802
20/01/2022;A;14:00:00;28792
20/01/2022;B;14:00:00;3736
21/01/2022;A;14:00:00;31101
21/01/2022;B;14:00:00;4069
22/01/2022;A;14:00:00;39573
22/01/2022;B;14:00:00;5202
23/01/2022;A;14:00:00;17965
23/01/2022;B;14:00:00;2984
24/01/2022;A;14:00:00;29451
24/01/2022;B;14:00:00;3907
25/01/2022;A;14:00:00;29553
25/01/2022;B;14:00:00;3836
26/01/2022;A;14:00:00;29967
26/01/2022;B;14:00:00;3817
27/01/2022;A;14:00:00;29314
27/01/2022;B;14:00:00;3853
28/01/2022;A;14:00:00;33480
28/01/2022;B;14:00:00;4340
29/01/2022;A;14:00:00;40314
29/01/2022;B;14:00:00;5184
30/01/2022;A;14:00:00;18637
30/01/2022;B;14:00:00;3068
31/01/2022;A;14:00:00;30303
31/01/2022;B;14:00:00;3972
1/02/2022;A;14:00:00;31074
1/02/2022;B;14:00:00;4139
2/02/2022;A;14:00:00;30645
2/02/2022;B;14:00:00;4060
3/02/2022;A;14:00:00;29766
3/02/2022;B;14:00:00;4212
4/02/2022;A;14:00:00;33396
4/02/2022;B;14:00:00;4371
5/02/2022;A;14:00:00;42379
5/02/2022;B;14:00:00;5924
6/02/2022;A;14:00:00;17753
6/02/2022;B;14:00:00;3067
7/02/2022;A;14:00:00;31907
7/02/2022;B;14:00:00;4437
8/02/2022;A;14:00:00;31132
8/02/2022;B;14:00:00;4147
9/02/2022;A;14:00:00;31300
9/02/2022;B;14:00:00;3899
10/02/2022;A;14:00:00;30514
10/02/2022;B;14:00:00;4261
11/02/2022;A;14:00:00;23830
11/02/2022;B;14:00:00;4315
12/02/2022;A;14:00:00;41653
12/02/2022;B;14:00:00;5966
13/02/2022;A;14:00:00;16979
13/02/2022;B;14:00:00;2961
14/02/2022;A;14:00:00;31413
14/02/2022;B;14:00:00;4169
15/02/2022;A;14:00:00;31229
15/02/2022;B;14:00:00;4286
16/02/2022;A;14:00:00;32586
16/02/2022;B;14:00:00;4401
17/02/2022;A;14:00:00;31680
17/02/2022;B;14:00:00;4339
18/02/2022;A;14:00:00;34043
18/02/2022;B;14:00:00;4673
19/02/2022;A;14:00:00;43638
19/02/2022;B;14:00:00;5899
20/02/2022;A;14:00:00;18325
20/02/2022;B;14:00:00;3412
21/02/2022;A;14:00:00;32215
21/02/2022;B;14:00:00;4480
22/02/2022;A;14:00:00;31909
22/02/2022;B;14:00:00;4529
23/02/2022;A;14:00:00;31292
23/02/2022;B;14:00:00;4292
24/02/2022;A;14:00:00;31090
24/02/2022;B;14:00:00;4550
25/02/2022;A;14:00:00;34182
25/02/2022;B;14:00:00;4692
26/02/2022;A;14:00:00;43416
26/02/2022;B;14:00:00;5793
27/02/2022;A;14:00:00;17551
27/02/2022;B;14:00:00;3096
28/02/2022;A;14:00:00;32853
28/02/2022;B;14:00:00;4372
1/03/2022;A;14:00:00;33217
1/03/2022;B;14:00:00;4556
2/03/2022;A;14:00:00;32902
2/03/2022;B;14:00:00;4526
3/03/2022;A;14:00:00;33379
3/03/2022;B;14:00:00;4745
4/03/2022;A;14:00:00;35213
4/03/2022;B;14:00:00;4746
5/03/2022;A;14:00:00;45730
5/03/2022;B;14:00:00;6397
6/03/2022;A;14:00:00;15679
6/03/2022;B;14:00:00;2587
7/03/2022;A;14:00:00;33639
7/03/2022;B;14:00:00;4482
8/03/2022;A;14:00:00;32903
8/03/2022;B;14:00:00;4893
9/03/2022;A;14:00:00;32414
9/03/2022;B;14:00:00;4500
10/03/2022;A;14:00:00;31521
10/03/2022;B;14:00:00;4541
11/03/2022;A;14:00:00;35805
11/03/2022;B;14:00:00;4865
12/03/2022;A;14:00:00;41748
12/03/2022;B;14:00:00;5759
13/03/2022;A;14:00:00;474
13/03/2022;B;14:00:00;29
14/03/2022;A;14:00:00;32517
14/03/2022;B;14:00:00;4669
15/03/2022;A;14:00:00;32979
15/03/2022;B;14:00:00;4703
16/03/2022;A;14:00:00;33823
16/03/2022;B;14:00:00;4596
17/03/2022;A;14:00:00;33098
17/03/2022;B;14:00:00;4754
18/03/2022;A;14:00:00;35469
18/03/2022;B;14:00:00;4881
19/03/2022;A;14:00:00;41650
19/03/2022;B;14:00:00;5747
20/03/2022;A;14:00:00;18835
20/03/2022;B;14:00:00;3695
21/03/2022;A;14:00:00;17714
21/03/2022;B;14:00:00;3126
22/03/2022;A;14:00:00;33494
22/03/2022;B;14:00:00;4812
23/03/2022;A;14:00:00;31523
23/03/2022;B;14:00:00;4291
24/03/2022;A;14:00:00;32258
24/03/2022;B;14:00:00;4481
25/03/2022;A;14:00:00;33517
25/03/2022;B;14:00:00;4611
26/03/2022;A;14:00:00;44477
26/03/2022;B;14:00:00;5862
27/03/2022;A;14:00:00;17051
27/03/2022;B;14:00:00;3001
28/03/2022;A;14:00:00;32139
28/03/2022;B;14:00:00;4453
29/03/2022;A;14:00:00;31701
29/03/2022;B;14:00:00;4321
30/03/2022;A;14:00:00;31029
30/03/2022;B;14:00:00;4637
31/03/2022;A;14:00:00;30236
31/03/2022;B;14:00:00;4202
1/04/2022;A;14:00:00;34890
1/04/2022;B;14:00:00;5011
2/04/2022;A;14:00:00;43431
2/04/2022;B;14:00:00;6316
3/04/2022;A;14:00:00;17844
3/04/2022;B;14:00:00;3130
4/04/2022;A;14:00:00;32695
4/04/2022;B;14:00:00;4367
5/04/2022;A;14:00:00;32681
5/04/2022;B;14:00:00;4578
6/04/2022;A;14:00:00;33906
6/04/2022;B;14:00:00;4660
7/04/2022;A;14:00:00;33303
7/04/2022;B;14:00:00;5446
8/04/2022;A;14:00:00;35134
8/04/2022;B;14:00:00;4827
9/04/2022;A;14:00:00;44920
9/04/2022;B;14:00:00;6285
10/04/2022;A;14:00:00;20797
10/04/2022;B;14:00:00;3435
11/04/2022;A;14:00:00;31608
11/04/2022;B;14:00:00;4485
12/04/2022;A;14:00:00;30758
12/04/2022;B;14:00:00;4387
13/04/2022;A;14:00:00;35758
13/04/2022;B;14:00:00;4821
14/04/2022;A;14:00:00;17187
14/04/2022;B;14:00:00;3198
15/04/2022;A;14:00:00;13222
15/04/2022;B;14:00:00;3049
16/04/2022;A;14:00:00;25041
16/04/2022;B;14:00:00;4149
17/04/2022;A;14:00:00;13905
17/04/2022;B;14:00:00;2055
18/04/2022;A;14:00:00;31773
18/04/2022;B;14:00:00;4283
19/04/2022;A;14:00:00;33238
19/04/2022;B;14:00:00;4512
20/04/2022;A;14:00:00;32614
20/04/2022;B;14:00:00;4689
21/04/2022;A;14:00:00;33091
21/04/2022;B;14:00:00;4454
22/04/2022;A;14:00:00;34415
22/04/2022;B;14:00:00;4675
23/04/2022;A;14:00:00;44331
23/04/2022;B;14:00:00;5964
24/04/2022;A;14:00:00;19155
24/04/2022;B;14:00:00;3269
25/04/2022;A;14:00:00;32490
25/04/2022;B;14:00:00;4322
26/04/2022;A;14:00:00;31049
26/04/2022;B;14:00:00;4241
27/04/2022;A;14:00:00;29400
27/04/2022;B;14:00:00;3631
28/04/2022;A;14:00:00;35348
28/04/2022;B;14:00:00;4381
29/04/2022;A;14:00:00;35831
29/04/2022;B;14:00:00;4903
30/04/2022;A;14:00:00;47383
30/04/2022;B;14:00:00;6397
1/05/2022;A;14:00:00;18827
1/05/2022;B;14:00:00;3202
2/05/2022;A;14:00:00;33385
2/05/2022;B;14:00:00;4539
3/05/2022;A;14:00:00;33078
3/05/2022;B;14:00:00;4590
4/05/2022;A;14:00:00;32781
4/05/2022;B;14:00:00;4383
5/05/2022;A;14:00:00;33299
5/05/2022;B;14:00:00;4601
6/05/2022;A;14:00:00;35186
6/05/2022;B;14:00:00;4780
7/05/2022;A;14:00:00;34809
7/05/2022;B;14:00:00;5907
8/05/2022;A;14:00:00;18098
8/05/2022;B;14:00:00;3531
9/05/2022;A;14:00:00;32032
9/05/2022;B;14:00:00;3593
10/05/2022;A;14:00:00;32090
10/05/2022;B;14:00:00;4417
11/05/2022;A;14:00:00;32387
11/05/2022;B;14:00:00;4280
12/05/2022;A;14:00:00;32499
12/05/2022;B;14:00:00;4854
13/05/2022;A;14:00:00;34596
13/05/2022;B;14:00:00;4951
14/05/2022;A;14:00:00;45073
14/05/2022;B;14:00:00;6096
15/05/2022;A;14:00:00;18734
15/05/2022;B;14:00:00;3326
16/05/2022;A;14:00:00;33462
16/05/2022;B;14:00:00;4544
17/05/2022;A;14:00:00;33305
17/05/2022;B;14:00:00;4657
18/05/2022;A;14:00:00;33400
18/05/2022;B;14:00:00;4448
19/05/2022;A;14:00:00;33939
19/05/2022;B;14:00:00;4873
20/05/2022;A;14:00:00;34825
20/05/2022;B;14:00:00;4875
21/05/2022;A;14:00:00;44957
21/05/2022;B;14:00:00;6468
22/05/2022;A;14:00:00;19335
22/05/2022;B;14:00:00;3470
23/05/2022;A;14:00:00;34118
23/05/2022;B;14:00:00;4677
24/05/2022;A;14:00:00;33196
24/05/2022;B;14:00:00;4565
25/05/2022;A;14:00:00;33629
25/05/2022;B;14:00:00;4537
26/05/2022;A;14:00:00;32200
26/05/2022;B;14:00:00;4614
27/05/2022;A;14:00:00;34929
27/05/2022;B;14:00:00;4495
28/05/2022;A;14:00:00;40526
28/05/2022;B;14:00:00;5087
29/05/2022;A;14:00:00;255
29/05/2022;B;14:00:00;80
30/05/2022;A;14:00:00;16914
30/05/2022;B;14:00:00;2896
31/05/2022;A;14:00:00;34385
31/05/2022;B;14:00:00;4494
1/06/2022;A;14:00:00;32829
1/06/2022;B;14:00:00;4435
2/06/2022;A;14:00:00;35204
2/06/2022;B;14:00:00;4442
3/06/2022;A;14:00:00;34283
3/06/2022;B;14:00:00;4711
4/06/2022;A;14:00:00;45742
4/06/2022;B;14:00:00;6139
5/06/2022;A;14:00:00;15563
5/06/2022;B;14:00:00;3102
6/06/2022;A;14:00:00;33504
6/06/2022;B;14:00:00;4469
7/06/2022;A;14:00:00;32189
7/06/2022;B;14:00:00;4107
8/06/2022;A;14:00:00;33031
8/06/2022;B;14:00:00;4491
9/06/2022;A;14:00:00;34874
9/06/2022;B;14:00:00;4705
10/06/2022;A;14:00:00;35854
10/06/2022;B;14:00:00;4876
11/06/2022;A;14:00:00;43659
11/06/2022;B;14:00:00;6163
12/06/2022;A;14:00:00;18860
12/06/2022;B;14:00:00;3199
13/06/2022;A;14:00:00;32513
13/06/2022;B;14:00:00;4277
14/06/2022;A;14:00:00;31482
14/06/2022;B;14:00:00;4375
15/06/2022;A;14:00:00;30225
15/06/2022;B;14:00:00;4005
16/06/2022;A;14:00:00;26606
16/06/2022;B;14:00:00;4161
17/06/2022;A;14:00:00;25645
17/06/2022;B;14:00:00;3707
18/06/2022;A;14:00:00;34050
18/06/2022;B;14:00:00;5544
19/06/2022;A;14:00:00;217
19/06/2022;B;14:00:00;15
20/06/2022;A;14:00:00;14094
20/06/2022;B;14:00:00;2611
21/06/2022;A;14:00:00;26247
21/06/2022;B;14:00:00;4209
22/06/2022;A;14:00:00;31438
22/06/2022;B;14:00:00;4447
23/06/2022;A;14:00:00;32589
23/06/2022;B;14:00:00;4911
24/06/2022;A;14:00:00;34445
24/06/2022;B;14:00:00;4773
25/06/2022;A;14:00:00;42985
25/06/2022;B;14:00:00;6129
26/06/2022;A;14:00:00;18589
26/06/2022;B;14:00:00;3608
27/06/2022;A;14:00:00;17158
27/06/2022;B;14:00:00;2725
28/06/2022;A;14:00:00;32739
28/06/2022;B;14:00:00;4454
29/06/2022;A;14:00:00;32121
29/06/2022;B;14:00:00;4260
30/06/2022;A;14:00:00;32708
30/06/2022;B;14:00:00;4433
1/07/2022;A;14:00:00;36153
1/07/2022;B;14:00:00;4941
2/07/2022;A;14:00:00;44386
2/07/2022;B;14:00:00;6186
3/07/2022;A;14:00:00;25552
3/07/2022;B;14:00:00;4881
4/07/2022;A;14:00:00;19324
4/07/2022;B;14:00:00;3538
5/07/2022;A;14:00:00;33543
5/07/2022;B;14:00:00;4513
6/07/2022;A;14:00:00;33291
6/07/2022;B;14:00:00;4382
7/07/2022;A;14:00:00;32402
7/07/2022;B;14:00:00;4302
8/07/2022;A;14:00:00;34545
8/07/2022;B;14:00:00;4410
9/07/2022;A;14:00:00;43454
9/07/2022;B;14:00:00;5814
10/07/2022;A;14:00:00;18997
10/07/2022;B;14:00:00;3351
11/07/2022;A;14:00:00;32491
11/07/2022;B;14:00:00;4236
12/07/2022;A;14:00:00;31827
12/07/2022;B;14:00:00;4045
13/07/2022;A;14:00:00;31764
13/07/2022;B;14:00:00;4459
14/07/2022;A;14:00:00;31414
14/07/2022;B;14:00:00;4234
15/07/2022;A;14:00:00;34381
15/07/2022;B;14:00:00;4356
16/07/2022;A;14:00:00;45341
16/07/2022;B;14:00:00;6025
17/07/2022;A;14:00:00;19300
17/07/2022;B;14:00:00;3313
18/07/2022;A;14:00:00;32225
18/07/2022;B;14:00:00;4081
19/07/2022;A;14:00:00;32323
19/07/2022;B;14:00:00;4237
20/07/2022;A;14:00:00;21831
20/07/2022;B;14:00:00;3416
21/07/2022;A;14:00:00;31617
21/07/2022;B;14:00:00;4147
22/07/2022;A;14:00:00;33682
22/07/2022;B;14:00:00;4368
23/07/2022;A;14:00:00;40312
23/07/2022;B;14:00:00;5495
24/07/2022;A;14:00:00;17090
24/07/2022;B;14:00:00;2911
25/07/2022;A;14:00:00;32120
25/07/2022;B;14:00:00;4156
26/07/2022;A;14:00:00;31241
26/07/2022;B;14:00:00;4144
27/07/2022;A;14:00:00;31588
27/07/2022;B;14:00:00;4249
28/07/2022;A;14:00:00;32307
28/07/2022;B;14:00:00;4407
29/07/2022;A;14:00:00;34330
29/07/2022;B;14:00:00;4569
30/07/2022;A;14:00:00;44757
30/07/2022;B;14:00:00;6100
31/07/2022;A;14:00:00;19484
31/07/2022;B;14:00:00;3084
1/08/2022;A;14:00:00;32746
1/08/2022;B;14:00:00;4184
2/08/2022;A;14:00:00;32209
2/08/2022;B;14:00:00;4479
3/08/2022;A;14:00:00;32938
3/08/2022;B;14:00:00;4579
4/08/2022;A;14:00:00;32567
4/08/2022;B;14:00:00;4356
5/08/2022;A;14:00:00;34918
5/08/2022;B;14:00:00;4678
6/08/2022;A;14:00:00;43700
6/08/2022;B;14:00:00;6064
7/08/2022;A;14:00:00;18566
7/08/2022;B;14:00:00;3305
8/08/2022;A;14:00:00;33278
8/08/2022;B;14:00:00;4484
9/08/2022;A;14:00:00;32976
9/08/2022;B;14:00:00;4760
10/08/2022;A;14:00:00;33150
10/08/2022;B;14:00:00;4680
11/08/2022;A;14:00:00;33528
11/08/2022;B;14:00:00;4675
12/08/2022;A;14:00:00;36504
12/08/2022;B;14:00:00;5230
13/08/2022;A;14:00:00;58551
13/08/2022;B;14:00:00;7838
14/08/2022;A;14:00:00;24632
14/08/2022;B;14:00:00;5312
15/08/2022;A;14:00:00;24447
15/08/2022;B;14:00:00;3771
16/08/2022;A;14:00:00;35695
16/08/2022;B;14:00:00;5368
17/08/2022;A;14:00:00;34130
17/08/2022;B;14:00:00;4813
18/08/2022;A;14:00:00;34939
18/08/2022;B;14:00:00;4935
19/08/2022;A;14:00:00;35254
19/08/2022;B;14:00:00;5141
20/08/2022;A;14:00:00;46112
20/08/2022;B;14:00:00;6325
21/08/2022;A;14:00:00;18348
21/08/2022;B;14:00:00;3176
22/08/2022;A;14:00:00;33951
22/08/2022;B;14:00:00;4548
23/08/2022;A;14:00:00;34168
23/08/2022;B;14:00:00;4773
24/08/2022;A;14:00:00;34050
24/08/2022;B;14:00:00;4840
25/08/2022;A;14:00:00;34195
25/08/2022;B;14:00:00;4829
26/08/2022;A;14:00:00;36030
26/08/2022;B;14:00:00;5050
27/08/2022;A;14:00:00;44845
27/08/2022;B;14:00:00;6519
28/08/2022;A;14:00:00;18722
28/08/2022;B;14:00:00;3260
29/08/2022;A;14:00:00;33711
29/08/2022;B;14:00:00;4454
30/08/2022;A;14:00:00;33736
30/08/2022;B;14:00:00;4696
31/08/2022;A;14:00:00;35032
31/08/2022;B;14:00:00;4869
1/09/2022;A;14:00:00;37393
1/09/2022;B;14:00:00;4534
2/09/2022;A;14:00:00;37428
2/09/2022;B;14:00:00;5280
3/09/2022;A;14:00:00;47877
3/09/2022;B;14:00:00;6546
4/09/2022;A;14:00:00;18957
4/09/2022;B;14:00:00;3358
5/09/2022;A;14:00:00;34170
5/09/2022;B;14:00:00;4700
6/09/2022;A;14:00:00;33914
6/09/2022;B;14:00:00;5004
7/09/2022;A;14:00:00;34181
7/09/2022;B;14:00:00;4815
8/09/2022;A;14:00:00;35398
8/09/2022;B;14:00:00;5317
9/09/2022;A;14:00:00;36768
9/09/2022;B;14:00:00;5099
10/09/2022;A;14:00:00;47168
10/09/2022;B;14:00:00;6557
11/09/2022;A;14:00:00;20489
11/09/2022;B;14:00:00;3274
12/09/2022;A;14:00:00;33775
12/09/2022;B;14:00:00;4578
13/09/2022;A;14:00:00;35130
13/09/2022;B;14:00:00;4991
14/09/2022;A;14:00:00;33392
14/09/2022;B;14:00:00;4569
15/09/2022;A;14:00:00;34209
15/09/2022;B;14:00:00;4669
16/09/2022;A;14:00:00;38440
16/09/2022;B;14:00:00;5116
17/09/2022;A;14:00:00;47374
17/09/2022;B;14:00:00;6825
18/09/2022;A;14:00:00;20409
18/09/2022;B;14:00:00;3578
19/09/2022;A;14:00:00;32766
19/09/2022;B;14:00:00;4544
20/09/2022;A;14:00:00;32740
20/09/2022;B;14:00:00;4374
21/09/2022;A;14:00:00;33079
21/09/2022;B;14:00:00;4708
22/09/2022;A;14:00:00;33780
22/09/2022;B;14:00:00;4441
23/09/2022;A;14:00:00;33833
23/09/2022;B;14:00:00;5310
24/09/2022;A;14:00:00;47670
24/09/2022;B;14:00:00;6975
25/09/2022;A;14:00:00;20528
25/09/2022;B;14:00:00;3908
26/09/2022;A;14:00:00;33132
26/09/2022;B;14:00:00;4599
27/09/2022;A;14:00:00;32858
27/09/2022;B;14:00:00;4828
28/09/2022;A;14:00:00;32528
28/09/2022;B;14:00:00;4663
29/09/2022;A;14:00:00;31366
29/09/2022;B;14:00:00;3515
30/09/2022;A;14:00:00;38467
30/09/2022;B;14:00:00;5180
1/10/2022;A;14:00:00;48051
1/10/2022;B;14:00:00;6749
2/10/2022;A;14:00:00;19182
2/10/2022;B;14:00:00;3304
3/10/2022;A;14:00:00;33908
3/10/2022;B;14:00:00;4503
4/10/2022;A;14:00:00;33611
4/10/2022;B;14:00:00;4651
5/10/2022;A;14:00:00;33781
5/10/2022;B;14:00:00;4717
6/10/2022;A;14:00:00;34971
6/10/2022;B;14:00:00;4913
7/10/2022;A;14:00:00;35998
7/10/2022;B;14:00:00;5110
8/10/2022;A;14:00:00;47053
8/10/2022;B;14:00:00;6388
9/10/2022;A;14:00:00;20037
9/10/2022;B;14:00:00;3273
10/10/2022;A;14:00:00;34509
10/10/2022;B;14:00:00;4734
11/10/2022;A;14:00:00;34823
11/10/2022;B;14:00:00;4828
12/10/2022;A;14:00:00;34878
12/10/2022;B;14:00:00;4954
13/10/2022;A;14:00:00;36029
13/10/2022;B;14:00:00;5235
14/10/2022;A;14:00:00;37354
14/10/2022;B;14:00:00;5265
15/10/2022;A;14:00:00;47366
15/10/2022;B;14:00:00;6527
16/10/2022;A;14:00:00;21016
16/10/2022;B;14:00:00;3941
17/10/2022;A;14:00:00;19823
17/10/2022;B;14:00:00;3074
18/10/2022;A;14:00:00;33549
18/10/2022;B;14:00:00;4682
19/10/2022;A;14:00:00;32823
19/10/2022;B;14:00:00;4937
20/10/2022;A;14:00:00;33576
20/10/2022;B;14:00:00;4950
21/10/2022;A;14:00:00;35290
21/10/2022;B;14:00:00;4999
22/10/2022;A;14:00:00;47187
22/10/2022;B;14:00:00;6430
23/10/2022;A;14:00:00;20385
23/10/2022;B;14:00:00;3422
24/10/2022;A;14:00:00;31829
24/10/2022;B;14:00:00;4341
25/10/2022;A;14:00:00;33950
25/10/2022;B;14:00:00;4608
26/10/2022;A;14:00:00;33530
26/10/2022;B;14:00:00;4236
27/10/2022;A;14:00:00;33013
27/10/2022;B;14:00:00;4934
28/10/2022;A;14:00:00;33665
28/10/2022;B;14:00:00;4411
29/10/2022;A;14:00:00;48947
29/10/2022;B;14:00:00;6660
30/10/2022;A;14:00:00;21678
30/10/2022;B;14:00:00;3454
31/10/2022;A;14:00:00;38930
31/10/2022;B;14:00:00;4938
1/11/2022;A;14:00:00;33330
1/11/2022;B;14:00:00;4495
2/11/2022;A;14:00:00;33186
2/11/2022;B;14:00:00;4609
3/11/2022;A;14:00:00;32330
3/11/2022;B;14:00:00;4530
4/11/2022;A;14:00:00;36032
4/11/2022;B;14:00:00;4851
5/11/2022;A;14:00:00;47577
5/11/2022;B;14:00:00;6253
6/11/2022;A;14:00:00;20098
6/11/2022;B;14:00:00;3479
7/11/2022;A;14:00:00;19032
7/11/2022;B;14:00:00;2830
8/11/2022;A;14:00:00;34555
8/11/2022;B;14:00:00;4533
9/11/2022;A;14:00:00;33202
9/11/2022;B;14:00:00;4616
10/11/2022;A;14:00:00;33374
10/11/2022;B;14:00:00;4509
11/11/2022;A;14:00:00;34909
11/11/2022;B;14:00:00;4621
12/11/2022;A;14:00:00;47020
12/11/2022;B;14:00:00;6429
13/11/2022;A;14:00:00;20647
13/11/2022;B;14:00:00;3553
14/11/2022;A;14:00:00;20630
14/11/2022;B;14:00:00;3396
15/11/2022;A;14:00:00;35501
15/11/2022;B;14:00:00;4617
16/11/2022;A;14:00:00;34915
16/11/2022;B;14:00:00;4716
17/11/2022;A;14:00:00;34434
17/11/2022;B;14:00:00;4604
18/11/2022;A;14:00:00;36981
18/11/2022;B;14:00:00;4954
19/11/2022;A;14:00:00;50708
19/11/2022;B;14:00:00;7183
20/11/2022;A;14:00:00;20536
20/11/2022;B;14:00:00;3468
21/11/2022;A;14:00:00;33111
21/11/2022;B;14:00:00;4545
22/11/2022;A;14:00:00;33204
22/11/2022;B;14:00:00;4603
23/11/2022;A;14:00:00;32801
23/11/2022;B;14:00:00;4417
24/11/2022;A;14:00:00;32416
24/11/2022;B;14:00:00;4189
25/11/2022;A;14:00:00;37398
25/11/2022;B;14:00:00;5075
26/11/2022;A;14:00:00;44794
26/11/2022;B;14:00:00;5881
27/11/2022;A;14:00:00;19796
27/11/2022;B;14:00:00;2996
28/11/2022;A;14:00:00;33333
28/11/2022;B;14:00:00;4331
29/11/2022;A;14:00:00;32484
29/11/2022;B;14:00:00;4587
30/11/2022;A;14:00:00;34621
30/11/2022;B;14:00:00;4570
1/12/2022;A;14:00:00;33724
1/12/2022;B;14:00:00;4461
2/12/2022;A;14:00:00;36386
2/12/2022;B;14:00:00;5023
3/12/2022;A;14:00:00;47773
3/12/2022;B;14:00:00;6205
4/12/2022;A;14:00:00;23460
4/12/2022;B;14:00:00;2929
5/12/2022;A;14:00:00;34198
5/12/2022;B;14:00:00;4490
6/12/2022;A;14:00:00;36238
6/12/2022;B;14:00:00;4550
7/12/2022;A;14:00:00;37989
7/12/2022;B;14:00:00;4637
8/12/2022;A;14:00:00;21934
8/12/2022;B;14:00:00;3291
9/12/2022;A;14:00:00;35316
9/12/2022;B;14:00:00;4558
10/12/2022;A;14:00:00;45219
10/12/2022;B;14:00:00;6041
11/12/2022;A;14:00:00;22748
11/12/2022;B;14:00:00;3475
12/12/2022;A;14:00:00;34874
12/12/2022;B;14:00:00;4687
13/12/2022;A;14:00:00;32769
13/12/2022;B;14:00:00;3961
14/12/2022;A;14:00:00;33737
14/12/2022;B;14:00:00;4323
15/12/2022;A;14:00:00;34193
15/12/2022;B;14:00:00;4484
16/12/2022;A;14:00:00;37833
16/12/2022;B;14:00:00;4931
17/12/2022;A;14:00:00;47757
17/12/2022;B;14:00:00;6771
18/12/2022;A;14:00:00;26988
18/12/2022;B;14:00:00;4263
19/12/2022;A;14:00:00;36347
19/12/2022;B;14:00:00;4748
20/12/2022;A;14:00:00;36286
20/12/2022;B;14:00:00;4675
21/12/2022;A;14:00:00;37391
21/12/2022;B;14:00:00;5067
22/12/2022;A;14:00:00;37574
22/12/2022;B;14:00:00;4912
23/12/2022;A;14:00:00;43152
23/12/2022;B;14:00:00;5257
24/12/2022;A;14:00:00;32924
24/12/2022;B;14:00:00;4201
25/12/2022;A;14:00:00;11361
25/12/2022;B;14:00:00;1912
26/12/2022;A;14:00:00;28522
26/12/2022;B;14:00:00;3850
27/12/2022;A;14:00:00;30132
27/12/2022;B;14:00:00;4166
28/12/2022;A;14:00:00;31236
28/12/2022;B;14:00:00;4129
29/12/2022;A;14:00:00;30225
29/12/2022;B;14:00:00;3914
30/12/2022;A;14:00:00;23425
30/12/2022;B;14:00:00;4139
31/12/2022;A;14:00:00;24199
31/12/2022;B;14:00:00;3387
1/01/2023;A;14:00:00;10494
1/01/2024;B;14:00:00;1742
1/02/2023;A;14:00:00;25635
1/02/2023;B;14:00:00;3901
1/03/2023;A;14:00:00;28298
1/03/2023;B;14:00:00;4179
1/04/2023;A;14:00:00;29175
1/04/2023;B;14:00:00;4744
1/05/2023;A;14:00:00;29776
1/05/2023;B;14:00:00;4538
1/06/2023;A;14:00:00;31266
1/06/2023;B;14:00:00;4709
1/07/2023;A;14:00:00;33373
1/07/2023;B;14:00:00;5022
1/08/2023;A;14:00:00;19858
1/08/2023;B;14:00:00;4129
1/09/2023;A;14:00:00;16174
1/09/2023;B;14:00:00;3050
1/10/2023;A;14:00:00;31063
1/10/2023;B;14:00:00;4329
1/11/2023;A;14:00:00;31356
1/11/2023;B;14:00:00;4379
1/12/2023;A;14:00:00;31161
1/12/2023;B;14:00:00;4409
13/01/2023;A;14:00:00;31734
13/01/2023;B;14:00:00;4330
14/01/2023;A;14:00:00;41656
14/01/2023;B;14:00:00;5732
15/01/2023;A;14:00:00;19376
15/01/2023;B;14:00:00;3999
16/01/2023;A;14:00:00;33043
16/01/2023;B;14:00:00;4576
17/01/2023;A;14:00:00;32423
17/01/2023;B;14:00:00;4625
18/01/2023;A;14:00:00;33091
18/01/2023;B;14:00:00;4696
19/01/2023;A;14:00:00;32284
19/01/2023;B;14:00:00;4590
20/01/2023;A;14:00:00;34695
20/01/2023;B;14:00:00;4787
21/01/2023;A;14:00:00;41915
21/01/2023;B;14:00:00;5843
22/01/2023;A;14:00:00;17623
22/01/2023;B;14:00:00;3173
23/01/2023;A;14:00:00;32834
23/01/2023;B;14:00:00;4468
24/01/2023;A;14:00:00;32348
24/01/2023;B;14:00:00;4343
25/01/2023;A;14:00:00;31939
25/01/2023;B;14:00:00;4431
26/01/2023;A;14:00:00;31842
26/01/2023;B;14:00:00;4378
27/01/2023;A;14:00:00;34417
27/01/2023;B;14:00:00;4553
28/01/2023;A;14:00:00;41927
28/01/2023;B;14:00:00;5793
29/01/2023;A;14:00:00;17936
29/01/2023;B;14:00:00;3339
30/01/2023;A;14:00:00;32615
30/01/2023;B;14:00:00;4482
31/01/2023;A;14:00:00;32749
31/01/2023;B;14:00:00;4426
2/01/2023;A;14:00:00;32723
2/01/2023;B;14:00:00;4566
2/02/2023;A;14:00:00;33649
2/02/2023;B;14:00:00;4587
2/03/2023;A;14:00:00;35425
2/03/2023;B;14:00:00;4818
2/04/2023;A;14:00:00;45676
2/04/2023;B;14:00:00;6268
2/05/2023;A;14:00:00;18743
2/05/2023;B;14:00:00;3299
2/06/2023;A;14:00:00;34059
2/06/2023;B;14:00:00;4906
2/07/2023;A;14:00:00;33889
2/07/2023;B;14:00:00;4745
2/08/2023;A;14:00:00;33733
2/08/2023;B;14:00:00;4797
2/09/2023;A;14:00:00;33590
2/09/2023;B;14:00:00;4785
2/10/2023;A;14:00:00;35924
2/10/2023;B;14:00:00;4863
2/11/2023;A;14:00:00;43522
2/11/2023;B;14:00:00;6214
2/12/2023;A;14:00:00;16453
2/12/2023;B;14:00:00;2868
13/02/2023;A;14:00:00;33687
13/02/2023;B;14:00:00;4696
14/02/2023;A;14:00:00;35342
14/02/2023;B;14:00:00;4964
15/02/2023;A;14:00:00;33333
15/02/2023;B;14:00:00;4848
16/02/2023;A;14:00:00;34453
16/02/2023;B;14:00:00;4822
17/02/2023;A;14:00:00;36428
17/02/2023;B;14:00:00;5250
18/02/2023;A;14:00:00;44908
18/02/2023;B;14:00:00;6137
19/02/2023;A;14:00:00;18539
19/02/2023;B;14:00:00;3383
20/02/2023;A;14:00:00;34977
20/02/2023;B;14:00:00;4788
21/02/2023;A;14:00:00;35594
21/02/2023;B;14:00:00;4836
22/02/2023;A;14:00:00;34619
22/02/2023;B;14:00:00;5032
23/02/2023;A;14:00:00;34779
23/02/2023;B;14:00:00;4922
24/02/2023;A;14:00:00;36840
24/02/2023;B;14:00:00;5191
25/02/2023;A;14:00:00;44289
25/02/2023;B;14:00:00;6299
26/02/2023;A;14:00:00;17896
26/02/2023;B;14:00:00;3221
27/02/2023;A;14:00:00;34794
27/02/2023;B;14:00:00;4429
28/02/2023;A;14:00:00;34908
28/02/2023;B;14:00:00;4793
3/01/2023;A;14:00:00;35413
3/01/2023;B;14:00:00;4962
3/02/2023;A;14:00:00;35108
3/02/2023;B;14:00:00;4704
3/03/2023;A;14:00:00;37511
3/03/2023;B;14:00:00;5175
3/04/2023;A;14:00:00;45059
3/04/2023;B;14:00:00;6686
3/05/2023;A;14:00:00;17969
3/05/2023;B;14:00:00;3022
3/06/2023;A;14:00:00;28256
3/06/2023;B;14:00:00;4684
3/07/2023;A;14:00:00;28196
3/07/2023;B;14:00:00;3729
3/08/2023;A;14:00:00;36263
3/08/2023;B;14:00:00;5098
3/09/2023;A;14:00:00;34517
3/09/2023;B;14:00:00;4956
3/10/2023;A;14:00:00;36760
3/10/2023;B;14:00:00;4951
3/11/2023;A;14:00:00;45214
3/11/2023;B;14:00:00;6256
3/12/2023;A;14:00:00;17908
3/12/2023;B;14:00:00;3183
13/03/2023;A;14:00:00;33648
13/03/2023;B;14:00:00;4412
14/03/2023;A;14:00:00;35451
14/03/2023;B;14:00:00;4989
15/03/2023;A;14:00:00;33789
15/03/2023;B;14:00:00;4876
16/03/2023;A;14:00:00;35058
16/03/2023;B;14:00:00;4916
17/03/2023;A;14:00:00;37534
17/03/2023;B;14:00:00;5428
18/03/2023;A;14:00:00;44027
18/03/2023;B;14:00:00;6259
19/03/2023;A;14:00:00;19644
19/03/2023;B;14:00:00;3674
20/03/2023;A;14:00:00;17981
20/03/2023;B;14:00:00;2948
21/03/2023;A;14:00:00;35802
21/03/2023;B;14:00:00;5069
22/03/2023;A;14:00:00;35342
22/03/2023;B;14:00:00;5169
23/03/2023;A;14:00:00;34328
23/03/2023;B;14:00:00;4723
24/03/2023;A;14:00:00;35846
24/03/2023;B;14:00:00;4981
25/03/2023;A;14:00:00;45338
25/03/2023;B;14:00:00;6457
26/03/2023;A;14:00:00;18181
26/03/2023;B;14:00:00;3287
27/03/2023;A;14:00:00;33853
27/03/2023;B;14:00:00;4539
28/03/2023;A;14:00:00;34401
28/03/2023;B;14:00:00;4625
29/03/2023;A;14:00:00;34830
29/03/2023;B;14:00:00;4965
30/03/2023;A;14:00:00;17338
30/03/2023;B;14:00:00;4148
31/03/2023;A;14:00:00;36962
31/03/2023;B;14:00:00;4982
4/01/2023;A;14:00:00;46039
4/01/2023;B;14:00:00;6030
4/02/2023;A;14:00:00;18584
4/02/2023;B;14:00:00;3189
4/03/2023;A;14:00:00;32350
4/03/2023;B;14:00:00;4757
4/04/2023;A;14:00:00;32508
4/04/2023;B;14:00:00;4555
4/05/2023;A;14:00:00;37670
4/05/2023;B;14:00:00;5139
4/06/2023;A;14:00:00;16526
4/06/2023;B;14:00:00;2970
4/07/2023;A;14:00:00;13072
4/07/2023;B;14:00:00;2781
4/08/2023;A;14:00:00;24490
4/08/2023;B;14:00:00;3900
4/09/2023;A;14:00:00;15782
4/09/2023;B;14:00:00;2574
4/10/2023;A;14:00:00;34904
4/10/2023;B;14:00:00;4592
4/11/2023;A;14:00:00;33683
4/11/2023;B;14:00:00;4629
4/12/2023;A;14:00:00;34160
4/12/2023;B;14:00:00;4804
13/04/2023;A;14:00:00;33910
13/04/2023;B;14:00:00;4576
14/04/2023;A;14:00:00;36010
14/04/2023;B;14:00:00;4913
15/04/2023;A;14:00:00;43055
15/04/2023;B;14:00:00;6065
16/04/2023;A;14:00:00;19658
16/04/2023;B;14:00:00;3200
17/04/2023;A;14:00:00;34503
17/04/2023;B;14:00:00;4606
18/04/2023;A;14:00:00;36022
18/04/2023;B;14:00:00;4898
19/04/2023;A;14:00:00;33324
19/04/2023;B;14:00:00;4545
20/04/2023;A;14:00:00;35016
20/04/2023;B;14:00:00;4734
21/04/2023;A;14:00:00;36955
21/04/2023;B;14:00:00;5140
22/04/2023;A;14:00:00;44934
22/04/2023;B;14:00:00;6151
23/04/2023;A;14:00:00;19132
23/04/2023;B;14:00:00;3535
24/04/2023;A;14:00:00;34176
24/04/2023;B;14:00:00;4555
25/04/2023;A;14:00:00;34556
25/04/2023;B;14:00:00;4416
26/04/2023;A;14:00:00;34004
26/04/2023;B;14:00:00;4515
27/04/2023;A;14:00:00;33672
27/04/2023;B;14:00:00;4635
28/04/2023;A;14:00:00;38479
28/04/2023;B;14:00:00;5143
29/04/2023;A;14:00:00;45024
29/04/2023;B;14:00:00;6266
30/04/2023;A;14:00:00;19621
30/04/2023;B;14:00:00;3384
5/01/2023;A;14:00:00;17938
5/01/2023;B;14:00:00;3103
5/02/2023;A;14:00:00;35463
5/02/2023;B;14:00:00;4739
5/03/2023;A;14:00:00;34924
5/03/2023;B;14:00:00;4706
5/04/2023;A;14:00:00;34587
5/04/2023;B;14:00:00;4548
5/05/2023;A;14:00:00;37196
5/05/2023;B;14:00:00;5036
5/06/2023;A;14:00:00;47112
5/06/2023;B;14:00:00;6225
5/07/2023;A;14:00:00;19341
5/07/2023;B;14:00:00;3225
5/08/2023;A;14:00:00;34314
5/08/2023;B;14:00:00;4442
5/09/2023;A;14:00:00;33742
5/09/2023;B;14:00:00;4281
5/10/2023;A;14:00:00;34438
5/10/2023;B;14:00:00;4526
5/11/2023;A;14:00:00;34467
5/11/2023;B;14:00:00;4506
5/12/2023;A;14:00:00;36784
5/12/2023;B;14:00:00;5025
13/05/2023;A;14:00:00;45379
13/05/2023;B;14:00:00;6172
14/05/2023;A;14:00:00;16809
14/05/2023;B;14:00:00;2756
15/05/2023;A;14:00:00;33640
15/05/2023;B;14:00:00;4241
16/05/2023;A;14:00:00;33708
16/05/2023;B;14:00:00;4599
17/05/2023;A;14:00:00;34158
17/05/2023;B;14:00:00;4757
18/05/2023;A;14:00:00;34450
18/05/2023;B;14:00:00;4614
19/05/2023;A;14:00:00;37149
19/05/2023;B;14:00:00;5064
20/05/2023;A;14:00:00;44005
20/05/2023;B;14:00:00;5814
21/05/2023;A;14:00:00;16284
21/05/2023;B;14:00:00;2463
22/05/2023;A;14:00:00;15992
22/05/2023;B;14:00:00;2919
23/05/2023;A;14:00:00;36764
23/05/2023;B;14:00:00;4884
24/05/2023;A;14:00:00;35135
24/05/2023;B;14:00:00;4889
25/05/2023;A;14:00:00;33942
25/05/2023;B;14:00:00;4441
26/05/2023;A;14:00:00;35590
26/05/2023;B;14:00:00;4319
27/05/2023;A;14:00:00;44079
27/05/2023;B;14:00:00;5400
28/05/2023;A;14:00:00;17712
28/05/2023;B;14:00:00;2972
29/05/2023;A;14:00:00;33572
29/05/2023;B;14:00:00;4468
30/05/2023;A;14:00:00;33838
30/05/2023;B;14:00:00;4409
31/05/2023;A;14:00:00;33711
31/05/2023;B;14:00:00;4448
6/01/2023;A;14:00:00;33370
6/01/2023;B;14:00:00;4312
6/02/2023;A;14:00:00;36592
6/02/2023;B;14:00:00;4602
6/03/2023;A;14:00:00;46144
6/03/2023;B;14:00:00;6335
6/04/2023;A;14:00:00;18403
6/04/2023;B;14:00:00;3275
6/05/2023;A;14:00:00;33724
6/05/2023;B;14:00:00;4470
6/06/2023;A;14:00:00;33347
6/06/2023;B;14:00:00;4336
6/07/2023;A;14:00:00;33719
6/07/2023;B;14:00:00;4506
6/08/2023;A;14:00:00;33733
6/08/2023;B;14:00:00;4436
6/09/2023;A;14:00:00;35805
6/09/2023;B;14:00:00;4640
6/10/2023;A;14:00:00;42248
6/10/2023;B;14:00:00;5487
6/11/2023;A;14:00:00;19189
6/11/2023;B;14:00:00;3407
6/12/2023;A;14:00:00;17335
6/12/2023;B;14:00:00;2744
13/06/2023;A;14:00:00;33888
13/06/2023;B;14:00:00;4432
14/06/2023;A;14:00:00;33460
14/06/2023;B;14:00:00;4382
15/06/2023;A;14:00:00;33405
15/06/2023;B;14:00:00;4502
16/06/2023;A;14:00:00;36443
16/06/2023;B;14:00:00;4715
17/06/2023;A;14:00:00;45032
17/06/2023;B;14:00:00;6266
18/06/2023;A;14:00:00;17983
18/06/2023;B;14:00:00;3167
19/06/2023;A;14:00:00;17141
19/06/2023;B;14:00:00;3004
20/06/2023;A;14:00:00;34082
20/06/2023;B;14:00:00;4336
21/06/2023;A;14:00:00;34146
21/06/2023;B;14:00:00;4822
22/06/2023;A;14:00:00;34028
22/06/2023;B;14:00:00;4592
23/06/2023;A;14:00:00;34975
23/06/2023;B;14:00:00;4732
24/06/2023;A;14:00:00;44950
24/06/2023;B;14:00:00;6147
25/06/2023;A;14:00:00;18530
25/06/2023;B;14:00:00;3233
26/06/2023;A;14:00:00;33684
26/06/2023;B;14:00:00;4461
27/06/2023;A;14:00:00;33474
27/06/2023;B;14:00:00;4579
28/06/2023;A;14:00:00;33759
28/06/2023;B;14:00:00;4473
29/06/2023;A;14:00:00;32662
29/06/2023;B;14:00:00;4617
30/06/2023;A;14:00:00;36176
30/06/2023;B;14:00:00;4990
7/01/2023;A;14:00:00;44760
7/01/2023;B;14:00:00;5843
7/02/2023;A;14:00:00;24285
7/02/2023;B;14:00:00;4303
7/03/2023;A;14:00:00;18647
7/03/2023;B;14:00:00;3151
7/04/2023;A;14:00:00;35118
7/04/2023;B;14:00:00;4553
7/05/2023;A;14:00:00;33844
7/05/2023;B;14:00:00;4393
7/06/2023;A;14:00:00;31656
7/06/2023;B;14:00:00;4657
7/07/2023;A;14:00:00;36057
7/07/2023;B;14:00:00;4961
7/08/2023;A;14:00:00;45357
7/08/2023;B;14:00:00;6043
7/09/2023;A;14:00:00;18831
7/09/2023;B;14:00:00;3268
7/10/2023;A;14:00:00;33290
7/10/2023;B;14:00:00;4474
7/11/2023;A;14:00:00;33252
7/11/2023;B;14:00:00;4229
7/12/2023;A;14:00:00;33008
7/12/2023;B;14:00:00;4465
13/07/2023;A;14:00:00;32618
13/07/2023;B;14:00:00;4297
14/07/2023;A;14:00:00;35157
14/07/2023;B;14:00:00;4434
15/07/2023;A;14:00:00;45302
15/07/2023;B;14:00:00;6060
16/07/2023;A;14:00:00;19519
16/07/2023;B;14:00:00;3319
17/07/2023;A;14:00:00;34115
17/07/2023;B;14:00:00;4325
18/07/2023;A;14:00:00;33695
18/07/2023;B;14:00:00;4532
19/07/2023;A;14:00:00;34374
19/07/2023;B;14:00:00;4621
20/07/2023;A;14:00:00;21549
20/07/2023;B;14:00:00;3597
21/07/2023;A;14:00:00;36558
21/07/2023;B;14:00:00;4962
22/07/2023;A;14:00:00;38899
22/07/2023;B;14:00:00;6119
23/07/2023;A;14:00:00;17542
23/07/2023;B;14:00:00;3329
24/07/2023;A;14:00:00;33358
24/07/2023;B;14:00:00;4320
25/07/2023;A;14:00:00;33515
25/07/2023;B;14:00:00;4506
26/07/2023;A;14:00:00;33505
26/07/2023;B;14:00:00;4530
27/07/2023;A;14:00:00;33948
27/07/2023;B;14:00:00;4668
28/07/2023;A;14:00:00;36538
28/07/2023;B;14:00:00;5308
29/07/2023;A;14:00:00;42143
29/07/2023;B;14:00:00;6229
30/07/2023;A;14:00:00;19343
30/07/2023;B;14:00:00;3560
31/07/2023;A;14:00:00;34683
31/07/2023;B;14:00:00;4663
8/01/2023;A;14:00:00;35851
8/01/2023;B;14:00:00;4771
8/02/2023;A;14:00:00;35398
8/02/2023;B;14:00:00;4832
8/03/2023;A;14:00:00;35738
8/03/2023;B;14:00:00;5061
8/04/2023;A;14:00:00;39457
8/04/2023;B;14:00:00;5760
8/05/2023;A;14:00:00;51690
8/05/2023;B;14:00:00;7138
8/06/2023;A;14:00:00;23461
8/06/2023;B;14:00:00;4634
8/07/2023;A;14:00:00;24399
8/07/2023;B;14:00:00;4026
8/08/2023;A;14:00:00;36196
8/08/2023;B;14:00:00;5378
8/09/2023;A;14:00:00;38344
8/09/2023;B;14:00:00;5312
8/10/2023;A;14:00:00;35457
8/10/2023;B;14:00:00;4958
8/11/2023;A;14:00:00;38110
8/11/2023;B;14:00:00;5216
8/12/2023;A;14:00:00;41104
8/12/2023;B;14:00:00;6053
13/08/2023;A;14:00:00;17818
13/08/2023;B;14:00:00;3092
14/08/2023;A;14:00:00;34692
14/08/2023;B;14:00:00;4613
15/08/2023;A;14:00:00;35650
15/08/2023;B;14:00:00;4846
16/08/2023;A;14:00:00;36203
16/08/2023;B;14:00:00;5116
17/08/2023;A;14:00:00;35160
17/08/2023;B;14:00:00;5055
18/08/2023;A;14:00:00;38443
18/08/2023;B;14:00:00;5186
19/08/2023;A;14:00:00;41456
19/08/2023;B;14:00:00;6028
20/08/2023;A;14:00:00;17482
20/08/2023;B;14:00:00;3145
21/08/2023;A;14:00:00;17183
21/08/2023;B;14:00:00;2819
22/08/2023;A;14:00:00;35357
22/08/2023;B;14:00:00;4694
23/08/2023;A;14:00:00;34949
23/08/2023;B;14:00:00;4838
24/08/2023;A;14:00:00;34243
24/08/2023;B;14:00:00;4677
25/08/2023;A;14:00:00;37414
25/08/2023;B;14:00:00;4998
26/08/2023;A;14:00:00;41075
26/08/2023;B;14:00:00;6003
27/08/2023;A;14:00:00;18890
27/08/2023;B;14:00:00;3071
28/08/2023;A;14:00:00;35159
28/08/2023;B;14:00:00;4715
29/08/2023;A;14:00:00;34058
29/08/2023;B;14:00:00;4497
30/08/2023;A;14:00:00;33912
30/08/2023;B;14:00:00;4758
31/08/2023;A;14:00:00;33841
31/08/2023;B;14:00:00;4631
9/01/2023;A;14:00:00;37601
9/01/2023;B;14:00:00;4992
9/02/2023;A;14:00:00;41586
9/02/2023;B;14:00:00;6066
9/03/2023;A;14:00:00;19689
9/03/2023;B;14:00:00;3236
9/04/2023;A;14:00:00;34767
9/04/2023;B;14:00:00;4773
9/05/2023;A;14:00:00;34429
9/05/2023;B;14:00:00;4612
9/06/2023;A;14:00:00;34609
9/06/2023;B;14:00:00;4622
9/07/2023;A;14:00:00;34706
9/07/2023;B;14:00:00;4764
9/08/2023;A;14:00:00;37924
9/08/2023;B;14:00:00;4943
9/09/2023;A;14:00:00;41930
9/09/2023;B;14:00:00;6318
9/10/2023;A;14:00:00;19490
9/10/2023;B;14:00:00;3110
9/11/2023;A;14:00:00;34137
9/11/2023;B;14:00:00;4427
9/12/2023;A;14:00:00;34348
9/12/2023;B;14:00:00;4451
13/09/2023;A;14:00:00;34565
13/09/2023;B;14:00:00;4845
14/09/2023;A;14:00:00;34488
14/09/2023;B;14:00:00;4672
15/09/2023;A;14:00:00;38281
15/09/2023;B;14:00:00;5114
16/09/2023;A;14:00:00;44097
16/09/2023;B;14:00:00;6511
17/09/2023;A;14:00:00;19821
17/09/2023;B;14:00:00;3347
18/09/2023;A;14:00:00;34143
18/09/2023;B;14:00:00;4419
19/09/2023;A;14:00:00;33758
19/09/2023;B;14:00:00;4528
20/09/2023;A;14:00:00;34058
20/09/2023;B;14:00:00;4538
21/09/2023;A;14:00:00;33319
21/09/2023;B;14:00:00;4679
22/09/2023;A;14:00:00;36798
22/09/2023;B;14:00:00;4953
23/09/2023;A;14:00:00;39415
23/09/2023;B;14:00:00;5563
24/09/2023;A;14:00:00;18866
24/09/2023;B;14:00:00;3288
25/09/2023;A;14:00:00;33724
25/09/2023;B;14:00:00;4432
26/09/2023;A;14:00:00;33889
26/09/2023;B;14:00:00;4536
27/09/2023;A;14:00:00;35347
27/09/2023;B;14:00:00;5302
28/09/2023;A;14:00:00;33637
28/09/2023;B;14:00:00;4287
29/09/2023;A;14:00:00;36507
29/09/2023;B;14:00:00;4830
30/09/2023;A;14:00:00;42784
30/09/2023;B;14:00:00;6409
10/01/2023;A;14:00:00;18421
10/01/2023;B;14:00:00;3018
10/02/2023;A;14:00:00;34027
10/02/2023;B;14:00:00;4326
10/03/2023;A;14:00:00;34039
10/03/2023;B;14:00:00;4379
10/04/2023;A;14:00:00;33685
10/04/2023;B;14:00:00;4520
10/05/2023;A;14:00:00;35171
10/05/2023;B;14:00:00;4653
10/06/2023;A;14:00:00;37697
10/06/2023;B;14:00:00;4810
10/07/2023;A;14:00:00;41322
10/07/2023;B;14:00:00;6418
10/08/2023;A;14:00:00;20784
10/08/2023;B;14:00:00;3418
10/09/2023;A;14:00:00;35246
10/09/2023;B;14:00:00;4796
10/10/2023;A;14:00:00;34703
10/10/2023;B;14:00:00;4919
10/11/2023;A;14:00:00;35100
10/11/2023;B;14:00:00;5050
10/12/2023;A;14:00:00;36899
10/12/2023;B;14:00:00;5332
13/10/2023;A;14:00:00;38078
13/10/2023;B;14:00:00;4617
14/10/2023;A;14:00:00;41268
14/10/2023;B;14:00:00;5999
15/10/2023;A;14:00:00;19769
15/10/2023;B;14:00:00;3412
16/10/2023;A;14:00:00;18103
16/10/2023;B;14:00:00;2782
17/10/2023;A;14:00:00;35539
17/10/2023;B;14:00:00;4785
18/10/2023;A;14:00:00;35559
18/10/2023;B;14:00:00;4974
19/10/2023;A;14:00:00;33527
19/10/2023;B;14:00:00;4624
20/10/2023;A;14:00:00;36746
20/10/2023;B;14:00:00;4902
21/10/2023;A;14:00:00;42092
21/10/2023;B;14:00:00;6000
22/10/2023;A;14:00:00;18855
22/10/2023;B;14:00:00;3049
23/10/2023;A;14:00:00;32529
23/10/2023;B;14:00:00;4517
24/10/2023;A;14:00:00;34065
24/10/2023;B;14:00:00;4561
25/10/2023;A;14:00:00;32643
25/10/2023;B;14:00:00;4373
26/10/2023;A;14:00:00;33452
26/10/2023;B;14:00:00;4410
27/10/2023;A;14:00:00;38026
27/10/2023;B;14:00:00;4741
28/10/2023;A;14:00:00;40903
28/10/2023;B;14:00:00;5815
29/10/2023;A;14:00:00;14
29/10/2023;B;14:00:00;1
30/10/2023;A;14:00:00;33678
30/10/2023;B;14:00:00;4397
31/10/2023;A;14:00:00;38812
31/10/2023;B;14:00:00;5105
11/01/2023;A;14:00:00;34576
11/01/2023;B;14:00:00;4810
11/02/2023;A;14:00:00;35012
11/02/2023;B;14:00:00;4275
11/03/2023;A;14:00:00;40294
11/03/2023;B;14:00:00;5507
11/04/2023;A;14:00:00;46424
11/04/2023;B;14:00:00;7507
11/05/2023;A;14:00:00;24114
11/05/2023;B;14:00:00;4661
11/06/2023;A;14:00:00;20483
11/06/2023;B;14:00:00;3566
11/07/2023;A;14:00:00;38833
11/07/2023;B;14:00:00;5226
11/08/2023;A;14:00:00;35904
11/08/2023;B;14:00:00;4865
11/09/2023;A;14:00:00;34690
11/09/2023;B;14:00:00;4683
11/10/2023;A;14:00:00;37621
11/10/2023;B;14:00:00;5022
11/11/2023;A;14:00:00;41405
11/11/2023;B;14:00:00;6077
11/12/2023;A;14:00:00;20002
11/12/2023;B;14:00:00;3727
13/11/2023;A;14:00:00;18038
13/11/2023;B;14:00:00;2910
14/11/2023;A;14:00:00;34913
14/11/2023;B;14:00:00;4384
15/11/2023;A;14:00:00;34223
15/11/2023;B;14:00:00;4573
16/11/2023;A;14:00:00;35934
16/11/2023;B;14:00:00;4882
17/11/2023;A;14:00:00;38498
17/11/2023;B;14:00:00;5173
18/11/2023;A;14:00:00;45066
18/11/2023;B;14:00:00;6332
19/11/2023;A;14:00:00;20852
19/11/2023;B;14:00:00;3309
20/11/2023;A;14:00:00;35390
20/11/2023;B;14:00:00;4655
21/11/2023;A;14:00:00;35713
21/11/2023;B;14:00:00;4733
22/11/2023;A;14:00:00;34597
22/11/2023;B;14:00:00;4706
23/11/2023;A;14:00:00;34783
23/11/2023;B;14:00:00;4839
24/11/2023;A;14:00:00;38299
24/11/2023;B;14:00:00;5134
25/11/2023;A;14:00:00;43778
25/11/2023;B;14:00:00;6537
26/11/2023;A;14:00:00;21022
26/11/2023;B;14:00:00;3408
27/11/2023;A;14:00:00;34278
27/11/2023;B;14:00:00;4706
28/11/2023;A;14:00:00;34391
28/11/2023;B;14:00:00;4482
29/11/2023;A;14:00:00;34174
29/11/2023;B;14:00:00;4425
30/11/2023;A;14:00:00;35076
30/11/2023;B;14:00:00;4772
12/01/2023;A;14:00:00;40916
12/01/2023;B;14:00:00;5290
12/02/2023;A;14:00:00;46742
12/02/2023;B;14:00:00;6273
12/03/2023;A;14:00:00;22987
12/03/2023;B;14:00:00;3863
12/04/2023;A;14:00:00;35790
12/04/2023;B;14:00:00;4629
12/05/2023;A;14:00:00;36062
12/05/2023;B;14:00:00;4657
12/06/2023;A;14:00:00;36728
12/06/2023;B;14:00:00;4674
12/07/2023;A;14:00:00;39113
12/07/2023;B;14:00:00;4615
12/08/2023;A;14:00:00;24443
12/08/2023;B;14:00:00;4060
12/09/2023;A;14:00:00;39461
12/09/2023;B;14:00:00;6009
12/10/2023;A;14:00:00;22836
12/10/2023;B;14:00:00;3728
12/11/2023;A;14:00:00;34973
12/11/2023;B;14:00:00;4637
12/12/2023;A;14:00:00;35595
12/12/2023;B;14:00:00;4627
13/12/2023;A;14:00:00;35308
13/12/2023;B;14:00:00;4590
14/12/2023;A;14:00:00;69610
14/12/2023;B;14:00:00;9430
15/12/2023;A;14:00:00;38762
15/12/2023;B;14:00:00;5203
16/12/2023;A;14:00:00;47339
16/12/2023;B;14:00:00;6922
17/12/2023;A;14:00:00;28252
17/12/2023;B;14:00:00;4303
18/12/2023;A;14:00:00;37508
18/12/2023;B;14:00:00;4932
19/12/2023;A;14:00:00;37389
19/12/2023;B;14:00:00;5102
20/12/2023;A;14:00:00;38426
20/12/2023;B;14:00:00;5086
21/12/2023;A;14:00:00;39006
21/12/2023;B;14:00:00;5285
22/12/2023;A;14:00:00;43481
22/12/2023;B;14:00:00;5441
23/12/2023;A;14:00:00;42608
23/12/2023;B;14:00:00;5644
24/12/2023;A;14:00:00;20732
24/12/2023;B;14:00:00;3024
25/12/2023;A;14:00:00;11962
25/12/2023;B;14:00:00;1950
26/12/2023;A;14:00:00;32041
26/12/2023;B;14:00:00;4364
27/12/2023;A;14:00:00;33063
27/12/2023;B;14:00:00;4569
28/12/2023;A;14:00:00;32497
28/12/2023;B;14:00:00;4479
29/12/2023;A;14:00:00;37109
29/12/2023;B;14:00:00;4947
30/12/2023;A;14:00:00;32270
30/12/2023;B;14:00:00;4638
31/12/2023;A;14:00:00;17282
31/12/2023;B;14:00:00;2949
1/01/2024;A;14:00:00;10362
1/01/2024;B;14:00:00;1741
2/01/2024;A;14:00:00;25795
2/01/2024;B;14:00:00;3640
3/01/2024;A;14:00:00;27528
3/01/2024;B;14:00:00;3986
4/01/2024;A;14:00:00;27418
4/01/2024;B;14:00:00;4370
5/01/2024;A;14:00:00;29763
5/01/2024;B;14:00:00;4585
6/01/2024;A;14:00:00;31175
6/01/2024;B;14:00:00;5031
7/01/2024;A;14:00:00;16629
7/01/2024;B;14:00:00;3449
8/01/2024;A;14:00:00;15900
8/01/2024;B;14:00:00;2902
9/01/2024;A;14:00:00;29966
9/01/2024;B;14:00:00;4159
10/01/2024;A;14:00:00;29538
10/01/2024;B;14:00:00;4088
11/01/2024;A;14:00:00;29278
11/01/2024;B;14:00:00;3960
12/01/2024;A;14:00:00;31000
12/01/2024;B;14:00:00;4284
13/01/2024;A;14:00:00;35648
13/01/2024;B;14:00:00;4864
14/01/2024;A;14:00:00;16793
14/01/2024;B;14:00:00;2967
15/01/2024;A;14:00:00;31998
15/01/2024;B;14:00:00;4209
16/01/2024;A;14:00:00;32707
16/01/2024;B;14:00:00;4323
17/01/2024;A;14:00:00;32050
17/01/2024;B;14:00:00;4329
18/01/2024;A;14:00:00;31726
18/01/2024;B;14:00:00;4276
19/01/2024;A;14:00:00;34378
19/01/2024;B;14:00:00;4303
20/01/2024;A;14:00:00;37228
20/01/2024;B;14:00:00;5254
21/01/2024;A;14:00:00;17349
21/01/2024;B;14:00:00;2902
22/01/2024;A;14:00:00;32154
22/01/2024;B;14:00:00;4282
23/01/2024;A;14:00:00;31730
23/01/2024;B;14:00:00;4192
24/01/2024;A;14:00:00;31244
24/01/2024;B;14:00:00;4160
25/01/2024;A;14:00:00;31254
25/01/2024;B;14:00:00;4178
26/01/2024;A;14:00:00;34788
26/01/2024;B;14:00:00;4570
27/01/2024;A;14:00:00;37952
27/01/2024;B;14:00:00;5350
28/01/2024;A;14:00:00;16868
28/01/2024;B;14:00:00;2747
29/01/2024;A;14:00:00;31819
29/01/2024;B;14:00:00;4261
30/01/2024;A;14:00:00;32375
30/01/2024;B;14:00:00;4300
31/01/2024;A;14:00:00;32729
31/01/2024;B;14:00:00;4267
1/02/2024;A;14:00:00;31124
1/02/2024;B;14:00:00;4306
2/02/2024;A;14:00:00;36444
2/02/2024;B;14:00:00;4897
3/02/2024;A;14:00:00;40102
3/02/2024;B;14:00:00;5850
4/02/2024;A;14:00:00;17577
4/02/2024;B;14:00:00;2887
5/02/2024;A;14:00:00;34774
5/02/2024;B;14:00:00;4977
6/02/2024;A;14:00:00;33984
6/02/2024;B;14:00:00;4968
7/02/2024;A;14:00:00;34103
7/02/2024;B;14:00:00;4711
8/02/2024;A;14:00:00;34030
8/02/2024;B;14:00:00;4716
9/02/2024;A;14:00:00;36473
9/02/2024;B;14:00:00;4981
10/02/2024;A;14:00:00;38916
10/02/2024;B;14:00:00;5964
11/02/2024;A;14:00:00;17443
11/02/2024;B;14:00:00;3080
12/02/2024;A;14:00:00;26739
12/02/2024;B;14:00:00;4364
13/02/2024;A;14:00:00;33442
13/02/2024;B;14:00:00;4648
14/02/2024;A;14:00:00;33093
14/02/2024;B;14:00:00;4532
15/02/2024;A;14:00:00;33012
15/02/2024;B;14:00:00;4652
16/02/2024;A;14:00:00;36920
16/02/2024;B;14:00:00;5087
17/02/2024;A;14:00:00;40270
17/02/2024;B;14:00:00;5913
18/02/2024;A;14:00:00;17984
18/02/2024;B;14:00:00;3034
19/02/2024;A;14:00:00;33096
19/02/2024;B;14:00:00;4355
20/02/2024;A;14:00:00;33309
20/02/2024;B;14:00:00;4712
21/02/2024;A;14:00:00;32826
21/02/2024;B;14:00:00;4657
22/02/2024;A;14:00:00;32683
22/02/2024;B;14:00:00;4707
23/02/2024;A;14:00:00;36806
23/02/2024;B;14:00:00;4870
24/02/2024;A;14:00:00;39636
24/02/2024;B;14:00:00;5936
25/02/2024;A;14:00:00;17738
25/02/2024;B;14:00:00;2960
26/02/2024;A;14:00:00;32940
26/02/2024;B;14:00:00;4423
27/02/2024;A;14:00:00;33074
27/02/2024;B;14:00:00;4507
28/02/2024;A;14:00:00;32829
28/02/2024;B;14:00:00;4535
29/02/2024;A;14:00:00;32649
29/02/2024;B;14:00:00;4605
1/03/2024;A;14:00:00;36391
1/03/2024;B;14:00:00;5009
2/03/2024;A;14:00:00;40915
2/03/2024;B;14:00:00;5907
3/03/2024;A;14:00:00;18523
3/03/2024;B;14:00:00;3049
4/03/2024;A;14:00:00;33400
4/03/2024;B;14:00:00;4505
5/03/2024;A;14:00:00;33328
5/03/2024;B;14:00:00;4552
6/03/2024;A;14:00:00;33161
6/03/2024;B;14:00:00;4797
7/03/2024;A;14:00:00;33242
7/03/2024;B;14:00:00;4402
8/03/2024;A;14:00:00;36677
8/03/2024;B;14:00:00;4891
9/03/2024;A;14:00:00;21560
9/03/2024;B;14:00:00;5341
10/03/2024;A;14:00:00;17772
10/03/2024;B;14:00:00;3098
11/03/2024;A;14:00:00;32540
11/03/2024;B;14:00:00;4472
12/03/2024;A;14:00:00;32596
12/03/2024;B;14:00:00;4702
13/03/2024;A;14:00:00;33106
13/03/2024;B;14:00:00;4517
14/03/2024;A;14:00:00;32562
14/03/2024;B;14:00:00;4549
15/03/2024;A;14:00:00;34759
15/03/2024;B;14:00:00;4701
16/03/2024;A;14:00:00;41431
16/03/2024;B;14:00:00;6004
17/03/2024;A;14:00:00;17734
17/03/2024;B;14:00:00;2973
18/03/2024;A;14:00:00;32354
18/03/2024;B;14:00:00;4363
19/03/2024;A;14:00:00;32808
19/03/2024;B;14:00:00;4636
20/03/2024;A;14:00:00;32639
20/03/2024;B;14:00:00;4518
21/03/2024;A;14:00:00;32910
21/03/2024;B;14:00:00;4493
22/03/2024;A;14:00:00;36790
22/03/2024;B;14:00:00;4805
23/03/2024;A;14:00:00;39156
23/03/2024;B;14:00:00;5586
24/03/2024;A;14:00:00;17591
24/03/2024;B;14:00:00;3068
25/03/2024;A;14:00:00;17563
25/03/2024;B;14:00:00;3002
26/03/2024;A;14:00:00;29955
26/03/2024;B;14:00:00;4055
27/03/2024;A;14:00:00;31128
27/03/2024;B;14:00:00;4678
28/03/2024;A;14:00:00;15768
28/03/2024;B;14:00:00;2919
29/03/2024;A;14:00:00;11975
29/03/2024;B;14:00:00;2640
30/03/2024;A;14:00:00;23829
30/03/2024;B;14:00:00;3550
31/03/2024;A;14:00:00;15191
31/03/2024;B;14:00:00;2451
1/04/2024;A;14:00:00;32504
1/04/2024;B;14:00:00;4191
2/04/2024;A;14:00:00;32960
2/04/2024;B;14:00:00;4402
3/04/2024;A;14:00:00;33461
3/04/2024;B;14:00:00;4778
4/04/2024;A;14:00:00;31893
4/04/2024;B;14:00:00;4502
5/04/2024;A;14:00:00;35710
5/04/2024;B;14:00:00;4699
6/04/2024;A;14:00:00;39566
6/04/2024;B;14:00:00;5633
7/04/2024;A;14:00:00;17043
7/04/2024;B;14:00:00;2924
8/04/2024;A;14:00:00;32129
8/04/2024;B;14:00:00;4168
9/04/2024;A;14:00:00;33046
9/04/2024;B;14:00:00;4355
10/04/2024;A;14:00:00;32168
10/04/2024;B;14:00:00;4431
11/04/2024;A;14:00:00;32173
11/04/2024;B;14:00:00;4296
12/04/2024;A;14:00:00;35163
12/04/2024;B;14:00:00;4721
13/04/2024;A;14:00:00;38420
13/04/2024;B;14:00:00;5751
14/04/2024;A;14:00:00;17075
14/04/2024;B;14:00:00;2731
15/04/2024;A;14:00:00;31589
15/04/2024;B;14:00:00;4422
16/04/2024;A;14:00:00;32881
16/04/2024;B;14:00:00;4451
17/04/2024;A;14:00:00;31782
17/04/2024;B;14:00:00;4112
18/04/2024;A;14:00:00;32242
18/04/2024;B;14:00:00;4364
19/04/2024;A;14:00:00;37852
19/04/2024;B;14:00:00;4658
20/04/2024;A;14:00:00;40874
20/04/2024;B;14:00:00;5960
21/04/2024;A;14:00:00;18912
21/04/2024;B;14:00:00;3020
22/04/2024;A;14:00:00;31818
22/04/2024;B;14:00:00;4484
23/04/2024;A;14:00:00;32874
23/04/2024;B;14:00:00;4382
24/04/2024;A;14:00:00;32979
24/04/2024;B;14:00:00;4431
25/04/2024;A;14:00:00;33336
25/04/2024;B;14:00:00;4626
26/04/2024;A;14:00:00;35586
26/04/2024;B;14:00:00;4820
27/04/2024;A;14:00:00;41282
27/04/2024;B;14:00:00;6017
28/04/2024;A;14:00:00;16971
28/04/2024;B;14:00:00;2731
29/04/2024;A;14:00:00;32006
29/04/2024;B;14:00:00;4270
30/04/2024;A;14:00:00;34028
30/04/2024;B;14:00:00;4407
1/05/2024;A;14:00:00;20557
1/05/2024;B;14:00:00;3042
2/05/2024;A;14:00:00;34788
2/05/2024;B;14:00:00;4451
3/05/2024;A;14:00:00;36477
3/05/2024;B;14:00:00;5509
4/05/2024;A;14:00:00;42287
4/05/2024;B;14:00:00;6105
5/05/2024;A;14:00:00;18239
5/05/2024;B;14:00:00;3063
6/05/2024;A;14:00:00;33606
6/05/2024;B;14:00:00;4384
7/05/2024;A;14:00:00;34306
7/05/2024;B;14:00:00;4437
8/05/2024;A;14:00:00;33353
8/05/2024;B;14:00:00;4332
9/05/2024;A;14:00:00;32501
9/05/2024;B;14:00:00;4115
10/05/2024;A;14:00:00;39344
10/05/2024;B;14:00:00;5449
11/05/2024;A;14:00:00;42040
11/05/2024;B;14:00:00;6186
12/05/2024;A;14:00:00;16497
12/05/2024;B;14:00:00;2943
13/05/2024;A;14:00:00;15480
13/05/2024;B;14:00:00;2620
14/05/2024;A;14:00:00;33765
14/05/2024;B;14:00:00;4620
15/05/2024;A;14:00:00;32553
15/05/2024;B;14:00:00;4566
16/05/2024;A;14:00:00;34486
16/05/2024;B;14:00:00;4353
17/05/2024;A;14:00:00;35816
17/05/2024;B;14:00:00;5040
18/05/2024;A;14:00:00;41091
18/05/2024;B;14:00:00;5849
19/05/2024;A;14:00:00;17532
19/05/2024;B;14:00:00;2998
20/05/2024;A;14:00:00;33070
20/05/2024;B;14:00:00;4303
21/05/2024;A;14:00:00;33114
21/05/2024;B;14:00:00;4403
22/05/2024;A;14:00:00;32849
22/05/2024;B;14:00:00;4201
23/05/2024;A;14:00:00;33531
23/05/2024;B;14:00:00;4277
24/05/2024;A;14:00:00;36010
24/05/2024;B;14:00:00;4871
25/05/2024;A;14:00:00;39206
25/05/2024;B;14:00:00;5563
26/05/2024;A;14:00:00;17782
26/05/2024;B;14:00:00;3250
27/05/2024;A;14:00:00;33326
27/05/2024;B;14:00:00;4378
28/05/2024;A;14:00:00;32159
28/05/2024;B;14:00:00;4185
29/05/2024;A;14:00:00;34639
29/05/2024;B;14:00:00;4309
30/05/2024;A;14:00:00;30212
30/05/2024;B;14:00:00;4006
31/05/2024;A;14:00:00;35943
31/05/2024;B;14:00:00;4810
1/06/2024;A;14:00:00;39028
1/06/2024;B;14:00:00;5647
2/06/2024;A;14:00:00;18319
2/06/2024;B;14:00:00;3246
3/06/2024;A;14:00:00;16550
3/06/2024;B;14:00:00;2673
4/06/2024;A;14:00:00;33689
4/06/2024;B;14:00:00;4097
5/06/2024;A;14:00:00;32643
5/06/2024;B;14:00:00;4476
6/06/2024;A;14:00:00;33250
6/06/2024;B;14:00:00;4197
7/06/2024;A;14:00:00;36333
7/06/2024;B;14:00:00;4559
8/06/2024;A;14:00:00;39367
8/06/2024;B;14:00:00;5474
9/06/2024;A;14:00:00;15846
9/06/2024;B;14:00:00;2319
10/06/2024;A;14:00:00;16153
10/06/2024;B;14:00:00;2577
11/06/2024;A;14:00:00;33772
11/06/2024;B;14:00:00;4252
12/06/2024;A;14:00:00;33161
12/06/2024;B;14:00:00;4345
13/06/2024;A;14:00:00;33087
13/06/2024;B;14:00:00;4272
14/06/2024;A;14:00:00;35246
14/06/2024;B;14:00:00;4653
15/06/2024;A;14:00:00;44187
15/06/2024;B;14:00:00;6246
16/06/2024;A;14:00:00;18215
16/06/2024;B;14:00:00;2923
17/06/2024;A;14:00:00;33130
17/06/2024;B;14:00:00;4139
18/06/2024;A;14:00:00;33764
18/06/2024;B;14:00:00;3938
19/06/2024;A;14:00:00;32795
19/06/2024;B;14:00:00;4488
20/06/2024;A;14:00:00;32398
20/06/2024;B;14:00:00;4439
21/06/2024;A;14:00:00;35076
21/06/2024;B;14:00:00;4766
22/06/2024;A;14:00:00;40361
22/06/2024;B;14:00:00;5506
23/06/2024;A;14:00:00;19251
23/06/2024;B;14:00:00;3066
24/06/2024;A;14:00:00;32421
24/06/2024;B;14:00:00;4501
25/06/2024;A;14:00:00;32578
25/06/2024;B;14:00:00;4255
26/06/2024;A;14:00:00;32473
26/06/2024;B;14:00:00;4413
27/06/2024;A;14:00:00;31068
27/06/2024;B;14:00:00;4047
28/06/2024;A;14:00:00;36412
28/06/2024;B;14:00:00;4554
29/06/2024;A;14:00:00;41297
29/06/2024;B;14:00:00;5874
30/06/2024;A;14:00:00;24515
30/06/2024;B;14:00:00;4316
1/07/2024;A;14:00:00;18366
1/07/2024;B;14:00:00;2827
2/07/2024;A;14:00:00;33666
2/07/2024;B;14:00:00;4351
3/07/2024;A;14:00:00;33197
3/07/2024;B;14:00:00;4382
4/07/2024;A;14:00:00;33000
4/07/2024;B;14:00:00;4580
5/07/2024;A;14:00:00;34108
5/07/2024;B;14:00:00;4312
6/07/2024;A;14:00:00;42372
6/07/2024;B;14:00:00;5713
7/07/2024;A;14:00:00;18165
7/07/2024;B;14:00:00;3071
8/07/2024;A;14:00:00;32730
8/07/2024;B;14:00:00;4068
9/07/2024;A;14:00:00;32679
9/07/2024;B;14:00:00;3973
10/07/2024;A;14:00:00;31615
10/07/2024;B;14:00:00;4029
11/07/2024;A;14:00:00;32091
11/07/2024;B;14:00:00;4048
12/07/2024;A;14:00:00;36203
12/07/2024;B;14:00:00;4552
13/07/2024;A;14:00:00;41243
13/07/2024;B;14:00:00;5730
14/07/2024;A;14:00:00;17246
14/07/2024;B;14:00:00;3149
15/07/2024;A;14:00:00;31408
15/07/2024;B;14:00:00;4005
16/07/2024;A;14:00:00;34189
16/07/2024;B;14:00:00;4282
17/07/2024;A;14:00:00;32925
17/07/2024;B;14:00:00;4511
18/07/2024;A;14:00:00;33595
18/07/2024;B;14:00:00;4329
19/07/2024;A;14:00:00;36868
19/07/2024;B;14:00:00;4717
20/07/2024;A;14:00:00;24459
20/07/2024;B;14:00:00;3930
21/07/2024;A;14:00:00;19106
21/07/2024;B;14:00:00;2938
22/07/2024;A;14:00:00;32835
22/07/2024;B;14:00:00;4565
23/07/2024;A;14:00:00;32839
23/07/2024;B;14:00:00;4367
24/07/2024;A;14:00:00;32422
24/07/2024;B;14:00:00;4482
25/07/2024;A;14:00:00;32346
25/07/2024;B;14:00:00;4402
26/07/2024;A;14:00:00;35614
26/07/2024;B;14:00:00;4612
27/07/2024;A;14:00:00;39235
27/07/2024;B;14:00:00;5834
28/07/2024;A;14:00:00;17214
28/07/2024;B;14:00:00;2973
29/07/2024;A;14:00:00;31736
29/07/2024;B;14:00:00;4169
30/07/2024;A;14:00:00;32581
30/07/2024;B;14:00:00;4192
31/07/2024;A;14:00:00;32673
31/07/2024;B;14:00:00;4349
1/08/2024;A;14:00:00;33249
1/08/2024;B;14:00:00;4492
2/08/2024;A;14:00:00;36877
2/08/2024;B;14:00:00;5035
3/08/2024;A;14:00:00;41246
3/08/2024;B;14:00:00;6448
4/08/2024;A;14:00:00;19332
4/08/2024;B;14:00:00;3251
5/08/2024;A;14:00:00;35338
5/08/2024;B;14:00:00;4888
6/08/2024;A;14:00:00;36711
6/08/2024;B;14:00:00;5231
7/08/2024;A;14:00:00;24209
7/08/2024;B;14:00:00;3641
8/08/2024;A;14:00:00;35469
8/08/2024;B;14:00:00;5020
9/08/2024;A;14:00:00;38220
9/08/2024;B;14:00:00;5190
10/08/2024;A;14:00:00;54365
10/08/2024;B;14:00:00;7845
11/08/2024;A;14:00:00;21835
11/08/2024;B;14:00:00;4073
12/08/2024;A;14:00:00;34671
12/08/2024;B;14:00:00;4796
13/08/2024;A;14:00:00;34295
13/08/2024;B;14:00:00;4787
14/08/2024;A;14:00:00;33758
14/08/2024;B;14:00:00;4696
15/08/2024;A;14:00:00;34324
15/08/2024;B;14:00:00;4439
16/08/2024;A;14:00:00;38462
16/08/2024;B;14:00:00;5207
17/08/2024;A;14:00:00;40058
17/08/2024;B;14:00:00;6323
18/08/2024;A;14:00:00;18156
18/08/2024;B;14:00:00;3322
19/08/2024;A;14:00:00;17754
19/08/2024;B;14:00:00;2710
20/08/2024;A;14:00:00;34806
20/08/2024;B;14:00:00;4926
21/08/2024;A;14:00:00;33899
21/08/2024;B;14:00:00;4748
22/08/2024;A;14:00:00;33581
22/08/2024;B;14:00:00;4566
23/08/2024;A;14:00:00;37155
23/08/2024;B;14:00:00;4853
24/08/2024;A;14:00:00;41457
24/08/2024;B;14:00:00;5688
25/08/2024;A;14:00:00;18167
25/08/2024;B;14:00:00;3042
26/08/2024;A;14:00:00;34140
26/08/2024;B;14:00:00;4445
27/08/2024;A;14:00:00;33535
27/08/2024;B;14:00:00;4496
28/08/2024;A;14:00:00;33335
28/08/2024;B;14:00:00;4535
29/08/2024;A;14:00:00;33215
29/08/2024;B;14:00:00;4199
30/08/2024;A;14:00:00;37494
30/08/2024;B;14:00:00;4961
31/08/2024;A;14:00:00;42895
31/08/2024;B;14:00:00;6450
1/09/2024;A;14:00:00;17953
1/09/2024;B;14:00:00;3020
2/09/2024;A;14:00:00;34786
2/09/2024;B;14:00:00;4692
3/09/2024;A;14:00:00;34826
3/09/2024;B;14:00:00;4738
4/09/2024;A;14:00:00;35820
4/09/2024;B;14:00:00;4829
5/09/2024;A;14:00:00;35819
5/09/2024;B;14:00:00;4723
6/09/2024;A;14:00:00;37240
6/09/2024;B;14:00:00;4788
7/09/2024;A;14:00:00;41034
7/09/2024;B;14:00:00;5989
8/09/2024;A;14:00:00;18991
8/09/2024;B;14:00:00;3082
9/09/2024;A;14:00:00;34560
9/09/2024;B;14:00:00;4382
10/09/2024;A;14:00:00;36651
10/09/2024;B;14:00:00;4656
11/09/2024;A;14:00:00;34570
11/09/2024;B;14:00:00;4650
12/09/2024;A;14:00:00;34486
12/09/2024;B;14:00:00;4728
13/09/2024;A;14:00:00;38014
13/09/2024;B;14:00:00;4770
14/09/2024;A;14:00:00;42847
14/09/2024;B;14:00:00;6375
15/09/2024;A;14:00:00;20112
15/09/2024;B;14:00:00;3281
16/09/2024;A;14:00:00;34724
16/09/2024;B;14:00:00;4481
17/09/2024;A;14:00:00;34256
17/09/2024;B;14:00:00;4514
18/09/2024;A;14:00:00;33324
18/09/2024;B;14:00:00;4560
19/09/2024;A;14:00:00;34663
19/09/2024;B;14:00:00;4546
20/09/2024;A;14:00:00;37439
20/09/2024;B;14:00:00;4924
21/09/2024;A;14:00:00;40412
21/09/2024;B;14:00:00;5629
22/09/2024;A;14:00:00;16783
22/09/2024;B;14:00:00;2803
23/09/2024;A;14:00:00;33261
23/09/2024;B;14:00:00;4380
24/09/2024;A;14:00:00;33022
24/09/2024;B;14:00:00;4514
25/09/2024;A;14:00:00;33335
25/09/2024;B;14:00:00;4314
26/09/2024;A;14:00:00;33532
26/09/2024;B;14:00:00;4436
27/09/2024;A;14:00:00;31472
27/09/2024;B;14:00:00;3866
28/09/2024;A;14:00:00;39427
28/09/2024;B;14:00:00;5726
29/09/2024;A;14:00:00;18246
29/09/2024;B;14:00:00;2746
30/09/2024;A;14:00:00;35726
30/09/2024;B;14:00:00;4593
1/10/2024;A;14:00:00;34502
1/10/2024;B;14:00:00;4302
2/10/2024;A;14:00:00;33312
2/10/2024;B;14:00:00;4430
3/10/2024;A;14:00:00;34052
3/10/2024;B;14:00:00;4331
4/10/2024;A;14:00:00;37047
4/10/2024;B;14:00:00;4462
5/10/2024;A;14:00:00;42673
5/10/2024;B;14:00:00;6185
6/10/2024;A;14:00:00;19883
6/10/2024;B;14:00:00;3314
7/10/2024;A;14:00:00;34394
7/10/2024;B;14:00:00;4434
8/10/2024;A;14:00:00;34198
8/10/2024;B;14:00:00;4686
9/10/2024;A;14:00:00;34982
9/10/2024;B;14:00:00;4673
10/10/2024;A;14:00:00;37748
10/10/2024;B;14:00:00;4798
11/10/2024;A;14:00:00;37383
11/10/2024;B;14:00:00;4808
12/10/2024;A;14:00:00;39720
12/10/2024;B;14:00:00;5715
13/10/2024;A;14:00:00;17870
13/10/2024;B;14:00:00;3075
14/10/2024;A;14:00:00;16989
14/10/2024;B;14:00:00;2692
15/10/2024;A;14:00:00;35194
15/10/2024;B;14:00:00;4448
16/10/2024;A;14:00:00;35349
16/10/2024;B;14:00:00;5007
17/10/2024;A;14:00:00;34885
17/10/2024;B;14:00:00;4719
18/10/2024;A;14:00:00;38861
18/10/2024;B;14:00:00;4999
19/10/2024;A;14:00:00;43219
19/10/2024;B;14:00:00;6195
20/10/2024;A;14:00:00;18363
20/10/2024;B;14:00:00;3012
21/10/2024;A;14:00:00;33633
21/10/2024;B;14:00:00;3979
22/10/2024;A;14:00:00;32958
22/10/2024;B;14:00:00;4377
23/10/2024;A;14:00:00;34815
23/10/2024;B;14:00:00;4584
24/10/2024;A;14:00:00;34280
24/10/2024;B;14:00:00;4576
25/10/2024;A;14:00:00;37874
25/10/2024;B;14:00:00;4847
26/10/2024;A;14:00:00;40744
26/10/2024;B;14:00:00;5777
27/10/2024;A;14:00:00;18474
27/10/2024;B;14:00:00;2964
28/10/2024;A;14:00:00;35765
28/10/2024;B;14:00:00;4553
29/10/2024;A;14:00:00;34233
29/10/2024;B;14:00:00;4590
30/10/2024;A;14:00:00;34177
30/10/2024;B;14:00:00;4592
31/10/2024;A;14:00:00;40558
31/10/2024;B;14:00:00;5339
1/01/2019;A;15:00:00;12730
2/01/2019;A;15:00:00;30098
3/01/2019;A;15:00:00;31594
4/01/2019;A;15:00:00;34464
5/01/2019;A;15:00:00;32215
6/01/2019;A;15:00:00;19827
7/01/2019;A;15:00:00;19040
8/01/2019;A;15:00:00;35644
9/01/2019;A;15:00:00;34419
10/01/2019;A;15:00:00;34045
11/01/2019;A;15:00:00;37271
12/01/2019;A;15:00:00;34415
13/01/2019;A;15:00:00;19624
14/01/2019;A;15:00:00;35521
15/01/2019;A;15:00:00;101898
16/01/2019;A;15:00:00;35730
17/01/2019;A;15:00:00;35124
18/01/2019;A;15:00:00;38239
19/01/2019;A;15:00:00;37902
20/01/2019;A;15:00:00;20878
21/01/2019;A;15:00:00;35334
22/01/2019;A;15:00:00;36291
23/01/2019;A;15:00:00;35287
24/01/2019;A;15:00:00;
25/01/2019;A;15:00:00;38703
26/01/2019;A;15:00:00;36837
27/01/2019;A;15:00:00;19540
28/01/2019;A;15:00:00;35480
29/01/2019;A;15:00:00;35501
30/01/2019;A;15:00:00;35509
31/01/2019;A;15:00:00;36476
1/02/2019;A;15:00:00;40687
2/02/2019;A;15:00:00;39200
3/02/2019;A;15:00:00;20426
4/02/2019;A;15:00:00;36737
5/02/2019;A;15:00:00;37067
6/02/2019;A;15:00:00;36941
7/02/2019;A;15:00:00;36563
8/02/2019;A;15:00:00;40781
9/02/2019;A;15:00:00;37103
10/02/2019;A;15:00:00;20284
11/02/2019;A;15:00:00;35901
12/02/2019;A;15:00:00;37821
13/02/2019;A;15:00:00;35893
14/02/2019;A;15:00:00;36697
15/02/2019;A;15:00:00;41769
16/02/2019;A;15:00:00;254265
17/02/2019;A;15:00:00;21904
18/02/2019;A;15:00:00;37180
19/02/2019;A;15:00:00;37777
20/02/2019;A;15:00:00;38318
21/02/2019;A;15:00:00;36435
22/02/2019;A;15:00:00;40449
23/02/2019;A;15:00:00;37796
24/02/2019;A;15:00:00;20791
25/02/2019;A;15:00:00;36512
26/02/2019;A;15:00:00;38084
27/02/2019;A;15:00:00;42394
28/02/2019;A;15:00:00;38417
1/03/2019;A;15:00:00;42289
2/03/2019;A;15:00:00;40347
3/03/2019;A;15:00:00;22328
4/03/2019;A;15:00:00;37780
5/03/2019;A;15:00:00;37395
6/03/2019;A;15:00:00;40029
7/03/2019;A;15:00:00;39506
8/03/2019;A;15:00:00;43050
9/03/2019;A;15:00:00;39167
10/03/2019;A;15:00:00;20941
11/03/2019;A;15:00:00;34821
12/03/2019;A;15:00:00;36987
13/03/2019;A;15:00:00;34707
14/03/2019;A;15:00:00;35858
15/03/2019;A;15:00:00;40105
16/03/2019;A;15:00:00;40629
17/03/2019;A;15:00:00;20780
18/03/2019;A;15:00:00;39631
19/03/2019;A;15:00:00;39947
20/03/2019;A;15:00:00;41619
21/03/2019;A;15:00:00;36403
22/03/2019;A;15:00:00;40933
23/03/2019;A;15:00:00;40341
24/03/2019;A;15:00:00;20005
25/03/2019;A;15:00:00;22422
26/03/2019;A;15:00:00;38004
27/03/2019;A;15:00:00;35916
28/03/2019;A;15:00:00;39123
29/03/2019;A;15:00:00;41784
30/03/2019;A;15:00:00;42155
31/03/2019;A;15:00:00;19803
1/04/2019;A;15:00:00;37768
2/04/2019;A;15:00:00;37826
3/04/2019;A;15:00:00;37870
4/04/2019;A;15:00:00;37781
5/04/2019;A;15:00:00;41472
6/04/2019;A;15:00:00;41056
7/04/2019;A;15:00:00;22441
8/04/2019;A;15:00:00;67933
9/04/2019;A;15:00:00;36138
10/04/2019;A;15:00:00;35078
11/04/2019;A;15:00:00;35950
12/04/2019;A;15:00:00;39954
13/04/2019;A;15:00:00;38619
14/04/2019;A;15:00:00;20100
15/04/2019;A;15:00:00;34447
16/04/2019;A;15:00:00;34764
17/04/2019;A;15:00:00;39999
18/04/2019;A;15:00:00;18798
19/04/2019;A;15:00:00;14395
20/04/2019;A;15:00:00;27372
21/04/2019;A;15:00:00;18319
22/04/2019;A;15:00:00;36630
23/04/2019;A;15:00:00;43416
24/04/2019;A;15:00:00;36829
25/04/2019;A;15:00:00;14262
26/04/2019;A;15:00:00;49507
27/04/2019;A;15:00:00;41966
28/04/2019;A;15:00:00;20485
29/04/2019;A;15:00:00;35631
30/04/2019;A;15:00:00;37220
1/05/2019;A;15:00:00;21306
2/05/2019;A;15:00:00;
3/05/2019;A;15:00:00;42041
4/05/2019;A;15:00:00;41078
5/05/2019;A;15:00:00;20286
6/05/2019;A;15:00:00;36959
7/05/2019;A;15:00:00;35487
8/05/2019;A;15:00:00;36445
9/05/2019;A;15:00:00;36745
10/05/2019;A;15:00:00;41519
11/05/2019;A;15:00:00;40170
12/05/2019;A;15:00:00;18448
13/05/2019;A;15:00:00;36597
14/05/2019;A;15:00:00;35879
15/05/2019;A;15:00:00;36439
16/05/2019;A;15:00:00;38924
17/05/2019;A;15:00:00;42573
18/05/2019;A;15:00:00;37663
19/05/2019;A;15:00:00;21448
20/05/2019;A;15:00:00;36386
21/05/2019;A;15:00:00;37007
22/05/2019;A;15:00:00;36610
23/05/2019;A;15:00:00;36122
24/05/2019;A;15:00:00;41713
25/05/2019;A;15:00:00;37736
26/05/2019;A;15:00:00;19497
27/05/2019;A;15:00:00;36086
28/05/2019;A;15:00:00;36123
29/05/2019;A;15:00:00;36003
30/05/2019;A;15:00:00;30654
31/05/2019;A;15:00:00;42985
1/06/2019;A;15:00:00;38513
2/06/2019;A;15:00:00;20822
3/06/2019;A;15:00:00;20794
4/06/2019;A;15:00:00;38119
5/06/2019;A;15:00:00;38798
6/06/2019;A;15:00:00;36396
7/06/2019;A;15:00:00;40415
8/06/2019;A;15:00:00;39800
9/06/2019;A;15:00:00;20580
10/06/2019;A;15:00:00;37203
11/06/2019;A;15:00:00;37194
12/06/2019;A;15:00:00;38013
13/06/2019;A;15:00:00;36365
14/06/2019;A;15:00:00;40746
15/06/2019;A;15:00:00;43564
16/06/2019;A;15:00:00;19704
17/06/2019;A;15:00:00;37367
18/06/2019;A;15:00:00;37065
19/06/2019;A;15:00:00;44660
20/06/2019;A;15:00:00;36617
21/06/2019;A;15:00:00;41729
22/06/2019;A;15:00:00;37376
23/06/2019;A;15:00:00;15492
24/06/2019;A;15:00:00;19678
25/06/2019;A;15:00:00;37181
26/06/2019;A;15:00:00;37028
27/06/2019;A;15:00:00;37224
28/06/2019;A;15:00:00;41155
29/06/2019;A;15:00:00;40078
30/06/2019;A;15:00:00;24635
1/07/2019;A;15:00:00;21814
2/07/2019;A;15:00:00;39101
3/07/2019;A;15:00:00;37869
4/07/2019;A;15:00:00;37321
5/07/2019;A;15:00:00;41599
6/07/2019;A;15:00:00;40484
7/07/2019;A;15:00:00;20085
8/07/2019;A;15:00:00;37063
9/07/2019;A;15:00:00;36067
10/07/2019;A;15:00:00;43557
11/07/2019;A;15:00:00;36774
12/07/2019;A;15:00:00;41091
13/07/2019;A;15:00:00;38407
14/07/2019;A;15:00:00;20607
15/07/2019;A;15:00:00;38113
16/07/2019;A;15:00:00;38420
17/07/2019;A;15:00:00;38552
18/07/2019;A;15:00:00;39838
19/07/2019;A;15:00:00;43315
20/07/2019;A;15:00:00;28126
21/07/2019;A;15:00:00;22328
22/07/2019;A;15:00:00;37767
23/07/2019;A;15:00:00;38988
24/07/2019;A;15:00:00;38250
25/07/2019;A;15:00:00;37614
26/07/2019;A;15:00:00;42708
27/07/2019;A;15:00:00;38529
28/07/2019;A;15:00:00;21253
29/07/2019;A;15:00:00;36391
30/07/2019;A;15:00:00;36994
31/07/2019;A;15:00:00;37841
1/08/2019;A;15:00:00;40005
2/08/2019;A;15:00:00;43543
3/08/2019;A;15:00:00;43575
4/08/2019;A;15:00:00;23785
5/08/2019;A;15:00:00;39883
6/08/2019;A;15:00:00;42364
7/08/2019;A;15:00:00;26815
8/08/2019;A;15:00:00;39427
9/08/2019;A;15:00:00;43632
10/08/2019;A;15:00:00;48289
11/08/2019;A;15:00:00;28673
12/08/2019;A;15:00:00;37948
13/08/2019;A;15:00:00;37192
14/08/2019;A;15:00:00;37377
15/08/2019;A;15:00:00;37635
16/08/2019;A;15:00:00;44389
17/08/2019;A;15:00:00;41547
18/08/2019;A;15:00:00;22513
19/08/2019;A;15:00:00;19750
20/08/2019;A;15:00:00;39046
21/08/2019;A;15:00:00;37303
22/08/2019;A;15:00:00;38072
23/08/2019;A;15:00:00;41448
24/08/2019;A;15:00:00;39618
25/08/2019;A;15:00:00;22329
26/08/2019;A;15:00:00;36714
27/08/2019;A;15:00:00;37081
28/08/2019;A;15:00:00;37672
29/08/2019;A;15:00:00;37111
30/08/2019;A;15:00:00;41246
31/08/2019;A;15:00:00;42415
1/09/2019;A;15:00:00;21891
2/09/2019;A;15:00:00;38590
3/09/2019;A;15:00:00;38178
4/09/2019;A;15:00:00;84617
5/09/2019;A;15:00:00;38215
6/09/2019;A;15:00:00;43646
7/09/2019;A;15:00:00;43404
8/09/2019;A;15:00:00;24032
9/09/2019;A;15:00:00;38808
10/09/2019;A;15:00:00;38092
11/09/2019;A;15:00:00;38038
12/09/2019;A;15:00:00;38359
13/09/2019;A;15:00:00;42915
14/09/2019;A;15:00:00;43716
15/09/2019;A;15:00:00;23419
16/09/2019;A;15:00:00;38434
17/09/2019;A;15:00:00;37385
18/09/2019;A;15:00:00;37972
19/09/2019;A;15:00:00;38549
20/09/2019;A;15:00:00;42569
21/09/2019;A;15:00:00;43095
22/09/2019;A;15:00:00;21153
23/09/2019;A;15:00:00;37531
24/09/2019;A;15:00:00;38157
25/09/2019;A;15:00:00;39041
26/09/2019;A;15:00:00;38316
27/09/2019;A;15:00:00;44703
28/09/2019;A;15:00:00;41208
29/09/2019;A;15:00:00;21127
30/09/2019;A;15:00:00;38735
1/10/2019;A;15:00:00;40048
2/10/2019;A;15:00:00;39779
3/10/2019;A;15:00:00;40683
4/10/2019;A;15:00:00;44045
5/10/2019;A;15:00:00;43350
6/10/2019;A;15:00:00;22262
7/10/2019;A;15:00:00;39684
8/10/2019;A;15:00:00;40017
9/10/2019;A;15:00:00;41598
10/10/2019;A;15:00:00;43167
11/10/2019;A;15:00:00;43949
12/10/2019;A;15:00:00;41602
13/10/2019;A;15:00:00;24259
14/10/2019;A;15:00:00;20328
15/10/2019;A;15:00:00;38728
16/10/2019;A;15:00:00;41863
17/10/2019;A;15:00:00;38902
18/10/2019;A;15:00:00;44151
19/10/2019;A;15:00:00;43190
20/10/2019;A;15:00:00;22306
21/10/2019;A;15:00:00;38245
22/10/2019;A;15:00:00;38789
23/10/2019;A;15:00:00;38698
24/10/2019;A;15:00:00;39486
25/10/2019;A;15:00:00;43425
26/10/2019;A;15:00:00;42060
27/10/2019;A;15:00:00;190
28/10/2019;A;15:00:00;36905
29/10/2019;A;15:00:00;42254
30/10/2019;A;15:00:00;37299
31/10/2019;A;15:00:00;50383
1/11/2019;A;15:00:00;42800
2/11/2019;A;15:00:00;43650
3/11/2019;A;15:00:00;20823
4/11/2019;A;15:00:00;21755
5/11/2019;A;15:00:00;40152
6/11/2019;A;15:00:00;40778
7/11/2019;A;15:00:00;39624
8/11/2019;A;15:00:00;43151
9/11/2019;A;15:00:00;43594
10/11/2019;A;15:00:00;22374
11/11/2019;A;15:00:00;24233
12/11/2019;A;15:00:00;38595
13/11/2019;A;15:00:00;39542
14/11/2019;A;15:00:00;38795
15/11/2019;A;15:00:00;46105
16/11/2019;A;15:00:00;45856
17/11/2019;A;15:00:00;23664
18/11/2019;A;15:00:00;39752
19/11/2019;A;15:00:00;40710
20/11/2019;A;15:00:00;17754
21/11/2019;A;15:00:00;42689
22/11/2019;A;15:00:00;38264
23/11/2019;A;15:00:00;43777
24/11/2019;A;15:00:00;24403
25/11/2019;A;15:00:00;40746
26/11/2019;A;15:00:00;42017
27/11/2019;A;15:00:00;43732
28/11/2019;A;15:00:00;41219
29/11/2019;A;15:00:00;49297
30/11/2019;A;15:00:00;48335
1/12/2019;A;15:00:00;24516
2/12/2019;A;15:00:00;42349
3/12/2019;A;15:00:00;42397
4/12/2019;A;15:00:00;32859
5/12/2019;A;15:00:00;42864
6/12/2019;A;15:00:00;47313
7/12/2019;A;15:00:00;46748
8/12/2019;A;15:00:00;25025
9/12/2019;A;15:00:00;41105
10/12/2019;A;15:00:00;43180
11/12/2019;A;15:00:00;43176
12/12/2019;A;15:00:00;42817
13/12/2019;A;15:00:00;45954
14/12/2019;A;15:00:00;51698
15/12/2019;A;15:00:00;30932
16/12/2019;A;15:00:00;43785
17/12/2019;A;15:00:00;43936
18/12/2019;A;15:00:00;43069
19/12/2019;A;15:00:00;42997
20/12/2019;A;15:00:00;48310
21/12/2019;A;15:00:00;50280
22/12/2019;A;15:00:00;31019
23/12/2019;A;15:00:00;48541
24/12/2019;A;15:00:00;39229
25/12/2019;A;15:00:00;15179
26/12/2019;A;15:00:00;36640
27/12/2019;A;15:00:00;39124
28/12/2019;A;15:00:00;40145
29/12/2019;A;15:00:00;23401
30/12/2019;A;15:00:00;79829
31/12/2019;A;15:00:00;31110
1/01/2019;B;15:00:00;2022
2/01/2019;B;15:00:00;4222
3/01/2019;B;15:00:00;4336
4/01/2019;B;15:00:00;4615
5/01/2019;B;15:00:00;4538
6/01/2019;B;15:00:00;3424
7/01/2019;B;15:00:00;2873
8/01/2019;B;15:00:00;4965
9/01/2019;B;15:00:00;4905
10/01/2019;B;15:00:00;4760
11/01/2019;B;15:00:00;5124
12/01/2019;B;15:00:00;5014
13/01/2019;B;15:00:00;3184
14/01/2019;B;15:00:00;5081
15/01/2019;B;15:00:00;13769
16/01/2019;B;15:00:00;5186
17/01/2019;B;15:00:00;4969
18/01/2019;B;15:00:00;5321
19/01/2019;B;15:00:00;5480
20/01/2019;B;15:00:00;3200
21/01/2019;B;15:00:00;4995
22/01/2019;B;15:00:00;5019
23/01/2019;B;15:00:00;5062
24/01/2019;B;15:00:00;
25/01/2019;B;15:00:00;5273
26/01/2019;B;15:00:00;5271
27/01/2019;B;15:00:00;2958
28/01/2019;B;15:00:00;5062
29/01/2019;B;15:00:00;4913
30/01/2019;B;15:00:00;4974
31/01/2019;B;15:00:00;5082
1/02/2019;B;15:00:00;5323
2/02/2019;B;15:00:00;5709
3/02/2019;B;15:00:00;3312
4/02/2019;B;15:00:00;5107
5/02/2019;B;15:00:00;5409
6/02/2019;B;15:00:00;5319
7/02/2019;B;15:00:00;5261
8/02/2019;B;15:00:00;5981
9/02/2019;B;15:00:00;5486
10/02/2019;B;15:00:00;3187
11/02/2019;B;15:00:00;5083
12/02/2019;B;15:00:00;5462
13/02/2019;B;15:00:00;5060
14/02/2019;B;15:00:00;5311
15/02/2019;B;15:00:00;5745
16/02/2019;B;15:00:00;41010
17/02/2019;B;15:00:00;3404
18/02/2019;B;15:00:00;5156
19/02/2019;B;15:00:00;5532
20/02/2019;B;15:00:00;5992
21/02/2019;B;15:00:00;5407
22/02/2019;B;15:00:00;5580
23/02/2019;B;15:00:00;5635
24/02/2019;B;15:00:00;3313
25/02/2019;B;15:00:00;5041
26/02/2019;B;15:00:00;5556
27/02/2019;B;15:00:00;6118
28/02/2019;B;15:00:00;5585
1/03/2019;B;15:00:00;5753
2/03/2019;B;15:00:00;5845
3/03/2019;B;15:00:00;3294
4/03/2019;B;15:00:00;5338
5/03/2019;B;15:00:00;5312
6/03/2019;B;15:00:00;5590
7/03/2019;B;15:00:00;7065
8/03/2019;B;15:00:00;5821
9/03/2019;B;15:00:00;5836
10/03/2019;B;15:00:00;3159
11/03/2019;B;15:00:00;4867
12/03/2019;B;15:00:00;5530
13/03/2019;B;15:00:00;5090
14/03/2019;B;15:00:00;5221
15/03/2019;B;15:00:00;5842
16/03/2019;B;15:00:00;6103
17/03/2019;B;15:00:00;3169
18/03/2019;B;15:00:00;5483
19/03/2019;B;15:00:00;5625
20/03/2019;B;15:00:00;6210
21/03/2019;B;15:00:00;5372
22/03/2019;B;15:00:00;5964
23/03/2019;B;15:00:00;5891
24/03/2019;B;15:00:00;2485
25/03/2019;B;15:00:00;3619
26/03/2019;B;15:00:00;5429
27/03/2019;B;15:00:00;4921
28/03/2019;B;15:00:00;5551
29/03/2019;B;15:00:00;5773
30/03/2019;B;15:00:00;6283
31/03/2019;B;15:00:00;3056
1/04/2019;B;15:00:00;5083
2/04/2019;B;15:00:00;5469
3/04/2019;B;15:00:00;5328
4/04/2019;B;15:00:00;5294
5/04/2019;B;15:00:00;5681
6/04/2019;B;15:00:00;6002
7/04/2019;B;15:00:00;3442
8/04/2019;B;15:00:00;9281
9/04/2019;B;15:00:00;5219
10/04/2019;B;15:00:00;4916
11/04/2019;B;15:00:00;5060
12/04/2019;B;15:00:00;5508
13/04/2019;B;15:00:00;5672
14/04/2019;B;15:00:00;2938
15/04/2019;B;15:00:00;4804
16/04/2019;B;15:00:00;4822
17/04/2019;B;15:00:00;5099
18/04/2019;B;15:00:00;2930
19/04/2019;B;15:00:00;2172
20/04/2019;B;15:00:00;3723
21/04/2019;B;15:00:00;2648
22/04/2019;B;15:00:00;5012
23/04/2019;B;15:00:00;6331
24/04/2019;B;15:00:00;5146
25/04/2019;B;15:00:00;1505
26/04/2019;B;15:00:00;6660
27/04/2019;B;15:00:00;6110
28/04/2019;B;15:00:00;3019
29/04/2019;B;15:00:00;4999
30/04/2019;B;15:00:00;5273
1/05/2019;B;15:00:00;3419
2/05/2019;B;15:00:00;
3/05/2019;B;15:00:00;5846
4/05/2019;B;15:00:00;5674
5/05/2019;B;15:00:00;3120
6/05/2019;B;15:00:00;5125
7/05/2019;B;15:00:00;5120
8/05/2019;B;15:00:00;5076
9/05/2019;B;15:00:00;5347
10/05/2019;B;15:00:00;5791
11/05/2019;B;15:00:00;5843
12/05/2019;B;15:00:00;2787
13/05/2019;B;15:00:00;5103
14/05/2019;B;15:00:00;5038
15/05/2019;B;15:00:00;4871
16/05/2019;B;15:00:00;4109
17/05/2019;B;15:00:00;5830
18/05/2019;B;15:00:00;5541
19/05/2019;B;15:00:00;3144
20/05/2019;B;15:00:00;4938
21/05/2019;B;15:00:00;5385
22/05/2019;B;15:00:00;5052
23/05/2019;B;15:00:00;5302
24/05/2019;B;15:00:00;6086
25/05/2019;B;15:00:00;5254
26/05/2019;B;15:00:00;3085
27/05/2019;B;15:00:00;4943
28/05/2019;B;15:00:00;5246
29/05/2019;B;15:00:00;5010
30/05/2019;B;15:00:00;5054
31/05/2019;B;15:00:00;5936
1/06/2019;B;15:00:00;5343
2/06/2019;B;15:00:00;3294
3/06/2019;B;15:00:00;3119
4/06/2019;B;15:00:00;5328
5/06/2019;B;15:00:00;5135
6/06/2019;B;15:00:00;5123
7/06/2019;B;15:00:00;5224
8/06/2019;B;15:00:00;5743
9/06/2019;B;15:00:00;3209
10/06/2019;B;15:00:00;5102
11/06/2019;B;15:00:00;4958
12/06/2019;B;15:00:00;5170
13/06/2019;B;15:00:00;5082
14/06/2019;B;15:00:00;5387
15/06/2019;B;15:00:00;5604
16/06/2019;B;15:00:00;2819
17/06/2019;B;15:00:00;4764
18/06/2019;B;15:00:00;4917
19/06/2019;B;15:00:00;5630
20/06/2019;B;15:00:00;5012
21/06/2019;B;15:00:00;5659
22/06/2019;B;15:00:00;5132
23/06/2019;B;15:00:00;2254
24/06/2019;B;15:00:00;3056
25/06/2019;B;15:00:00;5239
26/06/2019;B;15:00:00;5118
27/06/2019;B;15:00:00;5556
28/06/2019;B;15:00:00;5320
29/06/2019;B;15:00:00;5684
30/06/2019;B;15:00:00;3899
1/07/2019;B;15:00:00;3320
2/07/2019;B;15:00:00;5217
3/07/2019;B;15:00:00;5240
4/07/2019;B;15:00:00;5075
5/07/2019;B;15:00:00;5544
6/07/2019;B;15:00:00;5294
7/07/2019;B;15:00:00;2966
8/07/2019;B;15:00:00;4886
9/07/2019;B;15:00:00;4971
10/07/2019;B;15:00:00;6131
11/07/2019;B;15:00:00;5086
12/07/2019;B;15:00:00;5571
13/07/2019;B;15:00:00;5452
14/07/2019;B;15:00:00;3293
15/07/2019;B;15:00:00;5067
16/07/2019;B;15:00:00;5191
17/07/2019;B;15:00:00;5102
18/07/2019;B;15:00:00;5508
19/07/2019;B;15:00:00;5696
20/07/2019;B;15:00:00;4457
21/07/2019;B;15:00:00;3700
22/07/2019;B;15:00:00;5154
23/07/2019;B;15:00:00;5101
24/07/2019;B;15:00:00;5230
25/07/2019;B;15:00:00;5162
26/07/2019;B;15:00:00;5869
27/07/2019;B;15:00:00;6011
28/07/2019;B;15:00:00;3387
29/07/2019;B;15:00:00;5124
30/07/2019;B;15:00:00;4925
31/07/2019;B;15:00:00;5261
1/08/2019;B;15:00:00;5675
2/08/2019;B;15:00:00;6202
3/08/2019;B;15:00:00;6702
4/08/2019;B;15:00:00;3996
5/08/2019;B;15:00:00;5783
6/08/2019;B;15:00:00;5964
7/08/2019;B;15:00:00;5223
8/08/2019;B;15:00:00;5751
9/08/2019;B;15:00:00;6234
10/08/2019;B;15:00:00;7234
11/08/2019;B;15:00:00;4207
12/08/2019;B;15:00:00;5377
13/08/2019;B;15:00:00;5438
14/08/2019;B;15:00:00;5243
15/08/2019;B;15:00:00;5269
16/08/2019;B;15:00:00;5742
17/08/2019;B;15:00:00;6331
18/08/2019;B;15:00:00;3521
19/08/2019;B;15:00:00;3033
20/08/2019;B;15:00:00;5561
21/08/2019;B;15:00:00;5312
22/08/2019;B;15:00:00;5374
23/08/2019;B;15:00:00;5541
24/08/2019;B;15:00:00;5910
25/08/2019;B;15:00:00;3647
26/08/2019;B;15:00:00;5635
27/08/2019;B;15:00:00;5088
28/08/2019;B;15:00:00;5377
29/08/2019;B;15:00:00;5308
30/08/2019;B;15:00:00;5713
31/08/2019;B;15:00:00;6267
1/09/2019;B;15:00:00;3552
2/09/2019;B;15:00:00;5358
3/09/2019;B;15:00:00;5288
4/09/2019;B;15:00:00;12052
5/09/2019;B;15:00:00;5433
6/09/2019;B;15:00:00;6152
7/09/2019;B;15:00:00;6377
8/09/2019;B;15:00:00;3728
9/09/2019;B;15:00:00;5381
10/09/2019;B;15:00:00;5236
11/09/2019;B;15:00:00;5326
12/09/2019;B;15:00:00;5469
13/09/2019;B;15:00:00;5843
14/09/2019;B;15:00:00;6175
15/09/2019;B;15:00:00;3601
16/09/2019;B;15:00:00;5169
17/09/2019;B;15:00:00;5162
18/09/2019;B;15:00:00;5244
19/09/2019;B;15:00:00;5449
20/09/2019;B;15:00:00;5981
21/09/2019;B;15:00:00;5894
22/09/2019;B;15:00:00;3478
23/09/2019;B;15:00:00;5252
24/09/2019;B;15:00:00;5381
25/09/2019;B;15:00:00;4952
26/09/2019;B;15:00:00;5203
27/09/2019;B;15:00:00;6031
28/09/2019;B;15:00:00;5819
29/09/2019;B;15:00:00;3247
30/09/2019;B;15:00:00;5370
1/10/2019;B;15:00:00;5434
2/10/2019;B;15:00:00;5354
3/10/2019;B;15:00:00;5797
4/10/2019;B;15:00:00;5942
5/10/2019;B;15:00:00;6526
6/10/2019;B;15:00:00;3729
7/10/2019;B;15:00:00;5569
8/10/2019;B;15:00:00;4860
9/10/2019;B;15:00:00;5894
10/10/2019;B;15:00:00;5925
11/10/2019;B;15:00:00;5798
12/10/2019;B;15:00:00;5598
13/10/2019;B;15:00:00;3724
14/10/2019;B;15:00:00;3226
15/10/2019;B;15:00:00;5356
16/10/2019;B;15:00:00;5867
17/10/2019;B;15:00:00;5753
18/10/2019;B;15:00:00;5516
19/10/2019;B;15:00:00;6349
20/10/2019;B;15:00:00;3500
21/10/2019;B;15:00:00;5478
22/10/2019;B;15:00:00;5311
23/10/2019;B;15:00:00;5352
24/10/2019;B;15:00:00;5649
25/10/2019;B;15:00:00;5827
26/10/2019;B;15:00:00;5992
27/10/2019;B;15:00:00;
28/10/2019;B;15:00:00;5133
29/10/2019;B;15:00:00;5231
30/10/2019;B;15:00:00;5093
31/10/2019;B;15:00:00;6876
1/11/2019;B;15:00:00;5875
2/11/2019;B;15:00:00;6316
3/11/2019;B;15:00:00;2988
4/11/2019;B;15:00:00;3533
5/11/2019;B;15:00:00;5699
6/11/2019;B;15:00:00;5467
7/11/2019;B;15:00:00;5702
8/11/2019;B;15:00:00;4670
9/11/2019;B;15:00:00;6301
10/11/2019;B;15:00:00;3378
11/11/2019;B;15:00:00;3836
12/11/2019;B;15:00:00;5516
13/11/2019;B;15:00:00;5328
14/11/2019;B;15:00:00;5886
15/11/2019;B;15:00:00;6107
16/11/2019;B;15:00:00;6390
17/11/2019;B;15:00:00;3760
18/11/2019;B;15:00:00;6499
19/11/2019;B;15:00:00;5397
20/11/2019;B;15:00:00;2515
21/11/2019;B;15:00:00;4610
22/11/2019;B;15:00:00;3082
23/11/2019;B;15:00:00;6363
24/11/2019;B;15:00:00;3698
25/11/2019;B;15:00:00;5646
26/11/2019;B;15:00:00;5600
27/11/2019;B;15:00:00;5852
28/11/2019;B;15:00:00;5573
29/11/2019;B;15:00:00;6146
30/11/2019;B;15:00:00;6347
1/12/2019;B;15:00:00;3615
2/12/2019;B;15:00:00;5685
3/12/2019;B;15:00:00;5753
4/12/2019;B;15:00:00;5438
5/12/2019;B;15:00:00;5659
6/12/2019;B;15:00:00;6518
7/12/2019;B;15:00:00;5529
8/12/2019;B;15:00:00;3783
9/12/2019;B;15:00:00;5760
10/12/2019;B;15:00:00;5864
11/12/2019;B;15:00:00;5669
12/12/2019;B;15:00:00;5789
13/12/2019;B;15:00:00;6054
14/12/2019;B;15:00:00;6891
15/12/2019;B;15:00:00;4171
16/12/2019;B;15:00:00;6007
17/12/2019;B;15:00:00;5515
18/12/2019;B;15:00:00;5606
19/12/2019;B;15:00:00;5653
20/12/2019;B;15:00:00;6248
21/12/2019;B;15:00:00;6174
22/12/2019;B;15:00:00;4233
23/12/2019;B;15:00:00;6168
24/12/2019;B;15:00:00;5286
25/12/2019;B;15:00:00;2298
26/12/2019;B;15:00:00;4922
27/12/2019;B;15:00:00;5513
28/12/2019;B;15:00:00;5000
29/12/2019;B;15:00:00;3739
30/12/2019;B;15:00:00;11062
31/12/2019;B;15:00:00;4825
1/01/2020;A;15:00:00;12785
1/01/2020;B;15:00:00;2140
2/01/2020;A;15:00:00;30882
2/01/2020;B;15:00:00;4319
3/01/2020;A;15:00:00;35243
3/01/2020;B;15:00:00;4947
4/01/2020;A;15:00:00;31403
4/01/2020;B;15:00:00;4779
5/01/2020;A;15:00:00;20952
5/01/2020;B;15:00:00;3490
6/01/2020;A;15:00:00;19607
6/01/2020;B;15:00:00;3607
7/01/2020;A;15:00:00;37983
7/01/2020;B;15:00:00;5017
8/01/2020;A;15:00:00;34415
8/01/2020;B;15:00:00;4697
9/01/2020;A;15:00:00;34036
9/01/2020;B;15:00:00;4933
10/01/2020;A;15:00:00;37494
10/01/2020;B;15:00:00;5110
11/01/2020;A;15:00:00;34514
11/01/2020;B;15:00:00;5042
12/01/2020;A;15:00:00;18862
12/01/2020;B;15:00:00;3282
13/01/2020;A;15:00:00;36404
13/01/2020;B;15:00:00;4978
14/01/2020;A;15:00:00;35869
14/01/2020;B;15:00:00;5024
15/01/2020;A;15:00:00;37144
15/01/2020;B;15:00:00;5119
16/01/2020;A;15:00:00;37137
16/01/2020;B;15:00:00;5244
17/01/2020;A;15:00:00;40668
17/01/2020;B;15:00:00;5335
18/01/2020;A;15:00:00;38502
18/01/2020;B;15:00:00;5503
19/01/2020;A;15:00:00;20824
19/01/2020;B;15:00:00;3174
20/01/2020;A;15:00:00;37983
20/01/2020;B;15:00:00;5283
21/01/2020;A;15:00:00;29464
21/01/2020;B;15:00:00;3642
22/01/2020;A;15:00:00;37478
22/01/2020;B;15:00:00;5209
23/01/2020;A;15:00:00;36829
23/01/2020;B;15:00:00;5176
24/01/2020;A;15:00:00;42204
24/01/2020;B;15:00:00;5782
25/01/2020;A;15:00:00;38429
25/01/2020;B;15:00:00;5398
26/01/2020;A;15:00:00;22564
26/01/2020;B;15:00:00;3479
27/01/2020;A;15:00:00;39270
27/01/2020;B;15:00:00;5777
28/01/2020;A;15:00:00;38297
28/01/2020;B;15:00:00;5332
29/01/2020;A;15:00:00;37689
29/01/2020;B;15:00:00;5641
30/01/2020;A;15:00:00;37543
30/01/2020;B;15:00:00;5394
31/01/2020;A;15:00:00;41360
31/01/2020;B;15:00:00;5804
1/02/2020;A;15:00:00;40210
1/02/2020;B;15:00:00;5611
2/02/2020;A;15:00:00;21563
2/02/2020;B;15:00:00;3456
3/02/2020;A;15:00:00;38942
3/02/2020;B;15:00:00;5313
4/02/2020;A;15:00:00;39037
4/02/2020;B;15:00:00;5479
5/02/2020;A;15:00:00;38907
5/02/2020;B;15:00:00;5402
6/02/2020;A;15:00:00;39656
6/02/2020;B;15:00:00;5927
7/02/2020;A;15:00:00;44496
7/02/2020;B;15:00:00;6193
8/02/2020;A;15:00:00;39401
8/02/2020;B;15:00:00;5674
9/02/2020;A;15:00:00;19852
9/02/2020;B;15:00:00;3267
10/02/2020;A;15:00:00;38955
10/02/2020;B;15:00:00;5309
11/02/2020;A;15:00:00;38486
11/02/2020;B;15:00:00;5392
12/02/2020;A;15:00:00;41876
12/02/2020;B;15:00:00;5406
13/02/2020;A;15:00:00;38124
13/02/2020;B;15:00:00;5423
14/02/2020;A;15:00:00;41103
14/02/2020;B;15:00:00;5707
15/02/2020;A;15:00:00;40257
15/02/2020;B;15:00:00;5806
16/02/2020;A;15:00:00;20031
16/02/2020;B;15:00:00;3377
17/02/2020;A;15:00:00;77680
17/02/2020;B;15:00:00;10794
18/02/2020;A;15:00:00;76252
18/02/2020;B;15:00:00;10576
19/02/2020;A;15:00:00;38198
19/02/2020;B;15:00:00;5311
20/02/2020;A;15:00:00;41598
20/02/2020;B;15:00:00;6192
21/02/2020;A;15:00:00;36258
21/02/2020;B;15:00:00;4616
22/02/2020;A;15:00:00;41135
22/02/2020;B;15:00:00;5691
23/02/2020;A;15:00:00;20430
23/02/2020;B;15:00:00;3108
24/02/2020;A;15:00:00;37829
24/02/2020;B;15:00:00;5266
25/02/2020;A;15:00:00;37807
25/02/2020;B;15:00:00;5821
26/02/2020;A;15:00:00;37803
26/02/2020;B;15:00:00;5384
27/02/2020;A;15:00:00;38028
27/02/2020;B;15:00:00;5210
28/02/2020;A;15:00:00;45215
28/02/2020;B;15:00:00;6235
29/02/2020;A;15:00:00;45908
29/02/2020;B;15:00:00;6494
1/03/2020;A;15:00:00;22428
1/03/2020;B;15:00:00;3234
2/03/2020;A;15:00:00;40821
2/03/2020;B;15:00:00;5713
3/03/2020;A;15:00:00;41550
3/03/2020;B;15:00:00;5993
4/03/2020;A;15:00:00;40521
4/03/2020;B;15:00:00;5701
5/03/2020;A;15:00:00;40582
5/03/2020;B;15:00:00;6138
6/03/2020;A;15:00:00;45374
6/03/2020;B;15:00:00;6061
7/03/2020;A;15:00:00;43358
7/03/2020;B;15:00:00;6154
8/03/2020;A;15:00:00;20901
8/03/2020;B;15:00:00;3304
9/03/2020;A;15:00:00;39498
9/03/2020;B;15:00:00;5381
10/03/2020;A;15:00:00;38698
10/03/2020;B;15:00:00;5462
11/03/2020;A;15:00:00;39989
11/03/2020;B;15:00:00;5522
12/03/2020;A;15:00:00;40506
12/03/2020;B;15:00:00;5416
13/03/2020;A;15:00:00;41948
13/03/2020;B;15:00:00;5598
14/03/2020;A;15:00:00;35773
14/03/2020;B;15:00:00;5077
15/03/2020;A;15:00:00;17043
15/03/2020;B;15:00:00;2511
16/03/2020;A;15:00:00;29736
16/03/2020;B;15:00:00;3843
17/03/2020;A;15:00:00;26174
17/03/2020;B;15:00:00;3342
18/03/2020;A;15:00:00;23699
18/03/2020;B;15:00:00;3076
19/03/2020;A;15:00:00;22532
19/03/2020;B;15:00:00;2821
20/03/2020;A;15:00:00;35219
20/03/2020;B;15:00:00;3930
21/03/2020;A;15:00:00;4979
21/03/2020;B;15:00:00;608
22/03/2020;A;15:00:00;2798
22/03/2020;B;15:00:00;374
23/03/2020;A;15:00:00;3599
23/03/2020;B;15:00:00;485
24/03/2020;A;15:00:00;10130
24/03/2020;B;15:00:00;1321
25/03/2020;A;15:00:00;6318
25/03/2020;B;15:00:00;627
26/03/2020;A;15:00:00;6480
26/03/2020;B;15:00:00;758
27/03/2020;A;15:00:00;6553
27/03/2020;B;15:00:00;636
28/03/2020;A;15:00:00;4622
28/03/2020;B;15:00:00;497
29/03/2020;A;15:00:00;1885
29/03/2020;B;15:00:00;276
30/03/2020;A;15:00:00;6587
30/03/2020;B;15:00:00;725
31/03/2020;A;15:00:00;6330
31/03/2020;B;15:00:00;708
1/04/2020;A;15:00:00;6443
1/04/2020;B;15:00:00;709
2/04/2020;A;15:00:00;6094
2/04/2020;B;15:00:00;668
3/04/2020;A;15:00:00;6305
3/04/2020;B;15:00:00;720
4/04/2020;A;15:00:00;4734
4/04/2020;B;15:00:00;537
5/04/2020;A;15:00:00;2034
5/04/2020;B;15:00:00;242
6/04/2020;A;15:00:00;6061
6/04/2020;B;15:00:00;738
7/04/2020;A;15:00:00;6048
7/04/2020;B;15:00:00;730
8/04/2020;A;15:00:00;6192
8/04/2020;B;15:00:00;782
9/04/2020;A;15:00:00;2775
9/04/2020;B;15:00:00;375
10/04/2020;A;15:00:00;2132
10/04/2020;B;15:00:00;322
11/04/2020;A;15:00:00;4268
11/04/2020;B;15:00:00;507
12/04/2020;A;15:00:00;2012
12/04/2020;B;15:00:00;253
13/04/2020;A;15:00:00;6809
13/04/2020;B;15:00:00;781
14/04/2020;A;15:00:00;6808
14/04/2020;B;15:00:00;745
15/04/2020;A;15:00:00;7160
15/04/2020;B;15:00:00;829
16/04/2020;A;15:00:00;7286
16/04/2020;B;15:00:00;847
17/04/2020;A;15:00:00;7577
17/04/2020;B;15:00:00;800
18/04/2020;A;15:00:00;5360
18/04/2020;B;15:00:00;685
19/04/2020;A;15:00:00;2227
19/04/2020;B;15:00:00;350
20/04/2020;A;15:00:00;7919
20/04/2020;B;15:00:00;877
21/04/2020;A;15:00:00;7631
21/04/2020;B;15:00:00;889
22/04/2020;A;15:00:00;7618
22/04/2020;B;15:00:00;851
23/04/2020;A;15:00:00;7730
23/04/2020;B;15:00:00;918
24/04/2020;A;15:00:00;8199
24/04/2020;B;15:00:00;880
25/04/2020;A;15:00:00;5886
25/04/2020;B;15:00:00;715
26/04/2020;A;15:00:00;2457
26/04/2020;B;15:00:00;380
27/04/2020;A;15:00:00;8381
27/04/2020;B;15:00:00;938
28/04/2020;A;15:00:00;8491
28/04/2020;B;15:00:00;954
29/04/2020;A;15:00:00;8778
29/04/2020;B;15:00:00;959
30/04/2020;A;15:00:00;9547
30/04/2020;B;15:00:00;1099
1/05/2020;A;15:00:00;4190
1/05/2020;B;15:00:00;568
2/05/2020;A;15:00:00;6852
2/05/2020;B;15:00:00;758
3/05/2020;A;15:00:00;2799
3/05/2020;B;15:00:00;412
4/05/2020;A;15:00:00;9543
4/05/2020;B;15:00:00;1070
5/05/2020;A;15:00:00;9872
5/05/2020;B;15:00:00;1061
6/05/2020;A;15:00:00;9824
6/05/2020;B;15:00:00;1116
7/05/2020;A;15:00:00;10231
7/05/2020;B;15:00:00;1118
8/05/2020;A;15:00:00;10913
8/05/2020;B;15:00:00;1159
9/05/2020;A;15:00:00;8538
9/05/2020;B;15:00:00;1023
10/05/2020;A;15:00:00;2399
10/05/2020;B;15:00:00;363
11/05/2020;A;15:00:00;10866
11/05/2020;B;15:00:00;1193
12/05/2020;A;15:00:00;11026
12/05/2020;B;15:00:00;1160
13/05/2020;A;15:00:00;10990
13/05/2020;B;15:00:00;1129
14/05/2020;A;15:00:00;11473
14/05/2020;B;15:00:00;1210
15/05/2020;A;15:00:00;11990
15/05/2020;B;15:00:00;1342
16/05/2020;A;15:00:00;9817
16/05/2020;B;15:00:00;1150
17/05/2020;A;15:00:00;3051
17/05/2020;B;15:00:00;471
18/05/2020;A;15:00:00;11816
18/05/2020;B;15:00:00;1344
19/05/2020;A;15:00:00;11684
19/05/2020;B;15:00:00;1233
20/05/2020;A;15:00:00;11961
20/05/2020;B;15:00:00;1298
21/05/2020;A;15:00:00;11996
21/05/2020;B;15:00:00;1384
22/05/2020;A;15:00:00;13088
22/05/2020;B;15:00:00;1442
23/05/2020;A;15:00:00;10695
23/05/2020;B;15:00:00;1263
24/05/2020;A;15:00:00;3414
24/05/2020;B;15:00:00;479
25/05/2020;A;15:00:00;3799
25/05/2020;B;15:00:00;545
26/05/2020;A;15:00:00;11844
26/05/2020;B;15:00:00;1326
27/05/2020;A;15:00:00;11859
27/05/2020;B;15:00:00;1288
28/05/2020;A;15:00:00;12023
28/05/2020;B;15:00:00;1365
29/05/2020;A;15:00:00;13317
29/05/2020;B;15:00:00;1474
30/05/2020;A;15:00:00;11237
30/05/2020;B;15:00:00;1345
31/05/2020;A;15:00:00;3551
31/05/2020;B;15:00:00;464
1/06/2020;A;15:00:00;13378
1/06/2020;B;15:00:00;1532
2/06/2020;A;15:00:00;13701
2/06/2020;B;15:00:00;1565
3/06/2020;A;15:00:00;13763
3/06/2020;B;15:00:00;1502
4/06/2020;A;15:00:00;13763
4/06/2020;B;15:00:00;1563
5/06/2020;A;15:00:00;14486
5/06/2020;B;15:00:00;1648
6/06/2020;A;15:00:00;12651
6/06/2020;B;15:00:00;1571
7/06/2020;A;15:00:00;4008
7/06/2020;B;15:00:00;603
8/06/2020;A;15:00:00;13857
8/06/2020;B;15:00:00;1468
9/06/2020;A;15:00:00;13937
9/06/2020;B;15:00:00;1637
10/06/2020;A;15:00:00;13967
10/06/2020;B;15:00:00;1551
11/06/2020;A;15:00:00;14250
11/06/2020;B;15:00:00;1724
12/06/2020;A;15:00:00;15827
12/06/2020;B;15:00:00;1905
14/06/2020;A;15:00:00;4736
14/06/2020;B;15:00:00;706
15/06/2020;A;15:00:00;5780
15/06/2020;B;15:00:00;848
16/06/2020;A;15:00:00;15161
16/06/2020;B;15:00:00;1829
17/06/2020;A;15:00:00;15008
17/06/2020;B;15:00:00;1832
18/06/2020;A;15:00:00;15125
18/06/2020;B;15:00:00;1866
19/06/2020;A;15:00:00;16853
19/06/2020;B;15:00:00;2150
20/06/2020;A;15:00:00;14289
20/06/2020;B;15:00:00;1790
21/06/2020;A;15:00:00;4680
21/06/2020;B;15:00:00;712
22/06/2020;A;15:00:00;5532
22/06/2020;B;15:00:00;760
23/06/2020;A;15:00:00;14972
23/06/2020;B;15:00:00;1782
24/06/2020;A;15:00:00;15310
24/06/2020;B;15:00:00;1809
25/06/2020;A;15:00:00;14826
25/06/2020;B;15:00:00;1800
26/06/2020;A;15:00:00;15737
26/06/2020;B;15:00:00;1965
27/06/2020;A;15:00:00;15085
27/06/2020;B;15:00:00;1813
28/06/2020;A;15:00:00;5374
28/06/2020;B;15:00:00;788
29/06/2020;A;15:00:00;5819
29/06/2020;B;15:00:00;908
30/06/2020;A;15:00:00;15355
30/06/2020;B;15:00:00;1757
1/07/2020;A;15:00:00;15780
1/07/2020;B;15:00:00;1818
2/07/2020;A;15:00:00;15439
2/07/2020;B;15:00:00;1845
3/07/2020;A;15:00:00;15929
3/07/2020;B;15:00:00;1949
4/07/2020;A;15:00:00;15616
4/07/2020;B;15:00:00;1883
5/07/2020;A;15:00:00;5359
5/07/2020;B;15:00:00;826
6/07/2020;A;15:00:00;14924
6/07/2020;B;15:00:00;1760
7/07/2020;A;15:00:00;15441
7/07/2020;B;15:00:00;1840
8/07/2020;A;15:00:00;15310
8/07/2020;B;15:00:00;1806
9/07/2020;A;15:00:00;14984
9/07/2020;B;15:00:00;1781
10/07/2020;A;15:00:00;15557
10/07/2020;B;15:00:00;1896
11/07/2020;A;15:00:00;14030
11/07/2020;B;15:00:00;1765
12/07/2020;A;15:00:00;5216
12/07/2020;B;15:00:00;713
13/07/2020;A;15:00:00;12555
13/07/2020;B;15:00:00;1486
14/07/2020;A;15:00:00;12087
14/07/2020;B;15:00:00;1451
15/07/2020;A;15:00:00;12333
15/07/2020;B;15:00:00;1455
16/07/2020;A;15:00:00;12906
16/07/2020;B;15:00:00;1663
17/07/2020;A;15:00:00;7242
17/07/2020;B;15:00:00;764
18/07/2020;A;15:00:00;5101
18/07/2020;B;15:00:00;597
19/07/2020;A;15:00:00;1953
19/07/2020;B;15:00:00;254
20/07/2020;A;15:00:00;2321
20/07/2020;B;15:00:00;287
21/07/2020;A;15:00:00;12361
21/07/2020;B;15:00:00;1547
22/07/2020;A;15:00:00;11829
22/07/2020;B;15:00:00;1494
23/07/2020;A;15:00:00;12090
23/07/2020;B;15:00:00;1642
24/07/2020;A;15:00:00;7943
24/07/2020;B;15:00:00;896
25/07/2020;A;15:00:00;6292
25/07/2020;B;15:00:00;726
26/07/2020;A;15:00:00;2286
26/07/2020;B;15:00:00;285
27/07/2020;A;15:00:00;12472
27/07/2020;B;15:00:00;1669
28/07/2020;A;15:00:00;12052
28/07/2020;B;15:00:00;1595
29/07/2020;A;15:00:00;12218
29/07/2020;B;15:00:00;1613
30/07/2020;A;15:00:00;12302
30/07/2020;B;15:00:00;1710
31/07/2020;A;15:00:00;7979
31/07/2020;B;15:00:00;940
1/08/2020;A;15:00:00;6340
1/08/2020;B;15:00:00;760
2/08/2020;A;15:00:00;2151
2/08/2020;B;15:00:00;293
3/08/2020;A;15:00:00;12507
3/08/2020;B;15:00:00;1525
4/08/2020;A;15:00:00;12285
4/08/2020;B;15:00:00;1490
5/08/2020;A;15:00:00;12777
5/08/2020;B;15:00:00;1599
6/08/2020;A;15:00:00;13322
6/08/2020;B;15:00:00;1767
7/08/2020;A;15:00:00;4309
7/08/2020;B;15:00:00;597
9/08/2020;A;15:00:00;2351
9/08/2020;B;15:00:00;338
10/08/2020;A;15:00:00;12840
10/08/2020;B;15:00:00;1678
11/08/2020;A;15:00:00;12712
11/08/2020;B;15:00:00;1678
12/08/2020;A;15:00:00;12533
12/08/2020;B;15:00:00;1562
13/08/2020;A;15:00:00;12815
13/08/2020;B;15:00:00;1597
14/08/2020;A;15:00:00;13908
14/08/2020;B;15:00:00;1645
15/08/2020;A;15:00:00;8473
15/08/2020;B;15:00:00;976
16/08/2020;A;15:00:00;2703
16/08/2020;B;15:00:00;379
17/08/2020;A;15:00:00;3539
17/08/2020;B;15:00:00;496
18/08/2020;A;15:00:00;13679
18/08/2020;B;15:00:00;1707
19/08/2020;A;15:00:00;13379
19/08/2020;B;15:00:00;1661
20/08/2020;A;15:00:00;26608
20/08/2020;B;15:00:00;3398
21/08/2020;A;15:00:00;14411
21/08/2020;B;15:00:00;1715
22/08/2020;A;15:00:00;13636
22/08/2020;B;15:00:00;1677
23/08/2020;A;15:00:00;4340
23/08/2020;B;15:00:00;544
24/08/2020;A;15:00:00;14130
24/08/2020;B;15:00:00;1724
25/08/2020;A;15:00:00;13208
25/08/2020;B;15:00:00;1658
26/08/2020;A;15:00:00;13588
26/08/2020;B;15:00:00;1601
27/08/2020;A;15:00:00;13696
27/08/2020;B;15:00:00;1624
28/08/2020;A;15:00:00;15164
28/08/2020;B;15:00:00;1717
29/08/2020;A;15:00:00;14035
29/08/2020;B;15:00:00;1769
30/08/2020;A;15:00:00;5432
30/08/2020;B;15:00:00;722
31/08/2020;A;15:00:00;16250
31/08/2020;B;15:00:00;1998
1/09/2020;A;15:00:00;16788
1/09/2020;B;15:00:00;2063
2/09/2020;A;15:00:00;17162
2/09/2020;B;15:00:00;2128
3/09/2020;A;15:00:00;17668
3/09/2020;B;15:00:00;2278
4/09/2020;A;15:00:00;18983
4/09/2020;B;15:00:00;2278
5/09/2020;A;15:00:00;18869
5/09/2020;B;15:00:00;2489
6/09/2020;A;15:00:00;8318
6/09/2020;B;15:00:00;1272
7/09/2020;A;15:00:00;18159
7/09/2020;B;15:00:00;2362
8/09/2020;A;15:00:00;17810
8/09/2020;B;15:00:00;2276
9/09/2020;A;15:00:00;18555
9/09/2020;B;15:00:00;2457
10/09/2020;A;15:00:00;18343
10/09/2020;B;15:00:00;2400
11/09/2020;A;15:00:00;21436
11/09/2020;B;15:00:00;2648
12/09/2020;A;15:00:00;19583
12/09/2020;B;15:00:00;2686
13/09/2020;A;15:00:00;9386
13/09/2020;B;15:00:00;1268
14/09/2020;A;15:00:00;18555
14/09/2020;B;15:00:00;2385
15/09/2020;A;15:00:00;18717
15/09/2020;B;15:00:00;2347
16/09/2020;A;15:00:00;19168
16/09/2020;B;15:00:00;2419
17/09/2020;A;15:00:00;19616
17/09/2020;B;15:00:00;2440
18/09/2020;A;15:00:00;21257
18/09/2020;B;15:00:00;2692
19/09/2020;A;15:00:00;22498
19/09/2020;B;15:00:00;2933
20/09/2020;A;15:00:00;9137
20/09/2020;B;15:00:00;1268
21/09/2020;A;15:00:00;20905
21/09/2020;B;15:00:00;2648
22/09/2020;A;15:00:00;19418
22/09/2020;B;15:00:00;2562
23/09/2020;A;15:00:00;19747
23/09/2020;B;15:00:00;2581
24/09/2020;A;15:00:00;19764
24/09/2020;B;15:00:00;2541
25/09/2020;A;15:00:00;21626
25/09/2020;B;15:00:00;2783
26/09/2020;A;15:00:00;22244
26/09/2020;B;15:00:00;3005
27/09/2020;A;15:00:00;10544
27/09/2020;B;15:00:00;1468
28/09/2020;A;15:00:00;19710
28/09/2020;B;15:00:00;2562
29/09/2020;A;15:00:00;19516
29/09/2020;B;15:00:00;2464
30/09/2020;A;15:00:00;20099
30/09/2020;B;15:00:00;2521
1/10/2020;A;15:00:00;20734
1/10/2020;B;15:00:00;2717
2/10/2020;A;15:00:00;21503
2/10/2020;B;15:00:00;2112
3/10/2020;A;15:00:00;23893
3/10/2020;B;15:00:00;3141
4/10/2020;A;15:00:00;11728
4/10/2020;B;15:00:00;1762
5/10/2020;A;15:00:00;21171
5/10/2020;B;15:00:00;2708
6/10/2020;A;15:00:00;20921
6/10/2020;B;15:00:00;2696
7/10/2020;A;15:00:00;20761
7/10/2020;B;15:00:00;2768
8/10/2020;A;15:00:00;21063
8/10/2020;B;15:00:00;2700
9/10/2020;A;15:00:00;23279
9/10/2020;B;15:00:00;2914
10/10/2020;A;15:00:00;23126
10/10/2020;B;15:00:00;3172
11/10/2020;A;15:00:00;11569
11/10/2020;B;15:00:00;1867
12/10/2020;A;15:00:00;11126
12/10/2020;B;15:00:00;1699
13/10/2020;A;15:00:00;21321
13/10/2020;B;15:00:00;2630
14/10/2020;A;15:00:00;20667
14/10/2020;B;15:00:00;2850
15/10/2020;A;15:00:00;20914
15/10/2020;B;15:00:00;2709
16/10/2020;A;15:00:00;23663
16/10/2020;B;15:00:00;2985
17/10/2020;A;15:00:00;24623
17/10/2020;B;15:00:00;3289
18/10/2020;A;15:00:00;10891
18/10/2020;B;15:00:00;988
19/10/2020;A;15:00:00;21499
19/10/2020;B;15:00:00;2826
20/10/2020;A;15:00:00;21208
20/10/2020;B;15:00:00;2710
21/10/2020;A;15:00:00;22736
21/10/2020;B;15:00:00;2874
22/10/2020;A;15:00:00;21176
22/10/2020;B;15:00:00;2878
23/10/2020;A;15:00:00;23166
23/10/2020;B;15:00:00;2824
24/10/2020;A;15:00:00;24954
24/10/2020;B;15:00:00;3084
25/10/2020;A;15:00:00;11055
25/10/2020;B;15:00:00;1458
26/10/2020;A;15:00:00;21098
26/10/2020;B;15:00:00;2813
27/10/2020;A;15:00:00;21524
27/10/2020;B;15:00:00;2831
28/10/2020;A;15:00:00;21219
28/10/2020;B;15:00:00;2616
29/10/2020;A;15:00:00;21305
29/10/2020;B;15:00:00;2955
30/10/2020;A;15:00:00;23835
30/10/2020;B;15:00:00;2998
31/10/2020;A;15:00:00;23280
31/10/2020;B;15:00:00;3131
1/11/2020;A;15:00:00;10386
1/11/2020;B;15:00:00;1477
2/11/2020;A;15:00:00;10191
2/11/2020;B;15:00:00;1469
3/11/2020;A;15:00:00;22757
3/11/2020;B;15:00:00;2945
4/11/2020;A;15:00:00;21433
4/11/2020;B;15:00:00;2927
5/11/2020;A;15:00:00;21324
5/11/2020;B;15:00:00;3041
6/11/2020;A;15:00:00;23660
6/11/2020;B;15:00:00;3215
7/11/2020;A;15:00:00;25388
7/11/2020;B;15:00:00;3512
8/11/2020;A;15:00:00;12493
8/11/2020;B;15:00:00;1847
9/11/2020;A;15:00:00;22163
9/11/2020;B;15:00:00;2950
10/11/2020;A;15:00:00;21847
10/11/2020;B;15:00:00;2853
11/11/2020;A;15:00:00;21926
11/11/2020;B;15:00:00;2701
13/11/2020;A;15:00:00;27622
13/11/2020;B;15:00:00;3322
14/11/2020;A;15:00:00;27392
14/11/2020;B;15:00:00;3682
15/11/2020;A;15:00:00;14516
15/11/2020;B;15:00:00;1910
16/11/2020;A;15:00:00;13529
16/11/2020;B;15:00:00;1961
17/11/2020;A;15:00:00;22658
17/11/2020;B;15:00:00;2257
18/11/2020;A;15:00:00;22472
18/11/2020;B;15:00:00;2974
19/11/2020;A;15:00:00;23282
19/11/2020;B;15:00:00;2986
20/11/2020;A;15:00:00;26047
20/11/2020;B;15:00:00;3176
21/11/2020;A;15:00:00;30486
21/11/2020;B;15:00:00;4033
22/11/2020;A;15:00:00;14069
22/11/2020;B;15:00:00;2060
23/11/2020;A;15:00:00;23265
23/11/2020;B;15:00:00;3016
24/11/2020;A;15:00:00;22547
24/11/2020;B;15:00:00;3105
25/11/2020;A;15:00:00;24240
25/11/2020;B;15:00:00;3058
26/11/2020;A;15:00:00;23314
26/11/2020;B;15:00:00;2993
27/11/2020;A;15:00:00;26203
27/11/2020;B;15:00:00;3546
28/11/2020;A;15:00:00;26780
28/11/2020;B;15:00:00;3386
29/11/2020;A;15:00:00;16178
29/11/2020;B;15:00:00;2189
30/11/2020;A;15:00:00;25198
30/11/2020;B;15:00:00;3207
1/12/2020;A;15:00:00;24825
1/12/2020;B;15:00:00;3298
2/12/2020;A;15:00:00;25026
2/12/2020;B;15:00:00;3141
3/12/2020;A;15:00:00;25706
3/12/2020;B;15:00:00;3258
4/12/2020;A;15:00:00;28099
4/12/2020;B;15:00:00;3670
5/12/2020;A;15:00:00;31952
5/12/2020;B;15:00:00;4249
6/12/2020;A;15:00:00;16634
6/12/2020;B;15:00:00;2298
7/12/2020;A;15:00:00;27525
7/12/2020;B;15:00:00;3544
8/12/2020;A;15:00:00;15219
8/12/2020;B;15:00:00;2194
9/12/2020;A;15:00:00;26043
9/12/2020;B;15:00:00;3338
10/12/2020;A;15:00:00;25603
10/12/2020;B;15:00:00;3345
11/12/2020;A;15:00:00;27821
11/12/2020;B;15:00:00;3557
12/12/2020;A;15:00:00;32086
12/12/2020;B;15:00:00;4034
13/12/2020;A;15:00:00;16078
13/12/2020;B;15:00:00;2243
14/12/2020;A;15:00:00;25601
14/12/2020;B;15:00:00;3331
15/12/2020;A;15:00:00;26415
15/12/2020;B;15:00:00;3490
16/12/2020;A;15:00:00;26963
16/12/2020;B;15:00:00;3534
17/12/2020;A;15:00:00;27348
17/12/2020;B;15:00:00;3390
18/12/2020;A;15:00:00;30005
18/12/2020;B;15:00:00;3839
19/12/2020;A;15:00:00;34248
19/12/2020;B;15:00:00;4457
20/12/2020;A;15:00:00;18696
20/12/2020;B;15:00:00;2586
21/12/2020;A;15:00:00;31099
21/12/2020;B;15:00:00;3999
22/12/2020;A;15:00:00;25608
22/12/2020;B;15:00:00;3040
23/12/2020;A;15:00:00;29286
23/12/2020;B;15:00:00;3593
24/12/2020;A;15:00:00;25371
24/12/2020;B;15:00:00;3431
25/12/2020;A;15:00:00;4834
25/12/2020;B;15:00:00;522
26/12/2020;A;15:00:00;17089
26/12/2020;B;15:00:00;2542
27/12/2020;A;15:00:00;27092
27/12/2020;B;15:00:00;3972
28/12/2020;A;15:00:00;24050
28/12/2020;B;15:00:00;2963
29/12/2020;A;15:00:00;24164
29/12/2020;B;15:00:00;3128
30/12/2020;A;15:00:00;27088
30/12/2020;B;15:00:00;3549
31/12/2020;A;15:00:00;22711
31/12/2020;B;15:00:00;2834
1/01/2021;A;15:00:00;1833
1/01/2021;B;15:00:00;212
2/01/2021;A;15:00:00;4968
2/01/2021;B;15:00:00;613
3/01/2021;A;15:00:00;11259
3/01/2021;B;15:00:00;1646
4/01/2021;A;15:00:00;21654
4/01/2021;B;15:00:00;2815
5/01/2021;A;15:00:00;21588
5/01/2021;B;15:00:00;2787
6/01/2021;A;15:00:00;20696
6/01/2021;B;15:00:00;2859
7/01/2021;A;15:00:00;21454
7/01/2021;B;15:00:00;2777
8/01/2021;A;15:00:00;24529
8/01/2021;B;15:00:00;3040
9/01/2021;A;15:00:00;8291
9/01/2021;B;15:00:00;959
10/01/2021;A;15:00:00;3299
10/01/2021;B;15:00:00;421
11/01/2021;A;15:00:00;4019
11/01/2021;B;15:00:00;548
12/01/2021;A;15:00:00;23026
12/01/2021;B;15:00:00;3166
13/01/2021;A;15:00:00;22536
13/01/2021;B;15:00:00;2962
14/01/2021;A;15:00:00;22147
14/01/2021;B;15:00:00;2887
15/01/2021;A;15:00:00;25343
15/01/2021;B;15:00:00;3309
16/01/2021;A;15:00:00;13251
16/01/2021;B;15:00:00;1346
17/01/2021;A;15:00:00;4185
17/01/2021;B;15:00:00;502
18/01/2021;A;15:00:00;24573
18/01/2021;B;15:00:00;3170
19/01/2021;A;15:00:00;23458
19/01/2021;B;15:00:00;3072
20/01/2021;A;15:00:00;23256
20/01/2021;B;15:00:00;3032
21/01/2021;A;15:00:00;23005
21/01/2021;B;15:00:00;3028
22/01/2021;A;15:00:00;25014
22/01/2021;B;15:00:00;3235
23/01/2021;A;15:00:00;24382
23/01/2021;B;15:00:00;3398
24/01/2021;A;15:00:00;11051
24/01/2021;B;15:00:00;1604
25/01/2021;A;15:00:00;22819
25/01/2021;B;15:00:00;3012
26/01/2021;A;15:00:00;22922
26/01/2021;B;15:00:00;3007
27/01/2021;A;15:00:00;22803
27/01/2021;B;15:00:00;2926
28/01/2021;A;15:00:00;22998
28/01/2021;B;15:00:00;3007
29/01/2021;A;15:00:00;25754
29/01/2021;B;15:00:00;3288
30/01/2021;A;15:00:00;26688
30/01/2021;B;15:00:00;3641
31/01/2021;A;15:00:00;12754
31/01/2021;B;15:00:00;1948
1/02/2021;A;15:00:00;24207
1/02/2021;B;15:00:00;3101
2/02/2021;A;15:00:00;24176
2/02/2021;B;15:00:00;3082
3/02/2021;A;15:00:00;23761
3/02/2021;B;15:00:00;3072
4/02/2021;A;15:00:00;23646
4/02/2021;B;15:00:00;3192
5/02/2021;A;15:00:00;26634
5/02/2021;B;15:00:00;3258
6/02/2021;A;15:00:00;26473
6/02/2021;B;15:00:00;3583
7/02/2021;A;15:00:00;12160
7/02/2021;B;15:00:00;1906
8/02/2021;A;15:00:00;23788
8/02/2021;B;15:00:00;3075
9/02/2021;A;15:00:00;23950
9/02/2021;B;15:00:00;3096
10/02/2021;A;15:00:00;24149
10/02/2021;B;15:00:00;3162
11/02/2021;A;15:00:00;23657
11/02/2021;B;15:00:00;3227
12/02/2021;A;15:00:00;26418
12/02/2021;B;15:00:00;3264
13/02/2021;A;15:00:00;28256
13/02/2021;B;15:00:00;3774
14/02/2021;A;15:00:00;13144
14/02/2021;B;15:00:00;2103
15/02/2021;A;15:00:00;24662
15/02/2021;B;15:00:00;3222
16/02/2021;A;15:00:00;25519
16/02/2021;B;15:00:00;3378
17/02/2021;A;15:00:00;24573
17/02/2021;B;15:00:00;3247
18/02/2021;A;15:00:00;24805
18/02/2021;B;15:00:00;3307
19/02/2021;A;15:00:00;27354
19/02/2021;B;15:00:00;3628
20/02/2021;A;15:00:00;27962
20/02/2021;B;15:00:00;3851
21/02/2021;A;15:00:00;14308
21/02/2021;B;15:00:00;2316
22/02/2021;A;15:00:00;25286
22/02/2021;B;15:00:00;3465
23/02/2021;A;15:00:00;24658
23/02/2021;B;15:00:00;3261
24/02/2021;A;15:00:00;24019
24/02/2021;B;15:00:00;3180
25/02/2021;A;15:00:00;24833
25/02/2021;B;15:00:00;3322
26/02/2021;A;15:00:00;27755
26/02/2021;B;15:00:00;3777
27/02/2021;A;15:00:00;29946
27/02/2021;B;15:00:00;4040
28/02/2021;A;15:00:00;14653
28/02/2021;B;15:00:00;2434
1/03/2021;A;15:00:00;25169
1/03/2021;B;15:00:00;3555
2/03/2021;A;15:00:00;25292
2/03/2021;B;15:00:00;3452
3/03/2021;A;15:00:00;25654
3/03/2021;B;15:00:00;3464
4/03/2021;A;15:00:00;25548
4/03/2021;B;15:00:00;3314
5/03/2021;A;15:00:00;28147
5/03/2021;B;15:00:00;3649
6/03/2021;A;15:00:00;29603
6/03/2021;B;15:00:00;3986
7/03/2021;A;15:00:00;13796
7/03/2021;B;15:00:00;2063
8/03/2021;A;15:00:00;26542
8/03/2021;B;15:00:00;3440
9/03/2021;A;15:00:00;24899
9/03/2021;B;15:00:00;3144
10/03/2021;A;15:00:00;24502
10/03/2021;B;15:00:00;3453
11/03/2021;A;15:00:00;25672
11/03/2021;B;15:00:00;3322
12/03/2021;A;15:00:00;24243
12/03/2021;B;15:00:00;3546
13/03/2021;A;15:00:00;29259
13/03/2021;B;15:00:00;4015
14/03/2021;A;15:00:00;14683
14/03/2021;B;15:00:00;1982
15/03/2021;A;15:00:00;24738
15/03/2021;B;15:00:00;3895
16/03/2021;A;15:00:00;26356
16/03/2021;B;15:00:00;3549
17/03/2021;A;15:00:00;26309
17/03/2021;B;15:00:00;3507
18/03/2021;A;15:00:00;26280
18/03/2021;B;15:00:00;3471
19/03/2021;A;15:00:00;30079
19/03/2021;B;15:00:00;3958
20/03/2021;A;15:00:00;27594
20/03/2021;B;15:00:00;3842
21/03/2021;A;15:00:00;14745
21/03/2021;B;15:00:00;2481
22/03/2021;A;15:00:00;10770
22/03/2021;B;15:00:00;1847
23/03/2021;A;15:00:00;21853
23/03/2021;B;15:00:00;3507
24/03/2021;A;15:00:00;22187
24/03/2021;B;15:00:00;3275
25/03/2021;A;15:00:00;21979
25/03/2021;B;15:00:00;3140
26/03/2021;A;15:00:00;24366
26/03/2021;B;15:00:00;3396
27/03/2021;A;15:00:00;24469
27/03/2021;B;15:00:00;3705
28/03/2021;A;15:00:00;11221
28/03/2021;B;15:00:00;1948
29/03/2021;A;15:00:00;20867
29/03/2021;B;15:00:00;2981
30/03/2021;A;15:00:00;21296
30/03/2021;B;15:00:00;3117
31/03/2021;A;15:00:00;38585
31/03/2021;B;15:00:00;5456
1/04/2021;A;15:00:00;11049
1/04/2021;B;15:00:00;1768
2/04/2021;A;15:00:00;8325
2/04/2021;B;15:00:00;1509
3/04/2021;A;15:00:00;20449
3/04/2021;B;15:00:00;2935
4/04/2021;A;15:00:00;12599
4/04/2021;B;15:00:00;1769
5/04/2021;A;15:00:00;24035
5/04/2021;B;15:00:00;3163
6/04/2021;A;15:00:00;25568
6/04/2021;B;15:00:00;3189
7/04/2021;A;15:00:00;25434
7/04/2021;B;15:00:00;3104
8/04/2021;A;15:00:00;23932
8/04/2021;B;15:00:00;3009
9/04/2021;A;15:00:00;13310
9/04/2021;B;15:00:00;1356
10/04/2021;A;15:00:00;9122
10/04/2021;B;15:00:00;1020
11/04/2021;A;15:00:00;3605
11/04/2021;B;15:00:00;533
12/04/2021;A;15:00:00;22418
12/04/2021;B;15:00:00;2879
13/04/2021;A;15:00:00;21140
13/04/2021;B;15:00:00;2803
14/04/2021;A;15:00:00;21486
14/04/2021;B;15:00:00;2905
15/04/2021;A;15:00:00;23201
15/04/2021;B;15:00:00;3067
16/04/2021;A;15:00:00;15403
16/04/2021;B;15:00:00;1591
17/04/2021;A;15:00:00;11562
17/04/2021;B;15:00:00;1392
18/04/2021;A;15:00:00;3964
18/04/2021;B;15:00:00;498
19/04/2021;A;15:00:00;22644
19/04/2021;B;15:00:00;2960
20/04/2021;A;15:00:00;22817
20/04/2021;B;15:00:00;3007
21/04/2021;A;15:00:00;22215
21/04/2021;B;15:00:00;2924
22/04/2021;A;15:00:00;23589
22/04/2021;B;15:00:00;2889
23/04/2021;A;15:00:00;15200
23/04/2021;B;15:00:00;1660
24/04/2021;A;15:00:00;12038
24/04/2021;B;15:00:00;1410
25/04/2021;A;15:00:00;4266
25/04/2021;B;15:00:00;574
26/04/2021;A;15:00:00;21604
26/04/2021;B;15:00:00;2523
27/04/2021;A;15:00:00;21676
27/04/2021;B;15:00:00;2745
28/04/2021;A;15:00:00;24090
28/04/2021;B;15:00:00;1135
29/04/2021;A;15:00:00;27618
29/04/2021;B;15:00:00;3125
30/04/2021;A;15:00:00;18462
30/04/2021;B;15:00:00;1983
1/05/2021;A;15:00:00;1463
1/05/2021;B;15:00:00;229
2/05/2021;A;15:00:00;1932
2/05/2021;B;15:00:00;280
3/05/2021;A;15:00:00;30731
3/05/2021;B;15:00:00;4138
4/05/2021;A;15:00:00;24781
4/05/2021;B;15:00:00;3029
5/05/2021;A;15:00:00;28734
5/05/2021;B;15:00:00;3334
6/05/2021;A;15:00:00;22222
6/05/2021;B;15:00:00;2631
7/05/2021;A;15:00:00;24457
7/05/2021;B;15:00:00;3165
8/05/2021;A;15:00:00;13660
8/05/2021;B;15:00:00;1662
9/05/2021;A;15:00:00;4925
9/05/2021;B;15:00:00;632
10/05/2021;A;15:00:00;24343
10/05/2021;B;15:00:00;3354
11/05/2021;A;15:00:00;23086
11/05/2021;B;15:00:00;2974
12/05/2021;A;15:00:00;26396
12/05/2021;B;15:00:00;3210
13/05/2021;A;15:00:00;23167
13/05/2021;B;15:00:00;3034
14/05/2021;A;15:00:00;25716
14/05/2021;B;15:00:00;3237
15/05/2021;A;15:00:00;23816
15/05/2021;B;15:00:00;3306
16/05/2021;A;15:00:00;10237
16/05/2021;B;15:00:00;1661
17/05/2021;A;15:00:00;10881
17/05/2021;B;15:00:00;1698
18/05/2021;A;15:00:00;26994
18/05/2021;B;15:00:00;3562
19/05/2021;A;15:00:00;26168
19/05/2021;B;15:00:00;3395
20/05/2021;A;15:00:00;24371
20/05/2021;B;15:00:00;3171
21/05/2021;A;15:00:00;25711
21/05/2021;B;15:00:00;3437
22/05/2021;A;15:00:00;25027
22/05/2021;B;15:00:00;3747
23/05/2021;A;15:00:00;10942
23/05/2021;B;15:00:00;1651
24/05/2021;A;15:00:00;23198
24/05/2021;B;15:00:00;3133
25/05/2021;A;15:00:00;23622
25/05/2021;B;15:00:00;3207
26/05/2021;A;15:00:00;25369
26/05/2021;B;15:00:00;3220
27/05/2021;A;15:00:00;24752
27/05/2021;B;15:00:00;3309
28/05/2021;A;15:00:00;29142
28/05/2021;B;15:00:00;4618
29/05/2021;A;15:00:00;24764
29/05/2021;B;15:00:00;3324
30/05/2021;A;15:00:00;11987
30/05/2021;B;15:00:00;1821
31/05/2021;A;15:00:00;25196
31/05/2021;B;15:00:00;3465
1/06/2021;A;15:00:00;24944
1/06/2021;B;15:00:00;3122
2/06/2021;A;15:00:00;26471
2/06/2021;B;15:00:00;3591
3/06/2021;A;15:00:00;24764
3/06/2021;B;15:00:00;3268
4/06/2021;A;15:00:00;27499
4/06/2021;B;15:00:00;3616
5/06/2021;A;15:00:00;26883
5/06/2021;B;15:00:00;3964
6/06/2021;A;15:00:00;12787
6/06/2021;B;15:00:00;2148
7/06/2021;A;15:00:00;12971
7/06/2021;B;15:00:00;1793
8/06/2021;A;15:00:00;25552
8/06/2021;B;15:00:00;3246
9/06/2021;A;15:00:00;27217
9/06/2021;B;15:00:00;3551
10/06/2021;A;15:00:00;25413
10/06/2021;B;15:00:00;3338
11/06/2021;A;15:00:00;27115
11/06/2021;B;15:00:00;3583
12/06/2021;A;15:00:00;26466
12/06/2021;B;15:00:00;3946
13/06/2021;A;15:00:00;12315
13/06/2021;B;15:00:00;1867
14/06/2021;A;15:00:00;12505
14/06/2021;B;15:00:00;1916
15/06/2021;A;15:00:00;25534
15/06/2021;B;15:00:00;3427
16/06/2021;A;15:00:00;27511
16/06/2021;B;15:00:00;3556
17/06/2021;A;15:00:00;23104
17/06/2021;B;15:00:00;3103
18/06/2021;A;15:00:00;27437
18/06/2021;B;15:00:00;3648
19/06/2021;A;15:00:00;28657
19/06/2021;B;15:00:00;3989
20/06/2021;A;15:00:00;13144
20/06/2021;B;15:00:00;1980
21/06/2021;A;15:00:00;25588
21/06/2021;B;15:00:00;3647
22/06/2021;A;15:00:00;24829
22/06/2021;B;15:00:00;3382
23/06/2021;A;15:00:00;26576
23/06/2021;B;15:00:00;3688
24/06/2021;A;15:00:00;24875
24/06/2021;B;15:00:00;3387
25/06/2021;A;15:00:00;26648
25/06/2021;B;15:00:00;3554
26/06/2021;A;15:00:00;26982
26/06/2021;B;15:00:00;3894
27/06/2021;A;15:00:00;13513
27/06/2021;B;15:00:00;2348
28/06/2021;A;15:00:00;26692
28/06/2021;B;15:00:00;3540
29/06/2021;A;15:00:00;25861
29/06/2021;B;15:00:00;3409
30/06/2021;A;15:00:00;26548
30/06/2021;B;15:00:00;3488
1/07/2021;A;15:00:00;27166
1/07/2021;B;15:00:00;3668
2/07/2021;A;15:00:00;28983
2/07/2021;B;15:00:00;3760
3/07/2021;A;15:00:00;30225
3/07/2021;B;15:00:00;4032
4/07/2021;A;15:00:00;16781
4/07/2021;B;15:00:00;2707
5/07/2021;A;15:00:00;14347
5/07/2021;B;15:00:00;2251
6/07/2021;A;15:00:00;26950
6/07/2021;B;15:00:00;3575
7/07/2021;A;15:00:00;26365
7/07/2021;B;15:00:00;3433
8/07/2021;A;15:00:00;26722
8/07/2021;B;15:00:00;3429
9/07/2021;A;15:00:00;28494
9/07/2021;B;15:00:00;3740
10/07/2021;A;15:00:00;30212
10/07/2021;B;15:00:00;3943
11/07/2021;A;15:00:00;14174
11/07/2021;B;15:00:00;2220
12/07/2021;A;15:00:00;26286
12/07/2021;B;15:00:00;3438
13/07/2021;A;15:00:00;25849
13/07/2021;B;15:00:00;3620
14/07/2021;A;15:00:00;26281
14/07/2021;B;15:00:00;3510
15/07/2021;A;15:00:00;26610
15/07/2021;B;15:00:00;3563
16/07/2021;A;15:00:00;29200
16/07/2021;B;15:00:00;3879
17/07/2021;A;15:00:00;30054
17/07/2021;B;15:00:00;4176
18/07/2021;A;15:00:00;14859
18/07/2021;B;15:00:00;2738
19/07/2021;A;15:00:00;26902
19/07/2021;B;15:00:00;3611
20/07/2021;A;15:00:00;12699
20/07/2021;B;15:00:00;1908
21/07/2021;A;15:00:00;27284
21/07/2021;B;15:00:00;3678
22/07/2021;A;15:00:00;26436
22/07/2021;B;15:00:00;3527
23/07/2021;A;15:00:00;28962
23/07/2021;B;15:00:00;3911
24/07/2021;A;15:00:00;28795
24/07/2021;B;15:00:00;4184
25/07/2021;A;15:00:00;13387
25/07/2021;B;15:00:00;2234
26/07/2021;A;15:00:00;26369
26/07/2021;B;15:00:00;3651
27/07/2021;A;15:00:00;26305
27/07/2021;B;15:00:00;3423
28/07/2021;A;15:00:00;26919
28/07/2021;B;15:00:00;3550
29/07/2021;A;15:00:00;26911
29/07/2021;B;15:00:00;3621
30/07/2021;A;15:00:00;30022
30/07/2021;B;15:00:00;4150
31/07/2021;A;15:00:00;31692
31/07/2021;B;15:00:00;4434
1/08/2021;A;15:00:00;14278
1/08/2021;B;15:00:00;2522
2/08/2021;A;15:00:00;27950
2/08/2021;B;15:00:00;3805
3/08/2021;A;15:00:00;27553
3/08/2021;B;15:00:00;3590
4/08/2021;A;15:00:00;27669
4/08/2021;B;15:00:00;3725
5/08/2021;A;15:00:00;27383
5/08/2021;B;15:00:00;3921
6/08/2021;A;15:00:00;31395
6/08/2021;B;15:00:00;4218
7/08/2021;A;15:00:00;21597
7/08/2021;B;15:00:00;3501
8/08/2021;A;15:00:00;13936
8/08/2021;B;15:00:00;2330
9/08/2021;A;15:00:00;27681
9/08/2021;B;15:00:00;3807
10/08/2021;A;15:00:00;27645
10/08/2021;B;15:00:00;3809
11/08/2021;A;15:00:00;27926
11/08/2021;B;15:00:00;3906
12/08/2021;A;15:00:00;27275
12/08/2021;B;15:00:00;3835
13/08/2021;A;15:00:00;31514
13/08/2021;B;15:00:00;4286
14/08/2021;A;15:00:00;31878
14/08/2021;B;15:00:00;4632
15/08/2021;A;15:00:00;17336
15/08/2021;B;15:00:00;3183
16/08/2021;A;15:00:00;16268
16/08/2021;B;15:00:00;2521
17/08/2021;A;15:00:00;28983
17/08/2021;B;15:00:00;4157
18/08/2021;A;15:00:00;28799
18/08/2021;B;15:00:00;4037
19/08/2021;A;15:00:00;28260
19/08/2021;B;15:00:00;3997
20/08/2021;A;15:00:00;32286
20/08/2021;B;15:00:00;4369
21/08/2021;A;15:00:00;32702
21/08/2021;B;15:00:00;4502
22/08/2021;A;15:00:00;15061
22/08/2021;B;15:00:00;2909
23/08/2021;A;15:00:00;28122
23/08/2021;B;15:00:00;4011
24/08/2021;A;15:00:00;28493
24/08/2021;B;15:00:00;3786
25/08/2021;A;15:00:00;28707
25/08/2021;B;15:00:00;4021
26/08/2021;A;15:00:00;29559
26/08/2021;B;15:00:00;4184
27/08/2021;A;15:00:00;31673
27/08/2021;B;15:00:00;4328
28/08/2021;A;15:00:00;33631
28/08/2021;B;15:00:00;4633
29/08/2021;A;15:00:00;15263
29/08/2021;B;15:00:00;2546
30/08/2021;A;15:00:00;28698
30/08/2021;B;15:00:00;3860
31/08/2021;A;15:00:00;28702
31/08/2021;B;15:00:00;3939
1/09/2021;A;15:00:00;29363
1/09/2021;B;15:00:00;4083
2/09/2021;A;15:00:00;29167
2/09/2021;B;15:00:00;4101
3/09/2021;A;15:00:00;32515
3/09/2021;B;15:00:00;4484
4/09/2021;A;15:00:00;33551
4/09/2021;B;15:00:00;4770
5/09/2021;A;15:00:00;16361
5/09/2021;B;15:00:00;2911
6/09/2021;A;15:00:00;29935
6/09/2021;B;15:00:00;3909
7/09/2021;A;15:00:00;29194
7/09/2021;B;15:00:00;3866
8/09/2021;A;15:00:00;28982
8/09/2021;B;15:00:00;3938
9/09/2021;A;15:00:00;30182
9/09/2021;B;15:00:00;4080
10/09/2021;A;15:00:00;33051
10/09/2021;B;15:00:00;4617
11/09/2021;A;15:00:00;32133
11/09/2021;B;15:00:00;4837
12/09/2021;A;15:00:00;16272
12/09/2021;B;15:00:00;2834
13/09/2021;A;15:00:00;28960
13/09/2021;B;15:00:00;4093
14/09/2021;A;15:00:00;29254
14/09/2021;B;15:00:00;4008
15/09/2021;A;15:00:00;30660
15/09/2021;B;15:00:00;4242
16/09/2021;A;15:00:00;30415
16/09/2021;B;15:00:00;4241
17/09/2021;A;15:00:00;34233
17/09/2021;B;15:00:00;4460
18/09/2021;A;15:00:00;33213
18/09/2021;B;15:00:00;4627
19/09/2021;A;15:00:00;16397
19/09/2021;B;15:00:00;2805
20/09/2021;A;15:00:00;30119
20/09/2021;B;15:00:00;4260
21/09/2021;A;15:00:00;29570
21/09/2021;B;15:00:00;4063
22/09/2021;A;15:00:00;29452
22/09/2021;B;15:00:00;3898
23/09/2021;A;15:00:00;29209
23/09/2021;B;15:00:00;4027
24/09/2021;A;15:00:00;33309
24/09/2021;B;15:00:00;4545
25/09/2021;A;15:00:00;33875
25/09/2021;B;15:00:00;4896
26/09/2021;A;15:00:00;16388
26/09/2021;B;15:00:00;2602
27/09/2021;A;15:00:00;29360
27/09/2021;B;15:00:00;4015
28/09/2021;A;15:00:00;28339
28/09/2021;B;15:00:00;3842
29/09/2021;A;15:00:00;29750
29/09/2021;B;15:00:00;4132
30/09/2021;A;15:00:00;30694
30/09/2021;B;15:00:00;4326
1/10/2021;A;15:00:00;35241
1/10/2021;B;15:00:00;4706
2/10/2021;A;15:00:00;36135
2/10/2021;B;15:00:00;5053
3/10/2021;A;15:00:00;18670
3/10/2021;B;15:00:00;2998
4/10/2021;A;15:00:00;31166
4/10/2021;B;15:00:00;4386
5/10/2021;A;15:00:00;30029
5/10/2021;B;15:00:00;4236
6/10/2021;A;15:00:00;30324
6/10/2021;B;15:00:00;4139
7/10/2021;A;15:00:00;31035
7/10/2021;B;15:00:00;4380
8/10/2021;A;15:00:00;33409
8/10/2021;B;15:00:00;4676
9/10/2021;A;15:00:00;33295
9/10/2021;B;15:00:00;4967
10/10/2021;A;15:00:00;16764
10/10/2021;B;15:00:00;2748
11/10/2021;A;15:00:00;30159
11/10/2021;B;15:00:00;4336
12/10/2021;A;15:00:00;31194
12/10/2021;B;15:00:00;4439
13/10/2021;A;15:00:00;31821
13/10/2021;B;15:00:00;4716
14/10/2021;A;15:00:00;37317
14/10/2021;B;15:00:00;4866
15/10/2021;A;15:00:00;32628
15/10/2021;B;15:00:00;4636
16/10/2021;A;15:00:00;34823
16/10/2021;B;15:00:00;5065
17/10/2021;A;15:00:00;17318
17/10/2021;B;15:00:00;2930
18/10/2021;A;15:00:00;16461
18/10/2021;B;15:00:00;2925
19/10/2021;A;15:00:00;31186
19/10/2021;B;15:00:00;4369
20/10/2021;A;15:00:00;30888
20/10/2021;B;15:00:00;4329
21/10/2021;A;15:00:00;30926
21/10/2021;B;15:00:00;4411
22/10/2021;A;15:00:00;30009
22/10/2021;B;15:00:00;2984
23/10/2021;A;15:00:00;35943
23/10/2021;B;15:00:00;4806
24/10/2021;A;15:00:00;16553
24/10/2021;B;15:00:00;2753
25/10/2021;A;15:00:00;31604
25/10/2021;B;15:00:00;4519
26/10/2021;A;15:00:00;31141
26/10/2021;B;15:00:00;4398
27/10/2021;A;15:00:00;31470
27/10/2021;B;15:00:00;4453
28/10/2021;A;15:00:00;32074
28/10/2021;B;15:00:00;4527
29/10/2021;A;15:00:00;34858
29/10/2021;B;15:00:00;4554
30/10/2021;A;15:00:00;35971
30/10/2021;B;15:00:00;5232
31/10/2021;A;15:00:00;18722
31/10/2021;B;15:00:00;3208
1/11/2021;A;15:00:00;15482
1/11/2021;B;15:00:00;2236
2/11/2021;A;15:00:00;30352
2/11/2021;B;15:00:00;4210
3/11/2021;A;15:00:00;31415
3/11/2021;B;15:00:00;4336
4/11/2021;A;15:00:00;30944
4/11/2021;B;15:00:00;4366
5/11/2021;A;15:00:00;34511
5/11/2021;B;15:00:00;4544
6/11/2021;A;15:00:00;36318
6/11/2021;B;15:00:00;5099
7/11/2021;A;15:00:00;16612
7/11/2021;B;15:00:00;2733
8/11/2021;A;15:00:00;31405
8/11/2021;B;15:00:00;4504
9/11/2021;A;15:00:00;31024
9/11/2021;B;15:00:00;4257
10/11/2021;A;15:00:00;33426
10/11/2021;B;15:00:00;4476
11/11/2021;A;15:00:00;32607
11/11/2021;B;15:00:00;4608
12/11/2021;A;15:00:00;35276
12/11/2021;B;15:00:00;4890
13/11/2021;A;15:00:00;29836
13/11/2021;B;15:00:00;3098
14/11/2021;A;15:00:00;20794
14/11/2021;B;15:00:00;3669
15/11/2021;A;15:00:00;17680
15/11/2021;B;15:00:00;2786
16/11/2021;A;15:00:00;33613
16/11/2021;B;15:00:00;4642
17/11/2021;A;15:00:00;32959
17/11/2021;B;15:00:00;4488
18/11/2021;A;15:00:00;32012
18/11/2021;B;15:00:00;4427
19/11/2021;A;15:00:00;37992
19/11/2021;B;15:00:00;5048
20/11/2021;A;15:00:00;37451
20/11/2021;B;15:00:00;5894
21/11/2021;A;15:00:00;18656
21/11/2021;B;15:00:00;3105
22/11/2021;A;15:00:00;30806
22/11/2021;B;15:00:00;4390
23/11/2021;A;15:00:00;31967
23/11/2021;B;15:00:00;4606
24/11/2021;A;15:00:00;31513
24/11/2021;B;15:00:00;4282
25/11/2021;A;15:00:00;33425
25/11/2021;B;15:00:00;4423
26/11/2021;A;15:00:00;37568
26/11/2021;B;15:00:00;5128
27/11/2021;A;15:00:00;38479
27/11/2021;B;15:00:00;5590
28/11/2021;A;15:00:00;18906
28/11/2021;B;15:00:00;2750
29/11/2021;A;15:00:00;32275
29/11/2021;B;15:00:00;4522
30/11/2021;A;15:00:00;34601
30/11/2021;B;15:00:00;4938
1/12/2021;A;15:00:00;34045
1/12/2021;B;15:00:00;4645
2/12/2021;A;15:00:00;33942
2/12/2021;B;15:00:00;4843
3/12/2021;A;15:00:00;41615
3/12/2021;B;15:00:00;5517
4/12/2021;A;15:00:00;41061
4/12/2021;B;15:00:00;5599
5/12/2021;A;15:00:00;21628
5/12/2021;B;15:00:00;3582
6/12/2021;A;15:00:00;35818
6/12/2021;B;15:00:00;5020
7/12/2021;A;15:00:00;39161
7/12/2021;B;15:00:00;5409
8/12/2021;A;15:00:00;20358
8/12/2021;B;15:00:00;3191
9/12/2021;A;15:00:00;34990
9/12/2021;B;15:00:00;4890
10/12/2021;A;15:00:00;37838
10/12/2021;B;15:00:00;5272
11/12/2021;A;15:00:00;40875
11/12/2021;B;15:00:00;6176
12/12/2021;A;15:00:00;21822
12/12/2021;B;15:00:00;3494
13/12/2021;A;15:00:00;34874
13/12/2021;B;15:00:00;4685
14/12/2021;A;15:00:00;35010
14/12/2021;B;15:00:00;4963
15/12/2021;A;15:00:00;36203
15/12/2021;B;15:00:00;4916
16/12/2021;A;15:00:00;36412
16/12/2021;B;15:00:00;4820
17/12/2021;A;15:00:00;39965
17/12/2021;B;15:00:00;5517
18/12/2021;A;15:00:00;42875
18/12/2021;B;15:00:00;6071
19/12/2021;A;15:00:00;25296
19/12/2021;B;15:00:00;3624
20/12/2021;A;15:00:00;37432
20/12/2021;B;15:00:00;4810
21/12/2021;A;15:00:00;39562
21/12/2021;B;15:00:00;5149
22/12/2021;A;15:00:00;37765
22/12/2021;B;15:00:00;5203
23/12/2021;A;15:00:00;42975
23/12/2021;B;15:00:00;5553
24/12/2021;A;15:00:00;33837
24/12/2021;B;15:00:00;4349
25/12/2021;A;15:00:00;11200
25/12/2021;B;15:00:00;1990
26/12/2021;A;15:00:00;17204
26/12/2021;B;15:00:00;2616
27/12/2021;A;15:00:00;31268
27/12/2021;B;15:00:00;4293
28/12/2021;A;15:00:00;32128
28/12/2021;B;15:00:00;4421
29/12/2021;A;15:00:00;31398
29/12/2021;B;15:00:00;4008
30/12/2021;A;15:00:00;35262
30/12/2021;B;15:00:00;4811
31/12/2021;A;15:00:00;26858
31/12/2021;B;15:00:00;3784
1/01/2022;A;15:00:00;9089
1/01/2022;B;15:00:00;1599
2/01/2022;A;15:00:00;14751
2/01/2022;B;15:00:00;2763
3/01/2022;A;15:00:00;27443
3/01/2022;B;15:00:00;4077
4/01/2022;A;15:00:00;28468
4/01/2022;B;15:00:00;4093
5/01/2022;A;15:00:00;27502
5/01/2022;B;15:00:00;4115
6/01/2022;A;15:00:00;23897
6/01/2022;B;15:00:00;3642
7/01/2022;A;15:00:00;30092
7/01/2022;B;15:00:00;3480
8/01/2022;A;15:00:00;27621
8/01/2022;B;15:00:00;4460
9/01/2022;A;15:00:00;15325
9/01/2022;B;15:00:00;3217
10/01/2022;A;15:00:00;14477
10/01/2022;B;15:00:00;2525
11/01/2022;A;15:00:00;30057
11/01/2022;B;15:00:00;4176
12/01/2022;A;15:00:00;29363
12/01/2022;B;15:00:00;4176
13/01/2022;A;15:00:00;29046
13/01/2022;B;15:00:00;4147
14/01/2022;A;15:00:00;31641
14/01/2022;B;15:00:00;4537
15/01/2022;A;15:00:00;31505
15/01/2022;B;15:00:00;4581
16/01/2022;A;15:00:00;16173
16/01/2022;B;15:00:00;2886
17/01/2022;A;15:00:00;31575
17/01/2022;B;15:00:00;4396
18/01/2022;A;15:00:00;32347
18/01/2022;B;15:00:00;4289
19/01/2022;A;15:00:00;30790
19/01/2022;B;15:00:00;4306
20/01/2022;A;15:00:00;30866
20/01/2022;B;15:00:00;4404
21/01/2022;A;15:00:00;33991
21/01/2022;B;15:00:00;4685
22/01/2022;A;15:00:00;32389
22/01/2022;B;15:00:00;4705
23/01/2022;A;15:00:00;16376
23/01/2022;B;15:00:00;2703
24/01/2022;A;15:00:00;31117
24/01/2022;B;15:00:00;4540
25/01/2022;A;15:00:00;31973
25/01/2022;B;15:00:00;4603
26/01/2022;A;15:00:00;32657
26/01/2022;B;15:00:00;4559
27/01/2022;A;15:00:00;32328
27/01/2022;B;15:00:00;4488
28/01/2022;A;15:00:00;41273
28/01/2022;B;15:00:00;5688
29/01/2022;A;15:00:00;34802
29/01/2022;B;15:00:00;4861
30/01/2022;A;15:00:00;17100
30/01/2022;B;15:00:00;2798
31/01/2022;A;15:00:00;32494
31/01/2022;B;15:00:00;4600
1/02/2022;A;15:00:00;33110
1/02/2022;B;15:00:00;4591
2/02/2022;A;15:00:00;33135
2/02/2022;B;15:00:00;4662
3/02/2022;A;15:00:00;32983
3/02/2022;B;15:00:00;4830
4/02/2022;A;15:00:00;35560
4/02/2022;B;15:00:00;3861
5/02/2022;A;15:00:00;35268
5/02/2022;B;15:00:00;5046
6/02/2022;A;15:00:00;17922
6/02/2022;B;15:00:00;2865
7/02/2022;A;15:00:00;33190
7/02/2022;B;15:00:00;5083
8/02/2022;A;15:00:00;32692
8/02/2022;B;15:00:00;5211
9/02/2022;A;15:00:00;34086
9/02/2022;B;15:00:00;4910
10/02/2022;A;15:00:00;34457
10/02/2022;B;15:00:00;5196
11/02/2022;A;15:00:00;33700
11/02/2022;B;15:00:00;5438
12/02/2022;A;15:00:00;34377
12/02/2022;B;15:00:00;5264
13/02/2022;A;15:00:00;16774
13/02/2022;B;15:00:00;2797
14/02/2022;A;15:00:00;33353
14/02/2022;B;15:00:00;4770
15/02/2022;A;15:00:00;34087
15/02/2022;B;15:00:00;4894
16/02/2022;A;15:00:00;34439
16/02/2022;B;15:00:00;4841
17/02/2022;A;15:00:00;35463
17/02/2022;B;15:00:00;5165
18/02/2022;A;15:00:00;36736
18/02/2022;B;15:00:00;5570
19/02/2022;A;15:00:00;37851
19/02/2022;B;15:00:00;5829
20/02/2022;A;15:00:00;17974
20/02/2022;B;15:00:00;2974
21/02/2022;A;15:00:00;34338
21/02/2022;B;15:00:00;5298
22/02/2022;A;15:00:00;34877
22/02/2022;B;15:00:00;5190
23/02/2022;A;15:00:00;34294
23/02/2022;B;15:00:00;4918
24/02/2022;A;15:00:00;33467
24/02/2022;B;15:00:00;4824
25/02/2022;A;15:00:00;37570
25/02/2022;B;15:00:00;5392
26/02/2022;A;15:00:00;35676
26/02/2022;B;15:00:00;5162
27/02/2022;A;15:00:00;16057
27/02/2022;B;15:00:00;2623
28/02/2022;A;15:00:00;35313
28/02/2022;B;15:00:00;5120
1/03/2022;A;15:00:00;37027
1/03/2022;B;15:00:00;5223
2/03/2022;A;15:00:00;35100
2/03/2022;B;15:00:00;5198
3/03/2022;A;15:00:00;37125
3/03/2022;B;15:00:00;5332
4/03/2022;A;15:00:00;38556
4/03/2022;B;15:00:00;5434
5/03/2022;A;15:00:00;36647
5/03/2022;B;15:00:00;5523
6/03/2022;A;15:00:00;15603
6/03/2022;B;15:00:00;2488
7/03/2022;A;15:00:00;36029
7/03/2022;B;15:00:00;5453
8/03/2022;A;15:00:00;35030
8/03/2022;B;15:00:00;5220
9/03/2022;A;15:00:00;34171
9/03/2022;B;15:00:00;4943
10/03/2022;A;15:00:00;33745
10/03/2022;B;15:00:00;5134
11/03/2022;A;15:00:00;39231
11/03/2022;B;15:00:00;5571
12/03/2022;A;15:00:00;34111
12/03/2022;B;15:00:00;5299
13/03/2022;A;15:00:00;576
13/03/2022;B;15:00:00;32
14/03/2022;A;15:00:00;35597
14/03/2022;B;15:00:00;5076
15/03/2022;A;15:00:00;35449
15/03/2022;B;15:00:00;4995
16/03/2022;A;15:00:00;35644
16/03/2022;B;15:00:00;5322
17/03/2022;A;15:00:00;36504
17/03/2022;B;15:00:00;5357
18/03/2022;A;15:00:00;39180
18/03/2022;B;15:00:00;5668
19/03/2022;A;15:00:00;34870
19/03/2022;B;15:00:00;5269
20/03/2022;A;15:00:00;17539
20/03/2022;B;15:00:00;3388
21/03/2022;A;15:00:00;16597
21/03/2022;B;15:00:00;3225
22/03/2022;A;15:00:00;35434
22/03/2022;B;15:00:00;5388
23/03/2022;A;15:00:00;34910
23/03/2022;B;15:00:00;5088
24/03/2022;A;15:00:00;35154
24/03/2022;B;15:00:00;5195
25/03/2022;A;15:00:00;36072
25/03/2022;B;15:00:00;5379
26/03/2022;A;15:00:00;34829
26/03/2022;B;15:00:00;5152
27/03/2022;A;15:00:00;16137
27/03/2022;B;15:00:00;2569
28/03/2022;A;15:00:00;35115
28/03/2022;B;15:00:00;4643
29/03/2022;A;15:00:00;35368
29/03/2022;B;15:00:00;4915
30/03/2022;A;15:00:00;36326
30/03/2022;B;15:00:00;4974
31/03/2022;A;15:00:00;36104
31/03/2022;B;15:00:00;5114
1/04/2022;A;15:00:00;39043
1/04/2022;B;15:00:00;5791
2/04/2022;A;15:00:00;38395
2/04/2022;B;15:00:00;5733
3/04/2022;A;15:00:00;17531
3/04/2022;B;15:00:00;2706
4/04/2022;A;15:00:00;35729
4/04/2022;B;15:00:00;5026
5/04/2022;A;15:00:00;34053
5/04/2022;B;15:00:00;5165
6/04/2022;A;15:00:00;37078
6/04/2022;B;15:00:00;6163
7/04/2022;A;15:00:00;35604
7/04/2022;B;15:00:00;5703
8/04/2022;A;15:00:00;39373
8/04/2022;B;15:00:00;5593
9/04/2022;A;15:00:00;36579
9/04/2022;B;15:00:00;5454
10/04/2022;A;15:00:00;19825
10/04/2022;B;15:00:00;3068
11/04/2022;A;15:00:00;32616
11/04/2022;B;15:00:00;4905
12/04/2022;A;15:00:00;31816
12/04/2022;B;15:00:00;4563
13/04/2022;A;15:00:00;37467
13/04/2022;B;15:00:00;5173
14/04/2022;A;15:00:00;15737
14/04/2022;B;15:00:00;3211
15/04/2022;A;15:00:00;13154
15/04/2022;B;15:00:00;2804
16/04/2022;A;15:00:00;23143
16/04/2022;B;15:00:00;3738
17/04/2022;A;15:00:00;15538
17/04/2022;B;15:00:00;2372
18/04/2022;A;15:00:00;34125
18/04/2022;B;15:00:00;4802
19/04/2022;A;15:00:00;35859
19/04/2022;B;15:00:00;5078
20/04/2022;A;15:00:00;35989
20/04/2022;B;15:00:00;4791
21/04/2022;A;15:00:00;34865
21/04/2022;B;15:00:00;4998
22/04/2022;A;15:00:00;38357
22/04/2022;B;15:00:00;5676
23/04/2022;A;15:00:00;36839
23/04/2022;B;15:00:00;5549
24/04/2022;A;15:00:00;17912
24/04/2022;B;15:00:00;2995
25/04/2022;A;15:00:00;34805
25/04/2022;B;15:00:00;4901
26/04/2022;A;15:00:00;33833
26/04/2022;B;15:00:00;4722
27/04/2022;A;15:00:00;36037
27/04/2022;B;15:00:00;6134
28/04/2022;A;15:00:00;38156
28/04/2022;B;15:00:00;5402
29/04/2022;A;15:00:00;38805
29/04/2022;B;15:00:00;5621
30/04/2022;A;15:00:00;40379
30/04/2022;B;15:00:00;6094
1/05/2022;A;15:00:00;17733
1/05/2022;B;15:00:00;3160
2/05/2022;A;15:00:00;35241
2/05/2022;B;15:00:00;5034
3/05/2022;A;15:00:00;35100
3/05/2022;B;15:00:00;4946
4/05/2022;A;15:00:00;34388
4/05/2022;B;15:00:00;4727
5/05/2022;A;15:00:00;36433
5/05/2022;B;15:00:00;5393
6/05/2022;A;15:00:00;39626
6/05/2022;B;15:00:00;5536
7/05/2022;A;15:00:00;36686
7/05/2022;B;15:00:00;5382
8/05/2022;A;15:00:00;15113
8/05/2022;B;15:00:00;2426
9/05/2022;A;15:00:00;34184
9/05/2022;B;15:00:00;4923
10/05/2022;A;15:00:00;34393
10/05/2022;B;15:00:00;5034
11/05/2022;A;15:00:00;34945
11/05/2022;B;15:00:00;5067
12/05/2022;A;15:00:00;36136
12/05/2022;B;15:00:00;5065
13/05/2022;A;15:00:00;38010
13/05/2022;B;15:00:00;5357
14/05/2022;A;15:00:00;36965
14/05/2022;B;15:00:00;5470
15/05/2022;A;15:00:00;17962
15/05/2022;B;15:00:00;3154
16/05/2022;A;15:00:00;35625
16/05/2022;B;15:00:00;5013
17/05/2022;A;15:00:00;34666
17/05/2022;B;15:00:00;4645
18/05/2022;A;15:00:00;35851
18/05/2022;B;15:00:00;5066
19/05/2022;A;15:00:00;32466
19/05/2022;B;15:00:00;4614
20/05/2022;A;15:00:00;38888
20/05/2022;B;15:00:00;5523
21/05/2022;A;15:00:00;38729
21/05/2022;B;15:00:00;5751
22/05/2022;A;15:00:00;17625
22/05/2022;B;15:00:00;3336
23/05/2022;A;15:00:00;34309
23/05/2022;B;15:00:00;4954
24/05/2022;A;15:00:00;36723
24/05/2022;B;15:00:00;3999
25/05/2022;A;15:00:00;35967
25/05/2022;B;15:00:00;5066
26/05/2022;A;15:00:00;35021
26/05/2022;B;15:00:00;4859
27/05/2022;A;15:00:00;39010
27/05/2022;B;15:00:00;5300
28/05/2022;A;15:00:00;31285
28/05/2022;B;15:00:00;4383
29/05/2022;A;15:00:00;229
29/05/2022;B;15:00:00;35
30/05/2022;A;15:00:00;16418
30/05/2022;B;15:00:00;2655
31/05/2022;A;15:00:00;36141
31/05/2022;B;15:00:00;5008
1/06/2022;A;15:00:00;35408
1/06/2022;B;15:00:00;4867
2/06/2022;A;15:00:00;36061
2/06/2022;B;15:00:00;4880
3/06/2022;A;15:00:00;37793
3/06/2022;B;15:00:00;5613
4/06/2022;A;15:00:00;39425
4/06/2022;B;15:00:00;5745
5/06/2022;A;15:00:00;16851
5/06/2022;B;15:00:00;2895
6/06/2022;A;15:00:00;32880
6/06/2022;B;15:00:00;4153
7/06/2022;A;15:00:00;34287
7/06/2022;B;15:00:00;4905
8/06/2022;A;15:00:00;35951
8/06/2022;B;15:00:00;4907
9/06/2022;A;15:00:00;35303
9/06/2022;B;15:00:00;5185
10/06/2022;A;15:00:00;37604
10/06/2022;B;15:00:00;5018
11/06/2022;A;15:00:00;35656
11/06/2022;B;15:00:00;5491
12/06/2022;A;15:00:00;18500
12/06/2022;B;15:00:00;3280
13/06/2022;A;15:00:00;33876
13/06/2022;B;15:00:00;5049
14/06/2022;A;15:00:00;34625
14/06/2022;B;15:00:00;4869
15/06/2022;A;15:00:00;35953
15/06/2022;B;15:00:00;4858
16/06/2022;A;15:00:00;28255
16/06/2022;B;15:00:00;4350
17/06/2022;A;15:00:00;31198
17/06/2022;B;15:00:00;5176
18/06/2022;A;15:00:00;24440
18/06/2022;B;15:00:00;4489
19/06/2022;A;15:00:00;161
19/06/2022;B;15:00:00;5
20/06/2022;A;15:00:00;13002
20/06/2022;B;15:00:00;2562
21/06/2022;A;15:00:00;27828
21/06/2022;B;15:00:00;4590
22/06/2022;A;15:00:00;34425
22/06/2022;B;15:00:00;4984
23/06/2022;A;15:00:00;35095
23/06/2022;B;15:00:00;5321
24/06/2022;A;15:00:00;37610
24/06/2022;B;15:00:00;5373
25/06/2022;A;15:00:00;36147
25/06/2022;B;15:00:00;5297
26/06/2022;A;15:00:00;17342
26/06/2022;B;15:00:00;3040
27/06/2022;A;15:00:00;15576
27/06/2022;B;15:00:00;2523
28/06/2022;A;15:00:00;34889
28/06/2022;B;15:00:00;5017
29/06/2022;A;15:00:00;33335
29/06/2022;B;15:00:00;4504
30/06/2022;A;15:00:00;36369
30/06/2022;B;15:00:00;5100
1/07/2022;A;15:00:00;39116
1/07/2022;B;15:00:00;6097
2/07/2022;A;15:00:00;37906
2/07/2022;B;15:00:00;5994
3/07/2022;A;15:00:00;21679
3/07/2022;B;15:00:00;4110
4/07/2022;A;15:00:00;19253
4/07/2022;B;15:00:00;3300
5/07/2022;A;15:00:00;35109
5/07/2022;B;15:00:00;5113
6/07/2022;A;15:00:00;34868
6/07/2022;B;15:00:00;4732
7/07/2022;A;15:00:00;34428
7/07/2022;B;15:00:00;4909
8/07/2022;A;15:00:00;38418
8/07/2022;B;15:00:00;5214
9/07/2022;A;15:00:00;35672
9/07/2022;B;15:00:00;5345
10/07/2022;A;15:00:00;18295
10/07/2022;B;15:00:00;3334
11/07/2022;A;15:00:00;33831
11/07/2022;B;15:00:00;4867
12/07/2022;A;15:00:00;33803
12/07/2022;B;15:00:00;4502
13/07/2022;A;15:00:00;34676
13/07/2022;B;15:00:00;4873
14/07/2022;A;15:00:00;29385
14/07/2022;B;15:00:00;5187
15/07/2022;A;15:00:00;38321
15/07/2022;B;15:00:00;5922
16/07/2022;A;15:00:00;38142
16/07/2022;B;15:00:00;5362
17/07/2022;A;15:00:00;18387
17/07/2022;B;15:00:00;3324
18/07/2022;A;15:00:00;34174
18/07/2022;B;15:00:00;4623
19/07/2022;A;15:00:00;35305
19/07/2022;B;15:00:00;4880
20/07/2022;A;15:00:00;19103
20/07/2022;B;15:00:00;3167
21/07/2022;A;15:00:00;34794
21/07/2022;B;15:00:00;4759
22/07/2022;A;15:00:00;37309
22/07/2022;B;15:00:00;5024
23/07/2022;A;15:00:00;32939
23/07/2022;B;15:00:00;5271
24/07/2022;A;15:00:00;16558
24/07/2022;B;15:00:00;2754
25/07/2022;A;15:00:00;34155
25/07/2022;B;15:00:00;4822
26/07/2022;A;15:00:00;34187
26/07/2022;B;15:00:00;4896
27/07/2022;A;15:00:00;34051
27/07/2022;B;15:00:00;4709
28/07/2022;A;15:00:00;33885
28/07/2022;B;15:00:00;5112
29/07/2022;A;15:00:00;38396
29/07/2022;B;15:00:00;5356
30/07/2022;A;15:00:00;37002
30/07/2022;B;15:00:00;5519
31/07/2022;A;15:00:00;18934
31/07/2022;B;15:00:00;2999
1/08/2022;A;15:00:00;35644
1/08/2022;B;15:00:00;4951
2/08/2022;A;15:00:00;34405
2/08/2022;B;15:00:00;5208
3/08/2022;A;15:00:00;35390
3/08/2022;B;15:00:00;5060
4/08/2022;A;15:00:00;35115
4/08/2022;B;15:00:00;5010
5/08/2022;A;15:00:00;39963
5/08/2022;B;15:00:00;5724
6/08/2022;A;15:00:00;36513
6/08/2022;B;15:00:00;5775
7/08/2022;A;15:00:00;17892
7/08/2022;B;15:00:00;3073
8/08/2022;A;15:00:00;34874
8/08/2022;B;15:00:00;5127
9/08/2022;A;15:00:00;34527
9/08/2022;B;15:00:00;5429
10/08/2022;A;15:00:00;35511
10/08/2022;B;15:00:00;5258
11/08/2022;A;15:00:00;35497
11/08/2022;B;15:00:00;5270
12/08/2022;A;15:00:00;40318
12/08/2022;B;15:00:00;5884
13/08/2022;A;15:00:00;48613
13/08/2022;B;15:00:00;6820
14/08/2022;A;15:00:00;24282
14/08/2022;B;15:00:00;5670
15/08/2022;A;15:00:00;23436
15/08/2022;B;15:00:00;3611
16/08/2022;A;15:00:00;37203
16/08/2022;B;15:00:00;5918
17/08/2022;A;15:00:00;37043
17/08/2022;B;15:00:00;5740
18/08/2022;A;15:00:00;38874
18/08/2022;B;15:00:00;5602
19/08/2022;A;15:00:00;38829
19/08/2022;B;15:00:00;5987
20/08/2022;A;15:00:00;37684
20/08/2022;B;15:00:00;5809
21/08/2022;A;15:00:00;17717
21/08/2022;B;15:00:00;3042
22/08/2022;A;15:00:00;36240
22/08/2022;B;15:00:00;5254
23/08/2022;A;15:00:00;36882
23/08/2022;B;15:00:00;5560
24/08/2022;A;15:00:00;36175
24/08/2022;B;15:00:00;5215
25/08/2022;A;15:00:00;36814
25/08/2022;B;15:00:00;5460
26/08/2022;A;15:00:00;40035
26/08/2022;B;15:00:00;5462
27/08/2022;A;15:00:00;37063
27/08/2022;B;15:00:00;5527
28/08/2022;A;15:00:00;17941
28/08/2022;B;15:00:00;2986
29/08/2022;A;15:00:00;35665
29/08/2022;B;15:00:00;5349
30/08/2022;A;15:00:00;36522
30/08/2022;B;15:00:00;5345
31/08/2022;A;15:00:00;36941
31/08/2022;B;15:00:00;5178
1/09/2022;A;15:00:00;36364
1/09/2022;B;15:00:00;5233
2/09/2022;A;15:00:00;41424
2/09/2022;B;15:00:00;5647
3/09/2022;A;15:00:00;40547
3/09/2022;B;15:00:00;6009
4/09/2022;A;15:00:00;18967
4/09/2022;B;15:00:00;3088
5/09/2022;A;15:00:00;37287
5/09/2022;B;15:00:00;5317
6/09/2022;A;15:00:00;36498
6/09/2022;B;15:00:00;5363
7/09/2022;A;15:00:00;36475
7/09/2022;B;15:00:00;5168
8/09/2022;A;15:00:00;38152
8/09/2022;B;15:00:00;5825
9/09/2022;A;15:00:00;40719
9/09/2022;B;15:00:00;5797
10/09/2022;A;15:00:00;38359
10/09/2022;B;15:00:00;5697
11/09/2022;A;15:00:00;19400
11/09/2022;B;15:00:00;2966
12/09/2022;A;15:00:00;36985
12/09/2022;B;15:00:00;5306
13/09/2022;A;15:00:00;33835
13/09/2022;B;15:00:00;4444
14/09/2022;A;15:00:00;37082
14/09/2022;B;15:00:00;5398
15/09/2022;A;15:00:00;38930
15/09/2022;B;15:00:00;5387
16/09/2022;A;15:00:00;44522
16/09/2022;B;15:00:00;6316
17/09/2022;A;15:00:00;41703
17/09/2022;B;15:00:00;6005
18/09/2022;A;15:00:00;19995
18/09/2022;B;15:00:00;3186
19/09/2022;A;15:00:00;35975
19/09/2022;B;15:00:00;4957
20/09/2022;A;15:00:00;35469
20/09/2022;B;15:00:00;5009
21/09/2022;A;15:00:00;37005
21/09/2022;B;15:00:00;5176
22/09/2022;A;15:00:00;36304
22/09/2022;B;15:00:00;5478
23/09/2022;A;15:00:00;42445
23/09/2022;B;15:00:00;5821
24/09/2022;A;15:00:00;36810
24/09/2022;B;15:00:00;5259
25/09/2022;A;15:00:00;18743
25/09/2022;B;15:00:00;3060
26/09/2022;A;15:00:00;37329
26/09/2022;B;15:00:00;5112
27/09/2022;A;15:00:00;36984
27/09/2022;B;15:00:00;5489
28/09/2022;A;15:00:00;35593
28/09/2022;B;15:00:00;4975
29/09/2022;A;15:00:00;36923
29/09/2022;B;15:00:00;5413
30/09/2022;A;15:00:00;41329
30/09/2022;B;15:00:00;6012
1/10/2022;A;15:00:00;41680
1/10/2022;B;15:00:00;5857
2/10/2022;A;15:00:00;18693
2/10/2022;B;15:00:00;3034
3/10/2022;A;15:00:00;35303
3/10/2022;B;15:00:00;5174
4/10/2022;A;15:00:00;36308
4/10/2022;B;15:00:00;5268
5/10/2022;A;15:00:00;36128
5/10/2022;B;15:00:00;5212
6/10/2022;A;15:00:00;37896
6/10/2022;B;15:00:00;5483
7/10/2022;A;15:00:00;40478
7/10/2022;B;15:00:00;5704
8/10/2022;A;15:00:00;38618
8/10/2022;B;15:00:00;5591
9/10/2022;A;15:00:00;17095
9/10/2022;B;15:00:00;2801
10/10/2022;A;15:00:00;36950
10/10/2022;B;15:00:00;5320
11/10/2022;A;15:00:00;38851
11/10/2022;B;15:00:00;5779
12/10/2022;A;15:00:00;38614
12/10/2022;B;15:00:00;5268
13/10/2022;A;15:00:00;34712
13/10/2022;B;15:00:00;4896
14/10/2022;A;15:00:00;41114
14/10/2022;B;15:00:00;6021
15/10/2022;A;15:00:00;39490
15/10/2022;B;15:00:00;5889
16/10/2022;A;15:00:00;19963
16/10/2022;B;15:00:00;3809
17/10/2022;A;15:00:00;18249
17/10/2022;B;15:00:00;2937
18/10/2022;A;15:00:00;36357
18/10/2022;B;15:00:00;5372
19/10/2022;A;15:00:00;37646
19/10/2022;B;15:00:00;5073
20/10/2022;A;15:00:00;35958
20/10/2022;B;15:00:00;5169
21/10/2022;A;15:00:00;39996
21/10/2022;B;15:00:00;5830
22/10/2022;A;15:00:00;38722
22/10/2022;B;15:00:00;5807
23/10/2022;A;15:00:00;19135
23/10/2022;B;15:00:00;3272
24/10/2022;A;15:00:00;37009
24/10/2022;B;15:00:00;5106
25/10/2022;A;15:00:00;36282
25/10/2022;B;15:00:00;5211
26/10/2022;A;15:00:00;34301
26/10/2022;B;15:00:00;4984
27/10/2022;A;15:00:00;37611
27/10/2022;B;15:00:00;5242
28/10/2022;A;15:00:00;41550
28/10/2022;B;15:00:00;5621
29/10/2022;A;15:00:00;40753
29/10/2022;B;15:00:00;5877
30/10/2022;A;15:00:00;19179
30/10/2022;B;15:00:00;3097
31/10/2022;A;15:00:00;31133
31/10/2022;B;15:00:00;6013
1/11/2022;A;15:00:00;36114
1/11/2022;B;15:00:00;5024
2/11/2022;A;15:00:00;36821
2/11/2022;B;15:00:00;5359
3/11/2022;A;15:00:00;36505
3/11/2022;B;15:00:00;5225
4/11/2022;A;15:00:00;41394
4/11/2022;B;15:00:00;5761
5/11/2022;A;15:00:00;39554
5/11/2022;B;15:00:00;5549
6/11/2022;A;15:00:00;18778
6/11/2022;B;15:00:00;3235
7/11/2022;A;15:00:00;18697
7/11/2022;B;15:00:00;2847
8/11/2022;A;15:00:00;37233
8/11/2022;B;15:00:00;5332
9/11/2022;A;15:00:00;36549
9/11/2022;B;15:00:00;5167
10/11/2022;A;15:00:00;36937
10/11/2022;B;15:00:00;5495
11/11/2022;A;15:00:00;40309
11/11/2022;B;15:00:00;5744
12/11/2022;A;15:00:00;36670
12/11/2022;B;15:00:00;4749
13/11/2022;A;15:00:00;19978
13/11/2022;B;15:00:00;3297
14/11/2022;A;15:00:00;19849
14/11/2022;B;15:00:00;3224
15/11/2022;A;15:00:00;38117
15/11/2022;B;15:00:00;5290
16/11/2022;A;15:00:00;37493
16/11/2022;B;15:00:00;5173
17/11/2022;A;15:00:00;37251
17/11/2022;B;15:00:00;5288
18/11/2022;A;15:00:00;36649
18/11/2022;B;15:00:00;4850
19/11/2022;A;15:00:00;41638
19/11/2022;B;15:00:00;6180
20/11/2022;A;15:00:00;19263
20/11/2022;B;15:00:00;2686
21/11/2022;A;15:00:00;35766
21/11/2022;B;15:00:00;5011
22/11/2022;A;15:00:00;35431
22/11/2022;B;15:00:00;4890
23/11/2022;A;15:00:00;36001
23/11/2022;B;15:00:00;5056
24/11/2022;A;15:00:00;34973
24/11/2022;B;15:00:00;4808
25/11/2022;A;15:00:00;39939
25/11/2022;B;15:00:00;5469
26/11/2022;A;15:00:00;37303
26/11/2022;B;15:00:00;4909
27/11/2022;A;15:00:00;18450
27/11/2022;B;15:00:00;2837
28/11/2022;A;15:00:00;34692
28/11/2022;B;15:00:00;5071
29/11/2022;A;15:00:00;36975
29/11/2022;B;15:00:00;5419
30/11/2022;A;15:00:00;37998
30/11/2022;B;15:00:00;5236
1/12/2022;A;15:00:00;35808
1/12/2022;B;15:00:00;4992
2/12/2022;A;15:00:00;39454
2/12/2022;B;15:00:00;5331
3/12/2022;A;15:00:00;40161
3/12/2022;B;15:00:00;5410
4/12/2022;A;15:00:00;22795
4/12/2022;B;15:00:00;3067
5/12/2022;A;15:00:00;36638
5/12/2022;B;15:00:00;4850
6/12/2022;A;15:00:00;37885
6/12/2022;B;15:00:00;5076
7/12/2022;A;15:00:00;45387
7/12/2022;B;15:00:00;5536
8/12/2022;A;15:00:00;21979
8/12/2022;B;15:00:00;3384
9/12/2022;A;15:00:00;38577
9/12/2022;B;15:00:00;5034
10/12/2022;A;15:00:00;37592
10/12/2022;B;15:00:00;5042
11/12/2022;A;15:00:00;21411
11/12/2022;B;15:00:00;3169
12/12/2022;A;15:00:00;37135
12/12/2022;B;15:00:00;5051
13/12/2022;A;15:00:00;35320
13/12/2022;B;15:00:00;4383
14/12/2022;A;15:00:00;35374
14/12/2022;B;15:00:00;4769
15/12/2022;A;15:00:00;38419
15/12/2022;B;15:00:00;5094
16/12/2022;A;15:00:00;43465
16/12/2022;B;15:00:00;5660
17/12/2022;A;15:00:00;46598
17/12/2022;B;15:00:00;6047
18/12/2022;A;15:00:00;26051
18/12/2022;B;15:00:00;3608
19/12/2022;A;15:00:00;39820
19/12/2022;B;15:00:00;5321
20/12/2022;A;15:00:00;40611
20/12/2022;B;15:00:00;5378
21/12/2022;A;15:00:00;40637
21/12/2022;B;15:00:00;5228
22/12/2022;A;15:00:00;41568
22/12/2022;B;15:00:00;5423
23/12/2022;A;15:00:00;47357
23/12/2022;B;15:00:00;5995
24/12/2022;A;15:00:00;29587
24/12/2022;B;15:00:00;3895
25/12/2022;A;15:00:00;11889
25/12/2022;B;15:00:00;1931
26/12/2022;A;15:00:00;31218
26/12/2022;B;15:00:00;4299
27/12/2022;A;15:00:00;32409
27/12/2022;B;15:00:00;4465
28/12/2022;A;15:00:00;32835
28/12/2022;B;15:00:00;4560
29/12/2022;A;15:00:00;33151
29/12/2022;B;15:00:00;4651
30/12/2022;A;15:00:00;22190
30/12/2022;B;15:00:00;5034
31/12/2022;A;15:00:00;22700
31/12/2022;B;15:00:00;3090
1/01/2023;A;15:00:00;10999
1/01/2024;B;15:00:00;1930
1/02/2023;A;15:00:00;27356
1/02/2023;B;15:00:00;4141
1/03/2023;A;15:00:00;30144
1/03/2023;B;15:00:00;4737
1/04/2023;A;15:00:00;30333
1/04/2023;B;15:00:00;4886
1/05/2023;A;15:00:00;31566
1/05/2023;B;15:00:00;4665
1/06/2023;A;15:00:00;34020
1/06/2023;B;15:00:00;5300
1/07/2023;A;15:00:00;28277
1/07/2023;B;15:00:00;4727
1/08/2023;A;15:00:00;20410
1/08/2023;B;15:00:00;4047
1/09/2023;A;15:00:00;16781
1/09/2023;B;15:00:00;3074
1/10/2023;A;15:00:00;32577
1/10/2023;B;15:00:00;4601
1/11/2023;A;15:00:00;31296
1/11/2023;B;15:00:00;4882
1/12/2023;A;15:00:00;33278
1/12/2023;B;15:00:00;4891
13/01/2023;A;15:00:00;36129
13/01/2023;B;15:00:00;5149
14/01/2023;A;15:00:00;35359
14/01/2023;B;15:00:00;5086
15/01/2023;A;15:00:00;18594
15/01/2023;B;15:00:00;3249
16/01/2023;A;15:00:00;35831
16/01/2023;B;15:00:00;4867
17/01/2023;A;15:00:00;36154
17/01/2023;B;15:00:00;5083
18/01/2023;A;15:00:00;35954
18/01/2023;B;15:00:00;4724
19/01/2023;A;15:00:00;35034
19/01/2023;B;15:00:00;5094
20/01/2023;A;15:00:00;39105
20/01/2023;B;15:00:00;5352
21/01/2023;A;15:00:00;35062
21/01/2023;B;15:00:00;5018
22/01/2023;A;15:00:00;18166
22/01/2023;B;15:00:00;3096
23/01/2023;A;15:00:00;35392
23/01/2023;B;15:00:00;5041
24/01/2023;A;15:00:00;35439
24/01/2023;B;15:00:00;4785
25/01/2023;A;15:00:00;35299
25/01/2023;B;15:00:00;4904
26/01/2023;A;15:00:00;35367
26/01/2023;B;15:00:00;4944
27/01/2023;A;15:00:00;38573
27/01/2023;B;15:00:00;5299
28/01/2023;A;15:00:00;34877
28/01/2023;B;15:00:00;4856
29/01/2023;A;15:00:00;16908
29/01/2023;B;15:00:00;3057
30/01/2023;A;15:00:00;35334
30/01/2023;B;15:00:00;4932
31/01/2023;A;15:00:00;36022
31/01/2023;B;15:00:00;5079
2/01/2023;A;15:00:00;36577
2/01/2023;B;15:00:00;5061
2/02/2023;A;15:00:00;36923
2/02/2023;B;15:00:00;5296
2/03/2023;A;15:00:00;40884
2/03/2023;B;15:00:00;5709
2/04/2023;A;15:00:00;37400
2/04/2023;B;15:00:00;5566
2/05/2023;A;15:00:00;17964
2/05/2023;B;15:00:00;3130
2/06/2023;A;15:00:00;37120
2/06/2023;B;15:00:00;5362
2/07/2023;A;15:00:00;37605
2/07/2023;B;15:00:00;5613
2/08/2023;A;15:00:00;37789
2/08/2023;B;15:00:00;5521
2/09/2023;A;15:00:00;37024
2/09/2023;B;15:00:00;5447
2/10/2023;A;15:00:00;41506
2/10/2023;B;15:00:00;6041
2/11/2023;A;15:00:00;36334
2/11/2023;B;15:00:00;5554
2/12/2023;A;15:00:00;15769
2/12/2023;B;15:00:00;2612
13/02/2023;A;15:00:00;37480
13/02/2023;B;15:00:00;5612
14/02/2023;A;15:00:00;38631
14/02/2023;B;15:00:00;5629
15/02/2023;A;15:00:00;37253
15/02/2023;B;15:00:00;5643
16/02/2023;A;15:00:00;37695
16/02/2023;B;15:00:00;5590
17/02/2023;A;15:00:00;43772
17/02/2023;B;15:00:00;6126
18/02/2023;A;15:00:00;36520
18/02/2023;B;15:00:00;5599
19/02/2023;A;15:00:00;18521
19/02/2023;B;15:00:00;3326
20/02/2023;A;15:00:00;39148
20/02/2023;B;15:00:00;5767
21/02/2023;A;15:00:00;39025
21/02/2023;B;15:00:00;5548
22/02/2023;A;15:00:00;40451
22/02/2023;B;15:00:00;5700
23/02/2023;A;15:00:00;37037
23/02/2023;B;15:00:00;5445
24/02/2023;A;15:00:00;41457
24/02/2023;B;15:00:00;5832
25/02/2023;A;15:00:00;36693
25/02/2023;B;15:00:00;5319
26/02/2023;A;15:00:00;17328
26/02/2023;B;15:00:00;2958
27/02/2023;A;15:00:00;37703
27/02/2023;B;15:00:00;5354
28/02/2023;A;15:00:00;38588
28/02/2023;B;15:00:00;5631
3/01/2023;A;15:00:00;37533
3/01/2023;B;15:00:00;5134
3/02/2023;A;15:00:00;37178
3/02/2023;B;15:00:00;5606
3/03/2023;A;15:00:00;40804
3/03/2023;B;15:00:00;5630
3/04/2023;A;15:00:00;37106
3/04/2023;B;15:00:00;5895
3/05/2023;A;15:00:00;18010
3/05/2023;B;15:00:00;3006
3/06/2023;A;15:00:00;35905
3/06/2023;B;15:00:00;5743
3/07/2023;A;15:00:00;39766
3/07/2023;B;15:00:00;6177
3/08/2023;A;15:00:00;38476
3/08/2023;B;15:00:00;5305
3/09/2023;A;15:00:00;37677
3/09/2023;B;15:00:00;5672
3/10/2023;A;15:00:00;38414
3/10/2023;B;15:00:00;5664
3/11/2023;A;15:00:00;37939
3/11/2023;B;15:00:00;5607
3/12/2023;A;15:00:00;16695
3/12/2023;B;15:00:00;2814
13/03/2023;A;15:00:00;35569
13/03/2023;B;15:00:00;5353
14/03/2023;A;15:00:00;36527
14/03/2023;B;15:00:00;5247
15/03/2023;A;15:00:00;37249
15/03/2023;B;15:00:00;5318
16/03/2023;A;15:00:00;36690
16/03/2023;B;15:00:00;5370
17/03/2023;A;15:00:00;44778
17/03/2023;B;15:00:00;6531
18/03/2023;A;15:00:00;37420
18/03/2023;B;15:00:00;5671
19/03/2023;A;15:00:00;18896
19/03/2023;B;15:00:00;3350
20/03/2023;A;15:00:00;17994
20/03/2023;B;15:00:00;2815
21/03/2023;A;15:00:00;38230
21/03/2023;B;15:00:00;5627
22/03/2023;A;15:00:00;38058
22/03/2023;B;15:00:00;5592
23/03/2023;A;15:00:00;37657
23/03/2023;B;15:00:00;5695
24/03/2023;A;15:00:00;40182
24/03/2023;B;15:00:00;5663
25/03/2023;A;15:00:00;39787
25/03/2023;B;15:00:00;5616
26/03/2023;A;15:00:00;17014
26/03/2023;B;15:00:00;2983
27/03/2023;A;15:00:00;36416
27/03/2023;B;15:00:00;5466
28/03/2023;A;15:00:00;37195
28/03/2023;B;15:00:00;5564
29/03/2023;A;15:00:00;33474
29/03/2023;B;15:00:00;5837
30/03/2023;A;15:00:00;16449
30/03/2023;B;15:00:00;4672
31/03/2023;A;15:00:00;41150
31/03/2023;B;15:00:00;5726
4/01/2023;A;15:00:00;39097
4/01/2023;B;15:00:00;5759
4/02/2023;A;15:00:00;18201
4/02/2023;B;15:00:00;3090
4/03/2023;A;15:00:00;34605
4/03/2023;B;15:00:00;4838
4/04/2023;A;15:00:00;33962
4/04/2023;B;15:00:00;4649
4/05/2023;A;15:00:00;40742
4/05/2023;B;15:00:00;5646
4/06/2023;A;15:00:00;16401
4/06/2023;B;15:00:00;3135
4/07/2023;A;15:00:00;12803
4/07/2023;B;15:00:00;2549
4/08/2023;A;15:00:00;23312
4/08/2023;B;15:00:00;3931
4/09/2023;A;15:00:00;16688
4/09/2023;B;15:00:00;2251
4/10/2023;A;15:00:00;36811
4/10/2023;B;15:00:00;5112
4/11/2023;A;15:00:00;35746
4/11/2023;B;15:00:00;5188
4/12/2023;A;15:00:00;35827
4/12/2023;B;15:00:00;5381
13/04/2023;A;15:00:00;36541
13/04/2023;B;15:00:00;5443
14/04/2023;A;15:00:00;40699
14/04/2023;B;15:00:00;5804
15/04/2023;A;15:00:00;40333
15/04/2023;B;15:00:00;5416
16/04/2023;A;15:00:00;19888
16/04/2023;B;15:00:00;3236
17/04/2023;A;15:00:00;36380
17/04/2023;B;15:00:00;5295
18/04/2023;A;15:00:00;38345
18/04/2023;B;15:00:00;5632
19/04/2023;A;15:00:00;36706
19/04/2023;B;15:00:00;5294
20/04/2023;A;15:00:00;35688
20/04/2023;B;15:00:00;5081
21/04/2023;A;15:00:00;41033
21/04/2023;B;15:00:00;5781
22/04/2023;A;15:00:00;37245
22/04/2023;B;15:00:00;5540
23/04/2023;A;15:00:00;17943
23/04/2023;B;15:00:00;2986
24/04/2023;A;15:00:00;36273
24/04/2023;B;15:00:00;5271
25/04/2023;A;15:00:00;38305
25/04/2023;B;15:00:00;5564
26/04/2023;A;15:00:00;37195
26/04/2023;B;15:00:00;5596
27/04/2023;A;15:00:00;36540
27/04/2023;B;15:00:00;5165
28/04/2023;A;15:00:00;41906
28/04/2023;B;15:00:00;5741
29/04/2023;A;15:00:00;38746
29/04/2023;B;15:00:00;5589
30/04/2023;A;15:00:00;18536
30/04/2023;B;15:00:00;3096
5/01/2023;A;15:00:00;17463
5/01/2023;B;15:00:00;2749
5/02/2023;A;15:00:00;38483
5/02/2023;B;15:00:00;5425
5/03/2023;A;15:00:00;37519
5/03/2023;B;15:00:00;5313
5/04/2023;A;15:00:00;37411
5/04/2023;B;15:00:00;5388
5/05/2023;A;15:00:00;41316
5/05/2023;B;15:00:00;5776
5/06/2023;A;15:00:00;39572
5/06/2023;B;15:00:00;5461
5/07/2023;A;15:00:00;18245
5/07/2023;B;15:00:00;3002
5/08/2023;A;15:00:00;36949
5/08/2023;B;15:00:00;5397
5/09/2023;A;15:00:00;36490
5/09/2023;B;15:00:00;5178
5/10/2023;A;15:00:00;37175
5/10/2023;B;15:00:00;5361
5/11/2023;A;15:00:00;37906
5/11/2023;B;15:00:00;5461
5/12/2023;A;15:00:00;41360
5/12/2023;B;15:00:00;5643
13/05/2023;A;15:00:00;38482
13/05/2023;B;15:00:00;5381
14/05/2023;A;15:00:00;15614
14/05/2023;B;15:00:00;2485
15/05/2023;A;15:00:00;36106
15/05/2023;B;15:00:00;5148
16/05/2023;A;15:00:00;36936
16/05/2023;B;15:00:00;5133
17/05/2023;A;15:00:00;36638
17/05/2023;B;15:00:00;5340
18/05/2023;A;15:00:00;37031
18/05/2023;B;15:00:00;5622
19/05/2023;A;15:00:00;41736
19/05/2023;B;15:00:00;5699
20/05/2023;A;15:00:00;37510
20/05/2023;B;15:00:00;5334
21/05/2023;A;15:00:00;16337
21/05/2023;B;15:00:00;2465
22/05/2023;A;15:00:00;19382
22/05/2023;B;15:00:00;3004
23/05/2023;A;15:00:00;38369
23/05/2023;B;15:00:00;5036
24/05/2023;A;15:00:00;37592
24/05/2023;B;15:00:00;5357
25/05/2023;A;15:00:00;36303
25/05/2023;B;15:00:00;5125
26/05/2023;A;15:00:00;40974
26/05/2023;B;15:00:00;5856
27/05/2023;A;15:00:00;35769
27/05/2023;B;15:00:00;5145
28/05/2023;A;15:00:00;17370
28/05/2023;B;15:00:00;2721
29/05/2023;A;15:00:00;35598
29/05/2023;B;15:00:00;5441
30/05/2023;A;15:00:00;37173
30/05/2023;B;15:00:00;5083
31/05/2023;A;15:00:00;36231
31/05/2023;B;15:00:00;4822
6/01/2023;A;15:00:00;36732
6/01/2023;B;15:00:00;5193
6/02/2023;A;15:00:00;41301
6/02/2023;B;15:00:00;5497
6/03/2023;A;15:00:00;37882
6/03/2023;B;15:00:00;5141
6/04/2023;A;15:00:00;17344
6/04/2023;B;15:00:00;2987
6/05/2023;A;15:00:00;35919
6/05/2023;B;15:00:00;5068
6/06/2023;A;15:00:00;36091
6/06/2023;B;15:00:00;5013
6/07/2023;A;15:00:00;36170
6/07/2023;B;15:00:00;5809
6/08/2023;A;15:00:00;38242
6/08/2023;B;15:00:00;5361
6/09/2023;A;15:00:00;40039
6/09/2023;B;15:00:00;5529
6/10/2023;A;15:00:00;34260
6/10/2023;B;15:00:00;4954
6/11/2023;A;15:00:00;17862
6/11/2023;B;15:00:00;2982
6/12/2023;A;15:00:00;17429
6/12/2023;B;15:00:00;2734
13/06/2023;A;15:00:00;35698
13/06/2023;B;15:00:00;4896
14/06/2023;A;15:00:00;35526
14/06/2023;B;15:00:00;5060
15/06/2023;A;15:00:00;36749
15/06/2023;B;15:00:00;5387
16/06/2023;A;15:00:00;41110
16/06/2023;B;15:00:00;5441
17/06/2023;A;15:00:00;37457
17/06/2023;B;15:00:00;5094
18/06/2023;A;15:00:00;17423
18/06/2023;B;15:00:00;3056
19/06/2023;A;15:00:00;17018
19/06/2023;B;15:00:00;2835
20/06/2023;A;15:00:00;36117
20/06/2023;B;15:00:00;5025
21/06/2023;A;15:00:00;37754
21/06/2023;B;15:00:00;5405
22/06/2023;A;15:00:00;35756
22/06/2023;B;15:00:00;5022
23/06/2023;A;15:00:00;39362
23/06/2023;B;15:00:00;5391
24/06/2023;A;15:00:00;37682
24/06/2023;B;15:00:00;5496
25/06/2023;A;15:00:00;17293
25/06/2023;B;15:00:00;3028
26/06/2023;A;15:00:00;35271
26/06/2023;B;15:00:00;4822
27/06/2023;A;15:00:00;35844
27/06/2023;B;15:00:00;4987
28/06/2023;A;15:00:00;35628
28/06/2023;B;15:00:00;5093
29/06/2023;A;15:00:00;35856
29/06/2023;B;15:00:00;5157
30/06/2023;A;15:00:00;41077
30/06/2023;B;15:00:00;5492
7/01/2023;A;15:00:00;38327
7/01/2023;B;15:00:00;5177
7/02/2023;A;15:00:00;21760
7/02/2023;B;15:00:00;3471
7/03/2023;A;15:00:00;18733
7/03/2023;B;15:00:00;3196
7/04/2023;A;15:00:00;37659
7/04/2023;B;15:00:00;5446
7/05/2023;A;15:00:00;37607
7/05/2023;B;15:00:00;5137
7/06/2023;A;15:00:00;37483
7/06/2023;B;15:00:00;5107
7/07/2023;A;15:00:00;39710
7/07/2023;B;15:00:00;5524
7/08/2023;A;15:00:00;37185
7/08/2023;B;15:00:00;5233
7/09/2023;A;15:00:00;18027
7/09/2023;B;15:00:00;3008
7/10/2023;A;15:00:00;34738
7/10/2023;B;15:00:00;5056
7/11/2023;A;15:00:00;35398
7/11/2023;B;15:00:00;4940
7/12/2023;A;15:00:00;35958
7/12/2023;B;15:00:00;4820
13/07/2023;A;15:00:00;35398
13/07/2023;B;15:00:00;4933
14/07/2023;A;15:00:00;40934
14/07/2023;B;15:00:00;5514
15/07/2023;A;15:00:00;38829
15/07/2023;B;15:00:00;5617
16/07/2023;A;15:00:00;18631
16/07/2023;B;15:00:00;3248
17/07/2023;A;15:00:00;35466
17/07/2023;B;15:00:00;4999
18/07/2023;A;15:00:00;35792
18/07/2023;B;15:00:00;4842
19/07/2023;A;15:00:00;37689
19/07/2023;B;15:00:00;5271
20/07/2023;A;15:00:00;19888
20/07/2023;B;15:00:00;3395
21/07/2023;A;15:00:00;40382
21/07/2023;B;15:00:00;5558
22/07/2023;A;15:00:00;34405
22/07/2023;B;15:00:00;5174
23/07/2023;A;15:00:00;17041
23/07/2023;B;15:00:00;2833
24/07/2023;A;15:00:00;35468
24/07/2023;B;15:00:00;4947
25/07/2023;A;15:00:00;35865
25/07/2023;B;15:00:00;5119
26/07/2023;A;15:00:00;35717
26/07/2023;B;15:00:00;5170
27/07/2023;A;15:00:00;35360
27/07/2023;B;15:00:00;5184
28/07/2023;A;15:00:00;42683
28/07/2023;B;15:00:00;5977
29/07/2023;A;15:00:00;38141
29/07/2023;B;15:00:00;5761
30/07/2023;A;15:00:00;18612
30/07/2023;B;15:00:00;3320
31/07/2023;A;15:00:00;36442
31/07/2023;B;15:00:00;5117
8/01/2023;A;15:00:00;38354
8/01/2023;B;15:00:00;5560
8/02/2023;A;15:00:00;38478
8/02/2023;B;15:00:00;5577
8/03/2023;A;15:00:00;38688
8/03/2023;B;15:00:00;5602
8/04/2023;A;15:00:00;45062
8/04/2023;B;15:00:00;6311
8/05/2023;A;15:00:00;45714
8/05/2023;B;15:00:00;6469
8/06/2023;A;15:00:00;23771
8/06/2023;B;15:00:00;4392
8/07/2023;A;15:00:00;24807
8/07/2023;B;15:00:00;3825
8/08/2023;A;15:00:00;38708
8/08/2023;B;15:00:00;5882
8/09/2023;A;15:00:00;44195
8/09/2023;B;15:00:00;6233
8/10/2023;A;15:00:00;38177
8/10/2023;B;15:00:00;5943
8/11/2023;A;15:00:00;44164
8/11/2023;B;15:00:00;6267
8/12/2023;A;15:00:00;35346
8/12/2023;B;15:00:00;5223
13/08/2023;A;15:00:00;16990
13/08/2023;B;15:00:00;2994
14/08/2023;A;15:00:00;37159
14/08/2023;B;15:00:00;5473
15/08/2023;A;15:00:00;39430
15/08/2023;B;15:00:00;5553
16/08/2023;A;15:00:00;38862
16/08/2023;B;15:00:00;5463
17/08/2023;A;15:00:00;38181
17/08/2023;B;15:00:00;5882
18/08/2023;A;15:00:00;46173
18/08/2023;B;15:00:00;6221
19/08/2023;A;15:00:00;36308
19/08/2023;B;15:00:00;5305
20/08/2023;A;15:00:00;18438
20/08/2023;B;15:00:00;2977
21/08/2023;A;15:00:00;17525
21/08/2023;B;15:00:00;2789
22/08/2023;A;15:00:00;37573
22/08/2023;B;15:00:00;5676
23/08/2023;A;15:00:00;37390
23/08/2023;B;15:00:00;5711
24/08/2023;A;15:00:00;37168
24/08/2023;B;15:00:00;5464
25/08/2023;A;15:00:00;43055
25/08/2023;B;15:00:00;6170
26/08/2023;A;15:00:00;35018
26/08/2023;B;15:00:00;5382
27/08/2023;A;15:00:00;17113
27/08/2023;B;15:00:00;2765
28/08/2023;A;15:00:00;38550
28/08/2023;B;15:00:00;5427
29/08/2023;A;15:00:00;36630
29/08/2023;B;15:00:00;5285
30/08/2023;A;15:00:00;37286
30/08/2023;B;15:00:00;5381
31/08/2023;A;15:00:00;37199
31/08/2023;B;15:00:00;5394
9/01/2023;A;15:00:00;43917
9/01/2023;B;15:00:00;5912
9/02/2023;A;15:00:00;36809
9/02/2023;B;15:00:00;5537
9/03/2023;A;15:00:00;18596
9/03/2023;B;15:00:00;3070
9/04/2023;A;15:00:00;37159
9/04/2023;B;15:00:00;5273
9/05/2023;A;15:00:00;37972
9/05/2023;B;15:00:00;5528
9/06/2023;A;15:00:00;37699
9/06/2023;B;15:00:00;5386
9/07/2023;A;15:00:00;38630
9/07/2023;B;15:00:00;5466
9/08/2023;A;15:00:00;43180
9/08/2023;B;15:00:00;5915
9/09/2023;A;15:00:00;36912
9/09/2023;B;15:00:00;5651
9/10/2023;A;15:00:00;18199
9/10/2023;B;15:00:00;3032
9/11/2023;A;15:00:00;37216
9/11/2023;B;15:00:00;5226
9/12/2023;A;15:00:00;37172
9/12/2023;B;15:00:00;5374
13/09/2023;A;15:00:00;37904
13/09/2023;B;15:00:00;5566
14/09/2023;A;15:00:00;37414
14/09/2023;B;15:00:00;5743
15/09/2023;A;15:00:00;44772
15/09/2023;B;15:00:00;6127
16/09/2023;A;15:00:00;39789
16/09/2023;B;15:00:00;5784
17/09/2023;A;15:00:00;19610
17/09/2023;B;15:00:00;3208
18/09/2023;A;15:00:00;36390
18/09/2023;B;15:00:00;5297
19/09/2023;A;15:00:00;36830
19/09/2023;B;15:00:00;5500
20/09/2023;A;15:00:00;37347
20/09/2023;B;15:00:00;5466
21/09/2023;A;15:00:00;36562
21/09/2023;B;15:00:00;5512
22/09/2023;A;15:00:00;44698
22/09/2023;B;15:00:00;6099
23/09/2023;A;15:00:00;35504
23/09/2023;B;15:00:00;5416
24/09/2023;A;15:00:00;17706
24/09/2023;B;15:00:00;3065
25/09/2023;A;15:00:00;35884
25/09/2023;B;15:00:00;5132
26/09/2023;A;15:00:00;37167
26/09/2023;B;15:00:00;5533
27/09/2023;A;15:00:00;37853
27/09/2023;B;15:00:00;5430
28/09/2023;A;15:00:00;36487
28/09/2023;B;15:00:00;5285
29/09/2023;A;15:00:00;42970
29/09/2023;B;15:00:00;5909
30/09/2023;A;15:00:00;38089
30/09/2023;B;15:00:00;5342
10/01/2023;A;15:00:00;18853
10/01/2023;B;15:00:00;2968
10/02/2023;A;15:00:00;37186
10/02/2023;B;15:00:00;5399
10/03/2023;A;15:00:00;37124
10/03/2023;B;15:00:00;5229
10/04/2023;A;15:00:00;36942
10/04/2023;B;15:00:00;5166
10/05/2023;A;15:00:00;37509
10/05/2023;B;15:00:00;5361
10/06/2023;A;15:00:00;43545
10/06/2023;B;15:00:00;6067
10/07/2023;A;15:00:00;39286
10/07/2023;B;15:00:00;5545
10/08/2023;A;15:00:00;18431
10/08/2023;B;15:00:00;2975
10/09/2023;A;15:00:00;37060
10/09/2023;B;15:00:00;5298
10/10/2023;A;15:00:00;37614
10/10/2023;B;15:00:00;5713
10/11/2023;A;15:00:00;38617
10/11/2023;B;15:00:00;5509
10/12/2023;A;15:00:00;39437
10/12/2023;B;15:00:00;5485
13/10/2023;A;15:00:00;43466
13/10/2023;B;15:00:00;5962
14/10/2023;A;15:00:00;37539
14/10/2023;B;15:00:00;5027
15/10/2023;A;15:00:00;18597
15/10/2023;B;15:00:00;3024
16/10/2023;A;15:00:00;18212
16/10/2023;B;15:00:00;2707
17/10/2023;A;15:00:00;38029
17/10/2023;B;15:00:00;5435
18/10/2023;A;15:00:00;37915
18/10/2023;B;15:00:00;5484
19/10/2023;A;15:00:00;36850
19/10/2023;B;15:00:00;5535
20/10/2023;A;15:00:00;43836
20/10/2023;B;15:00:00;6059
21/10/2023;A;15:00:00;37235
21/10/2023;B;15:00:00;5344
22/10/2023;A;15:00:00;18211
22/10/2023;B;15:00:00;3077
23/10/2023;A;15:00:00;37721
23/10/2023;B;15:00:00;5366
24/10/2023;A;15:00:00;36927
24/10/2023;B;15:00:00;5264
25/10/2023;A;15:00:00;36848
25/10/2023;B;15:00:00;5365
26/10/2023;A;15:00:00;37200
26/10/2023;B;15:00:00;5437
27/10/2023;A;15:00:00;42878
27/10/2023;B;15:00:00;5748
28/10/2023;A;15:00:00;36155
28/10/2023;B;15:00:00;5154
29/10/2023;A;15:00:00;12
29/10/2023;B;15:00:00;
30/10/2023;A;15:00:00;36558
30/10/2023;B;15:00:00;5022
31/10/2023;A;15:00:00;46189
31/10/2023;B;15:00:00;6220
11/01/2023;A;15:00:00;37931
11/01/2023;B;15:00:00;5330
11/02/2023;A;15:00:00;38615
11/02/2023;B;15:00:00;5691
11/03/2023;A;15:00:00;46259
11/03/2023;B;15:00:00;6537
11/04/2023;A;15:00:00;43127
11/04/2023;B;15:00:00;7138
11/05/2023;A;15:00:00;22491
11/05/2023;B;15:00:00;4835
11/06/2023;A;15:00:00;19874
11/06/2023;B;15:00:00;3339
11/07/2023;A;15:00:00;38233
11/07/2023;B;15:00:00;6001
11/08/2023;A;15:00:00;38309
11/08/2023;B;15:00:00;4610
11/09/2023;A;15:00:00;38506
11/09/2023;B;15:00:00;5402
11/10/2023;A;15:00:00;43064
11/10/2023;B;15:00:00;6043
11/11/2023;A;15:00:00;39029
11/11/2023;B;15:00:00;5599
11/12/2023;A;15:00:00;19516
11/12/2023;B;15:00:00;3350
13/11/2023;A;15:00:00;17708
13/11/2023;B;15:00:00;2852
14/11/2023;A;15:00:00;37679
14/11/2023;B;15:00:00;5023
15/11/2023;A;15:00:00;37285
15/11/2023;B;15:00:00;5012
16/11/2023;A;15:00:00;38453
16/11/2023;B;15:00:00;5608
17/11/2023;A;15:00:00;43999
17/11/2023;B;15:00:00;6026
18/11/2023;A;15:00:00;40625
18/11/2023;B;15:00:00;5515
19/11/2023;A;15:00:00;20416
19/11/2023;B;15:00:00;3275
20/11/2023;A;15:00:00;38102
20/11/2023;B;15:00:00;5505
21/11/2023;A;15:00:00;40023
21/11/2023;B;15:00:00;5316
22/11/2023;A;15:00:00;37687
22/11/2023;B;15:00:00;5211
23/11/2023;A;15:00:00;38535
23/11/2023;B;15:00:00;5388
24/11/2023;A;15:00:00;43842
24/11/2023;B;15:00:00;6300
25/11/2023;A;15:00:00;39984
25/11/2023;B;15:00:00;5723
26/11/2023;A;15:00:00;20207
26/11/2023;B;15:00:00;3140
27/11/2023;A;15:00:00;36765
27/11/2023;B;15:00:00;5229
28/11/2023;A;15:00:00;37783
28/11/2023;B;15:00:00;5257
29/11/2023;A;15:00:00;37346
29/11/2023;B;15:00:00;5256
30/11/2023;A;15:00:00;39315
30/11/2023;B;15:00:00;5349
12/01/2023;A;15:00:00;45819
12/01/2023;B;15:00:00;6187
12/02/2023;A;15:00:00;42377
12/02/2023;B;15:00:00;5828
12/03/2023;A;15:00:00;21650
12/03/2023;B;15:00:00;3306
12/04/2023;A;15:00:00;38948
12/04/2023;B;15:00:00;5336
12/05/2023;A;15:00:00;39162
12/05/2023;B;15:00:00;5312
12/06/2023;A;15:00:00;39715
12/06/2023;B;15:00:00;5436
12/07/2023;A;15:00:00;49423
12/07/2023;B;15:00:00;6236
12/08/2023;A;15:00:00;23869
12/08/2023;B;15:00:00;3937
12/09/2023;A;15:00:00;38369
12/09/2023;B;15:00:00;5712
12/10/2023;A;15:00:00;21987
12/10/2023;B;15:00:00;3254
12/11/2023;A;15:00:00;39643
12/11/2023;B;15:00:00;5202
12/12/2023;A;15:00:00;38585
12/12/2023;B;15:00:00;5047
13/12/2023;A;15:00:00;40044
13/12/2023;B;15:00:00;5393
14/12/2023;A;15:00:00;76842
14/12/2023;B;15:00:00;10716
15/12/2023;A;15:00:00;45252
15/12/2023;B;15:00:00;5646
16/12/2023;A;15:00:00;47679
16/12/2023;B;15:00:00;6123
17/12/2023;A;15:00:00;27481
17/12/2023;B;15:00:00;3879
18/12/2023;A;15:00:00;40613
18/12/2023;B;15:00:00;5355
19/12/2023;A;15:00:00;40529
19/12/2023;B;15:00:00;5539
20/12/2023;A;15:00:00;41806
20/12/2023;B;15:00:00;5424
21/12/2023;A;15:00:00;43846
21/12/2023;B;15:00:00;5604
22/12/2023;A;15:00:00;48773
22/12/2023;B;15:00:00;5982
23/12/2023;A;15:00:00;41703
23/12/2023;B;15:00:00;5436
24/12/2023;A;15:00:00;20493
24/12/2023;B;15:00:00;3083
25/12/2023;A;15:00:00;12712
25/12/2023;B;15:00:00;2130
26/12/2023;A;15:00:00;33237
26/12/2023;B;15:00:00;4722
27/12/2023;A;15:00:00;36401
27/12/2023;B;15:00:00;4961
28/12/2023;A;15:00:00;35877
28/12/2023;B;15:00:00;5110
29/12/2023;A;15:00:00;41399
29/12/2023;B;15:00:00;5558
30/12/2023;A;15:00:00;30904
30/12/2023;B;15:00:00;4471
31/12/2023;A;15:00:00;17789
31/12/2023;B;15:00:00;3090
1/01/2024;A;15:00:00;10666
1/01/2024;B;15:00:00;1956
2/01/2024;A;15:00:00;27907
2/01/2024;B;15:00:00;4152
3/01/2024;A;15:00:00;29130
3/01/2024;B;15:00:00;4441
4/01/2024;A;15:00:00;29483
4/01/2024;B;15:00:00;4467
5/01/2024;A;15:00:00;33122
5/01/2024;B;15:00:00;5036
6/01/2024;A;15:00:00;29172
6/01/2024;B;15:00:00;4599
7/01/2024;A;15:00:00;16103
7/01/2024;B;15:00:00;3305
8/01/2024;A;15:00:00;16108
8/01/2024;B;15:00:00;2989
9/01/2024;A;15:00:00;32122
9/01/2024;B;15:00:00;4687
10/01/2024;A;15:00:00;31360
10/01/2024;B;15:00:00;4413
11/01/2024;A;15:00:00;31574
11/01/2024;B;15:00:00;4571
12/01/2024;A;15:00:00;35927
12/01/2024;B;15:00:00;4894
13/01/2024;A;15:00:00;32382
13/01/2024;B;15:00:00;4734
14/01/2024;A;15:00:00;15780
14/01/2024;B;15:00:00;2830
15/01/2024;A;15:00:00;34325
15/01/2024;B;15:00:00;4638
16/01/2024;A;15:00:00;34769
16/01/2024;B;15:00:00;4702
17/01/2024;A;15:00:00;34398
17/01/2024;B;15:00:00;4853
18/01/2024;A;15:00:00;34491
18/01/2024;B;15:00:00;4707
19/01/2024;A;15:00:00;40073
19/01/2024;B;15:00:00;5395
20/01/2024;A;15:00:00;34155
20/01/2024;B;15:00:00;4888
21/01/2024;A;15:00:00;16809
21/01/2024;B;15:00:00;2922
22/01/2024;A;15:00:00;34637
22/01/2024;B;15:00:00;4763
23/01/2024;A;15:00:00;33864
23/01/2024;B;15:00:00;4656
24/01/2024;A;15:00:00;33970
24/01/2024;B;15:00:00;4651
25/01/2024;A;15:00:00;34114
25/01/2024;B;15:00:00;4877
26/01/2024;A;15:00:00;40667
26/01/2024;B;15:00:00;5317
27/01/2024;A;15:00:00;33417
27/01/2024;B;15:00:00;4676
28/01/2024;A;15:00:00;16264
28/01/2024;B;15:00:00;2502
29/01/2024;A;15:00:00;33989
29/01/2024;B;15:00:00;4754
30/01/2024;A;15:00:00;34643
30/01/2024;B;15:00:00;4911
31/01/2024;A;15:00:00;35723
31/01/2024;B;15:00:00;4931
1/02/2024;A;15:00:00;35521
1/02/2024;B;15:00:00;5143
2/02/2024;A;15:00:00;42059
2/02/2024;B;15:00:00;5635
3/02/2024;A;15:00:00;36377
3/02/2024;B;15:00:00;5152
4/02/2024;A;15:00:00;16993
4/02/2024;B;15:00:00;3033
5/02/2024;A;15:00:00;37165
5/02/2024;B;15:00:00;5569
6/02/2024;A;15:00:00;37786
6/02/2024;B;15:00:00;5626
7/02/2024;A;15:00:00;37355
7/02/2024;B;15:00:00;5464
8/02/2024;A;15:00:00;37046
8/02/2024;B;15:00:00;5603
9/02/2024;A;15:00:00;42612
9/02/2024;B;15:00:00;5931
10/02/2024;A;15:00:00;34922
10/02/2024;B;15:00:00;5258
11/02/2024;A;15:00:00;16855
11/02/2024;B;15:00:00;2680
12/02/2024;A;15:00:00;35334
12/02/2024;B;15:00:00;5517
13/02/2024;A;15:00:00;36427
13/02/2024;B;15:00:00;5554
14/02/2024;A;15:00:00;36276
14/02/2024;B;15:00:00;5408
15/02/2024;A;15:00:00;36954
15/02/2024;B;15:00:00;5615
16/02/2024;A;15:00:00;43965
16/02/2024;B;15:00:00;6092
17/02/2024;A;15:00:00;37290
17/02/2024;B;15:00:00;5329
18/02/2024;A;15:00:00;16577
18/02/2024;B;15:00:00;2872
19/02/2024;A;15:00:00;36733
19/02/2024;B;15:00:00;5465
20/02/2024;A;15:00:00;36469
20/02/2024;B;15:00:00;5268
21/02/2024;A;15:00:00;36552
21/02/2024;B;15:00:00;5514
22/02/2024;A;15:00:00;36894
22/02/2024;B;15:00:00;5433
23/02/2024;A;15:00:00;43134
23/02/2024;B;15:00:00;5917
24/02/2024;A;15:00:00;35029
24/02/2024;B;15:00:00;5070
25/02/2024;A;15:00:00;16282
25/02/2024;B;15:00:00;2706
26/02/2024;A;15:00:00;36180
26/02/2024;B;15:00:00;5310
27/02/2024;A;15:00:00;36477
27/02/2024;B;15:00:00;5241
28/02/2024;A;15:00:00;35597
28/02/2024;B;15:00:00;5259
29/02/2024;A;15:00:00;36971
29/02/2024;B;15:00:00;5598
1/03/2024;A;15:00:00;42635
1/03/2024;B;15:00:00;5677
2/03/2024;A;15:00:00;37459
2/03/2024;B;15:00:00;5220
3/03/2024;A;15:00:00;17631
3/03/2024;B;15:00:00;2857
4/03/2024;A;15:00:00;36418
4/03/2024;B;15:00:00;5307
5/03/2024;A;15:00:00;37279
5/03/2024;B;15:00:00;5352
6/03/2024;A;15:00:00;36038
6/03/2024;B;15:00:00;5346
7/03/2024;A;15:00:00;36034
7/03/2024;B;15:00:00;5235
8/03/2024;A;15:00:00;42863
8/03/2024;B;15:00:00;5744
9/03/2024;A;15:00:00;41021
9/03/2024;B;15:00:00;6026
10/03/2024;A;15:00:00;16329
10/03/2024;B;15:00:00;2617
11/03/2024;A;15:00:00;35377
11/03/2024;B;15:00:00;5087
12/03/2024;A;15:00:00;35683
12/03/2024;B;15:00:00;5166
13/03/2024;A;15:00:00;36229
13/03/2024;B;15:00:00;5236
14/03/2024;A;15:00:00;35441
14/03/2024;B;15:00:00;5163
15/03/2024;A;15:00:00;43804
15/03/2024;B;15:00:00;6000
16/03/2024;A;15:00:00;38361
16/03/2024;B;15:00:00;5218
17/03/2024;A;15:00:00;17489
17/03/2024;B;15:00:00;2843
18/03/2024;A;15:00:00;35648
18/03/2024;B;15:00:00;5250
19/03/2024;A;15:00:00;35996
19/03/2024;B;15:00:00;5172
20/03/2024;A;15:00:00;36417
20/03/2024;B;15:00:00;5238
21/03/2024;A;15:00:00;36184
21/03/2024;B;15:00:00;5254
22/03/2024;A;15:00:00;42576
22/03/2024;B;15:00:00;5841
23/03/2024;A;15:00:00;35824
23/03/2024;B;15:00:00;4944
24/03/2024;A;15:00:00;17121
24/03/2024;B;15:00:00;3095
25/03/2024;A;15:00:00;16875
25/03/2024;B;15:00:00;3036
26/03/2024;A;15:00:00;30773
26/03/2024;B;15:00:00;4599
27/03/2024;A;15:00:00;33970
27/03/2024;B;15:00:00;4823
28/03/2024;A;15:00:00;15009
28/03/2024;B;15:00:00;2862
29/03/2024;A;15:00:00;11891
29/03/2024;B;15:00:00;2546
30/03/2024;A;15:00:00;24269
30/03/2024;B;15:00:00;3555
31/03/2024;A;15:00:00;15657
31/03/2024;B;15:00:00;2125
1/04/2024;A;15:00:00;36209
1/04/2024;B;15:00:00;4696
2/04/2024;A;15:00:00;37338
2/04/2024;B;15:00:00;5180
3/04/2024;A;15:00:00;36121
3/04/2024;B;15:00:00;4930
4/04/2024;A;15:00:00;34447
4/04/2024;B;15:00:00;4800
5/04/2024;A;15:00:00;42245
5/04/2024;B;15:00:00;5694
6/04/2024;A;15:00:00;34708
6/04/2024;B;15:00:00;5105
7/04/2024;A;15:00:00;16087
7/04/2024;B;15:00:00;2676
8/04/2024;A;15:00:00;34866
8/04/2024;B;15:00:00;5060
9/04/2024;A;15:00:00;35785
9/04/2024;B;15:00:00;5044
10/04/2024;A;15:00:00;35769
10/04/2024;B;15:00:00;5022
11/04/2024;A;15:00:00;35320
11/04/2024;B;15:00:00;5282
12/04/2024;A;15:00:00;40949
12/04/2024;B;15:00:00;5598
13/04/2024;A;15:00:00;34061
13/04/2024;B;15:00:00;4914
14/04/2024;A;15:00:00;16469
14/04/2024;B;15:00:00;2974
15/04/2024;A;15:00:00;36630
15/04/2024;B;15:00:00;5225
16/04/2024;A;15:00:00;36681
16/04/2024;B;15:00:00;5129
17/04/2024;A;15:00:00;36457
17/04/2024;B;15:00:00;5198
18/04/2024;A;15:00:00;37099
18/04/2024;B;15:00:00;5540
19/04/2024;A;15:00:00;43487
19/04/2024;B;15:00:00;5828
20/04/2024;A;15:00:00;35859
20/04/2024;B;15:00:00;5057
21/04/2024;A;15:00:00;17668
21/04/2024;B;15:00:00;2673
22/04/2024;A;15:00:00;36295
22/04/2024;B;15:00:00;5056
23/04/2024;A;15:00:00;36299
23/04/2024;B;15:00:00;5850
24/04/2024;A;15:00:00;37345
24/04/2024;B;15:00:00;5371
25/04/2024;A;15:00:00;36298
25/04/2024;B;15:00:00;5263
26/04/2024;A;15:00:00;42450
26/04/2024;B;15:00:00;5699
27/04/2024;A;15:00:00;34096
27/04/2024;B;15:00:00;5198
28/04/2024;A;15:00:00;16394
28/04/2024;B;15:00:00;2654
29/04/2024;A;15:00:00;35868
29/04/2024;B;15:00:00;5129
30/04/2024;A;15:00:00;38013
30/04/2024;B;15:00:00;5316
1/05/2024;A;15:00:00;18180
1/05/2024;B;15:00:00;2750
2/05/2024;A;15:00:00;38297
2/05/2024;B;15:00:00;5435
3/05/2024;A;15:00:00;43216
3/05/2024;B;15:00:00;6034
4/05/2024;A;15:00:00;38202
4/05/2024;B;15:00:00;5454
5/05/2024;A;15:00:00;17267
5/05/2024;B;15:00:00;2945
6/05/2024;A;15:00:00;37683
6/05/2024;B;15:00:00;5456
7/05/2024;A;15:00:00;37255
7/05/2024;B;15:00:00;5314
8/05/2024;A;15:00:00;36102
8/05/2024;B;15:00:00;4858
9/05/2024;A;15:00:00;36215
9/05/2024;B;15:00:00;5267
10/05/2024;A;15:00:00;44697
10/05/2024;B;15:00:00;6005
11/05/2024;A;15:00:00;37188
11/05/2024;B;15:00:00;5302
12/05/2024;A;15:00:00;15414
12/05/2024;B;15:00:00;2512
13/05/2024;A;15:00:00;16239
13/05/2024;B;15:00:00;2669
14/05/2024;A;15:00:00;33460
14/05/2024;B;15:00:00;4246
15/05/2024;A;15:00:00;37027
15/05/2024;B;15:00:00;5263
16/05/2024;A;15:00:00;37267
16/05/2024;B;15:00:00;5465
17/05/2024;A;15:00:00;43115
17/05/2024;B;15:00:00;5903
18/05/2024;A;15:00:00;35938
18/05/2024;B;15:00:00;5384
19/05/2024;A;15:00:00;17255
19/05/2024;B;15:00:00;2849
20/05/2024;A;15:00:00;34074
20/05/2024;B;15:00:00;4160
21/05/2024;A;15:00:00;36216
21/05/2024;B;15:00:00;5190
22/05/2024;A;15:00:00;36130
22/05/2024;B;15:00:00;5296
23/05/2024;A;15:00:00;34861
23/05/2024;B;15:00:00;5061
24/05/2024;A;15:00:00;42005
24/05/2024;B;15:00:00;5809
25/05/2024;A;15:00:00;35077
25/05/2024;B;15:00:00;4922
26/05/2024;A;15:00:00;16219
26/05/2024;B;15:00:00;2896
27/05/2024;A;15:00:00;35175
27/05/2024;B;15:00:00;5197
28/05/2024;A;15:00:00;34917
28/05/2024;B;15:00:00;5022
29/05/2024;A;15:00:00;38403
29/05/2024;B;15:00:00;5192
30/05/2024;A;15:00:00;35770
30/05/2024;B;15:00:00;4844
31/05/2024;A;15:00:00;43341
31/05/2024;B;15:00:00;5847
1/06/2024;A;15:00:00;34335
1/06/2024;B;15:00:00;5008
2/06/2024;A;15:00:00;17107
2/06/2024;B;15:00:00;2908
3/06/2024;A;15:00:00;16049
3/06/2024;B;15:00:00;2724
4/06/2024;A;15:00:00;37600
4/06/2024;B;15:00:00;5276
5/06/2024;A;15:00:00;36189
5/06/2024;B;15:00:00;4952
6/06/2024;A;15:00:00;36142
6/06/2024;B;15:00:00;5012
7/06/2024;A;15:00:00;42554
7/06/2024;B;15:00:00;5863
8/06/2024;A;15:00:00;34859
8/06/2024;B;15:00:00;4867
9/06/2024;A;15:00:00;16396
9/06/2024;B;15:00:00;2986
10/06/2024;A;15:00:00;16216
10/06/2024;B;15:00:00;2492
11/06/2024;A;15:00:00;35880
11/06/2024;B;15:00:00;4834
12/06/2024;A;15:00:00;35547
12/06/2024;B;15:00:00;5013
13/06/2024;A;15:00:00;34737
13/06/2024;B;15:00:00;4329
14/06/2024;A;15:00:00;41078
14/06/2024;B;15:00:00;5397
15/06/2024;A;15:00:00;40783
15/06/2024;B;15:00:00;5761
16/06/2024;A;15:00:00;17639
16/06/2024;B;15:00:00;2942
17/06/2024;A;15:00:00;35533
17/06/2024;B;15:00:00;4972
18/06/2024;A;15:00:00;36535
18/06/2024;B;15:00:00;5486
19/06/2024;A;15:00:00;38568
19/06/2024;B;15:00:00;5279
20/06/2024;A;15:00:00;35540
20/06/2024;B;15:00:00;5110
21/06/2024;A;15:00:00;41088
21/06/2024;B;15:00:00;5544
22/06/2024;A;15:00:00;36328
22/06/2024;B;15:00:00;5301
23/06/2024;A;15:00:00;17744
23/06/2024;B;15:00:00;3251
24/06/2024;A;15:00:00;36151
24/06/2024;B;15:00:00;5078
25/06/2024;A;15:00:00;35341
25/06/2024;B;15:00:00;4796
26/06/2024;A;15:00:00;35169
26/06/2024;B;15:00:00;4796
27/06/2024;A;15:00:00;35303
27/06/2024;B;15:00:00;4644
28/06/2024;A;15:00:00;44445
28/06/2024;B;15:00:00;5952
29/06/2024;A;15:00:00;37356
29/06/2024;B;15:00:00;5432
30/06/2024;A;15:00:00;21120
30/06/2024;B;15:00:00;3932
1/07/2024;A;15:00:00;19654
1/07/2024;B;15:00:00;3042
2/07/2024;A;15:00:00;36409
2/07/2024;B;15:00:00;4764
3/07/2024;A;15:00:00;35914
3/07/2024;B;15:00:00;5004
4/07/2024;A;15:00:00;36241
4/07/2024;B;15:00:00;5312
5/07/2024;A;15:00:00;40829
5/07/2024;B;15:00:00;5112
6/07/2024;A;15:00:00;41054
6/07/2024;B;15:00:00;5281
7/07/2024;A;15:00:00;17294
7/07/2024;B;15:00:00;2948
8/07/2024;A;15:00:00;35022
8/07/2024;B;15:00:00;4786
9/07/2024;A;15:00:00;34780
9/07/2024;B;15:00:00;4744
10/07/2024;A;15:00:00;35324
10/07/2024;B;15:00:00;4959
11/07/2024;A;15:00:00;35406
11/07/2024;B;15:00:00;4791
12/07/2024;A;15:00:00;41549
12/07/2024;B;15:00:00;5408
13/07/2024;A;15:00:00;37066
13/07/2024;B;15:00:00;5113
14/07/2024;A;15:00:00;17819
14/07/2024;B;15:00:00;2898
15/07/2024;A;15:00:00;33820
15/07/2024;B;15:00:00;4936
16/07/2024;A;15:00:00;34107
16/07/2024;B;15:00:00;4995
17/07/2024;A;15:00:00;36414
17/07/2024;B;15:00:00;4888
18/07/2024;A;15:00:00;36312
18/07/2024;B;15:00:00;5001
19/07/2024;A;15:00:00;43965
19/07/2024;B;15:00:00;5811
20/07/2024;A;15:00:00;23242
20/07/2024;B;15:00:00;3809
21/07/2024;A;15:00:00;18338
21/07/2024;B;15:00:00;2920
22/07/2024;A;15:00:00;35660
22/07/2024;B;15:00:00;5110
23/07/2024;A;15:00:00;35968
23/07/2024;B;15:00:00;5170
24/07/2024;A;15:00:00;35745
24/07/2024;B;15:00:00;5250
25/07/2024;A;15:00:00;35463
25/07/2024;B;15:00:00;5262
26/07/2024;A;15:00:00;43656
26/07/2024;B;15:00:00;5893
27/07/2024;A;15:00:00;34283
27/07/2024;B;15:00:00;5205
28/07/2024;A;15:00:00;16272
28/07/2024;B;15:00:00;2620
29/07/2024;A;15:00:00;34195
29/07/2024;B;15:00:00;4954
30/07/2024;A;15:00:00;35699
30/07/2024;B;15:00:00;5045
31/07/2024;A;15:00:00;35740
31/07/2024;B;15:00:00;5342
1/08/2024;A;15:00:00;36955
1/08/2024;B;15:00:00;5646
2/08/2024;A;15:00:00;44164
2/08/2024;B;15:00:00;6309
3/08/2024;A;15:00:00;37175
3/08/2024;B;15:00:00;5554
4/08/2024;A;15:00:00;18538
4/08/2024;B;15:00:00;3320
5/08/2024;A;15:00:00;38512
5/08/2024;B;15:00:00;5900
6/08/2024;A;15:00:00;39225
6/08/2024;B;15:00:00;5825
7/08/2024;A;15:00:00;21296
7/08/2024;B;15:00:00;3542
8/08/2024;A;15:00:00;39244
8/08/2024;B;15:00:00;5979
9/08/2024;A;15:00:00;45949
9/08/2024;B;15:00:00;6499
10/08/2024;A;15:00:00;45309
10/08/2024;B;15:00:00;6220
11/08/2024;A;15:00:00;16701
11/08/2024;B;15:00:00;2956
12/08/2024;A;15:00:00;37271
12/08/2024;B;15:00:00;5580
13/08/2024;A;15:00:00;36930
13/08/2024;B;15:00:00;5463
14/08/2024;A;15:00:00;37380
14/08/2024;B;15:00:00;5473
15/08/2024;A;15:00:00;37975
15/08/2024;B;15:00:00;5343
16/08/2024;A;15:00:00;46180
16/08/2024;B;15:00:00;6507
17/08/2024;A;15:00:00;36856
17/08/2024;B;15:00:00;5553
18/08/2024;A;15:00:00;17576
18/08/2024;B;15:00:00;3214
19/08/2024;A;15:00:00;17421
19/08/2024;B;15:00:00;2555
20/08/2024;A;15:00:00;38253
20/08/2024;B;15:00:00;5444
21/08/2024;A;15:00:00;37746
21/08/2024;B;15:00:00;5397
22/08/2024;A;15:00:00;37457
22/08/2024;B;15:00:00;5460
23/08/2024;A;15:00:00;43941
23/08/2024;B;15:00:00;6044
24/08/2024;A;15:00:00;35244
24/08/2024;B;15:00:00;4915
25/08/2024;A;15:00:00;16413
25/08/2024;B;15:00:00;2684
26/08/2024;A;15:00:00;36172
26/08/2024;B;15:00:00;5145
27/08/2024;A;15:00:00;36624
27/08/2024;B;15:00:00;5200
28/08/2024;A;15:00:00;36355
28/08/2024;B;15:00:00;5075
29/08/2024;A;15:00:00;37736
29/08/2024;B;15:00:00;5325
30/08/2024;A;15:00:00;46007
30/08/2024;B;15:00:00;6036
31/08/2024;A;15:00:00;38916
31/08/2024;B;15:00:00;5637
1/09/2024;A;15:00:00;18057
1/09/2024;B;15:00:00;2843
2/09/2024;A;15:00:00;37083
2/09/2024;B;15:00:00;5379
3/09/2024;A;15:00:00;38950
3/09/2024;B;15:00:00;5499
4/09/2024;A;15:00:00;43714
4/09/2024;B;15:00:00;5936
5/09/2024;A;15:00:00;41099
5/09/2024;B;15:00:00;5791
6/09/2024;A;15:00:00;47032
6/09/2024;B;15:00:00;6092
7/09/2024;A;15:00:00;36154
7/09/2024;B;15:00:00;5070
8/09/2024;A;15:00:00;17314
8/09/2024;B;15:00:00;2776
9/09/2024;A;15:00:00;36872
9/09/2024;B;15:00:00;5092
10/09/2024;A;15:00:00;41474
10/09/2024;B;15:00:00;5505
11/09/2024;A;15:00:00;38811
11/09/2024;B;15:00:00;5480
12/09/2024;A;15:00:00;38272
12/09/2024;B;15:00:00;5347
13/09/2024;A;15:00:00;46238
13/09/2024;B;15:00:00;6206
14/09/2024;A;15:00:00;37150
14/09/2024;B;15:00:00;5228
15/09/2024;A;15:00:00;20334
15/09/2024;B;15:00:00;3247
16/09/2024;A;15:00:00;37063
16/09/2024;B;15:00:00;5174
17/09/2024;A;15:00:00;37468
17/09/2024;B;15:00:00;5284
18/09/2024;A;15:00:00;37645
18/09/2024;B;15:00:00;5293
19/09/2024;A;15:00:00;38435
19/09/2024;B;15:00:00;5579
20/09/2024;A;15:00:00;46254
20/09/2024;B;15:00:00;6135
21/09/2024;A;15:00:00;35711
21/09/2024;B;15:00:00;5066
22/09/2024;A;15:00:00;15574
22/09/2024;B;15:00:00;2822
23/09/2024;A;15:00:00;36973
23/09/2024;B;15:00:00;5346
24/09/2024;A;15:00:00;37400
24/09/2024;B;15:00:00;5342
25/09/2024;A;15:00:00;37117
25/09/2024;B;15:00:00;5119
26/09/2024;A;15:00:00;39806
26/09/2024;B;15:00:00;5636
27/09/2024;A;15:00:00;46343
27/09/2024;B;15:00:00;6665
28/09/2024;A;15:00:00;34415
28/09/2024;B;15:00:00;4685
29/09/2024;A;15:00:00;17389
29/09/2024;B;15:00:00;2608
30/09/2024;A;15:00:00;38209
30/09/2024;B;15:00:00;5411
1/10/2024;A;15:00:00;37849
1/10/2024;B;15:00:00;5249
2/10/2024;A;15:00:00;37854
2/10/2024;B;15:00:00;5053
3/10/2024;A;15:00:00;38239
3/10/2024;B;15:00:00;5394
4/10/2024;A;15:00:00;46123
4/10/2024;B;15:00:00;6172
5/10/2024;A;15:00:00;36421
5/10/2024;B;15:00:00;5182
6/10/2024;A;15:00:00;17913
6/10/2024;B;15:00:00;2715
7/10/2024;A;15:00:00;37239
7/10/2024;B;15:00:00;5061
8/10/2024;A;15:00:00;37300
8/10/2024;B;15:00:00;4818
9/10/2024;A;15:00:00;40914
9/10/2024;B;15:00:00;5627
10/10/2024;A;15:00:00;39552
10/10/2024;B;15:00:00;5227
11/10/2024;A;15:00:00;45093
11/10/2024;B;15:00:00;6098
12/10/2024;A;15:00:00;34760
12/10/2024;B;15:00:00;5184
13/10/2024;A;15:00:00;17357
13/10/2024;B;15:00:00;2852
14/10/2024;A;15:00:00;17595
14/10/2024;B;15:00:00;2705
15/10/2024;A;15:00:00;38726
15/10/2024;B;15:00:00;5151
16/10/2024;A;15:00:00;39195
16/10/2024;B;15:00:00;4613
17/10/2024;A;15:00:00;39481
17/10/2024;B;15:00:00;5098
18/10/2024;A;15:00:00;45933
18/10/2024;B;15:00:00;5960
19/10/2024;A;15:00:00;39114
19/10/2024;B;15:00:00;5595
20/10/2024;A;15:00:00;16090
20/10/2024;B;15:00:00;2637
21/10/2024;A;15:00:00;22587
21/10/2024;B;15:00:00;4742
22/10/2024;A;15:00:00;37386
22/10/2024;B;15:00:00;5064
23/10/2024;A;15:00:00;38122
23/10/2024;B;15:00:00;5212
24/10/2024;A;15:00:00;37770
24/10/2024;B;15:00:00;5590
25/10/2024;A;15:00:00;44182
25/10/2024;B;15:00:00;5944
26/10/2024;A;15:00:00;34681
26/10/2024;B;15:00:00;5036
27/10/2024;A;15:00:00;16725
27/10/2024;B;15:00:00;2681
28/10/2024;A;15:00:00;36927
28/10/2024;B;15:00:00;5384
29/10/2024;A;15:00:00;37861
29/10/2024;B;15:00:00;5463
30/10/2024;A;15:00:00;39741
30/10/2024;B;15:00:00;5377
31/10/2024;A;15:00:00;47689
31/10/2024;B;15:00:00;6492
1/01/2019;A;16:00:00;15389
2/01/2019;A;16:00:00;39245
3/01/2019;A;16:00:00;42548
4/01/2019;A;16:00:00;44129
5/01/2019;A;16:00:00;31065
6/01/2019;A;16:00:00;21891
7/01/2019;A;16:00:00;20474
8/01/2019;A;16:00:00;46189
9/01/2019;A;16:00:00;46816
10/01/2019;A;16:00:00;46738
11/01/2019;A;16:00:00;51538
12/01/2019;A;16:00:00;32825
13/01/2019;A;16:00:00;21173
14/01/2019;A;16:00:00;49207
15/01/2019;A;16:00:00;72004
16/01/2019;A;16:00:00;49987
17/01/2019;A;16:00:00;50437
18/01/2019;A;16:00:00;52886
19/01/2019;A;16:00:00;35255
20/01/2019;A;16:00:00;9028
21/01/2019;A;16:00:00;50182
22/01/2019;A;16:00:00;50737
23/01/2019;A;16:00:00;51188
24/01/2019;A;16:00:00;117114
25/01/2019;A;16:00:00;54834
26/01/2019;A;16:00:00;36436
27/01/2019;A;16:00:00;20940
28/01/2019;A;16:00:00;50705
29/01/2019;A;16:00:00;50370
30/01/2019;A;16:00:00;50677
31/01/2019;A;16:00:00;50746
1/02/2019;A;16:00:00;56548
2/02/2019;A;16:00:00;36957
3/02/2019;A;16:00:00;22146
4/02/2019;A;16:00:00;53775
5/02/2019;A;16:00:00;52797
6/02/2019;A;16:00:00;52527
7/02/2019;A;16:00:00;54338
8/02/2019;A;16:00:00;57982
9/02/2019;A;16:00:00;36203
10/02/2019;A;16:00:00;22352
11/02/2019;A;16:00:00;52390
12/02/2019;A;16:00:00;55536
13/02/2019;A;16:00:00;52954
14/02/2019;A;16:00:00;54410
15/02/2019;A;16:00:00;55716
16/02/2019;A;16:00:00;64628
17/02/2019;A;16:00:00;23313
18/02/2019;A;16:00:00;54201
19/02/2019;A;16:00:00;54781
20/02/2019;A;16:00:00;57231
21/02/2019;A;16:00:00;53994
22/02/2019;A;16:00:00;60103
23/02/2019;A;16:00:00;37363
24/02/2019;A;16:00:00;23247
25/02/2019;A;16:00:00;53136
26/02/2019;A;16:00:00;56105
27/02/2019;A;16:00:00;54327
28/02/2019;A;16:00:00;56659
1/03/2019;A;16:00:00;61911
2/03/2019;A;16:00:00;39229
3/03/2019;A;16:00:00;22414
4/03/2019;A;16:00:00;55000
5/03/2019;A;16:00:00;55011
6/03/2019;A;16:00:00;61411
7/03/2019;A;16:00:00;61917
8/03/2019;A;16:00:00;65385
9/03/2019;A;16:00:00;36856
10/03/2019;A;16:00:00;23032
11/03/2019;A;16:00:00;54652
12/03/2019;A;16:00:00;54536
13/03/2019;A;16:00:00;53484
14/03/2019;A;16:00:00;54644
15/03/2019;A;16:00:00;58017
16/03/2019;A;16:00:00;36218
17/03/2019;A;16:00:00;22688
18/03/2019;A;16:00:00;58866
19/03/2019;A;16:00:00;59399
20/03/2019;A;16:00:00;62181
21/03/2019;A;16:00:00;55570
22/03/2019;A;16:00:00;60238
23/03/2019;A;16:00:00;36887
24/03/2019;A;16:00:00;20299
25/03/2019;A;16:00:00;20560
26/03/2019;A;16:00:00;54842
27/03/2019;A;16:00:00;52621
28/03/2019;A;16:00:00;58839
29/03/2019;A;16:00:00;63458
30/03/2019;A;16:00:00;42021
31/03/2019;A;16:00:00;22680
1/04/2019;A;16:00:00;54348
2/04/2019;A;16:00:00;55353
3/04/2019;A;16:00:00;57541
4/04/2019;A;16:00:00;55477
5/04/2019;A;16:00:00;61906
6/04/2019;A;16:00:00;40967
7/04/2019;A;16:00:00;22446
8/04/2019;A;16:00:00;53658
9/04/2019;A;16:00:00;53575
10/04/2019;A;16:00:00;55348
11/04/2019;A;16:00:00;53057
12/04/2019;A;16:00:00;58143
13/04/2019;A;16:00:00;38185
14/04/2019;A;16:00:00;20389
15/04/2019;A;16:00:00;47860
16/04/2019;A;16:00:00;49180
17/04/2019;A;16:00:00;50173
18/04/2019;A;16:00:00;19940
19/04/2019;A;16:00:00;16820
20/04/2019;A;16:00:00;27308
21/04/2019;A;16:00:00;20420
22/04/2019;A;16:00:00;51473
23/04/2019;A;16:00:00;60323
24/04/2019;A;16:00:00;53868
25/04/2019;A;16:00:00;48976
26/04/2019;A;16:00:00;64305
27/04/2019;A;16:00:00;40325
28/04/2019;A;16:00:00;21643
29/04/2019;A;16:00:00;51166
30/04/2019;A;16:00:00;56392
1/05/2019;A;16:00:00;23235
2/05/2019;A;16:00:00;
3/05/2019;A;16:00:00;58722
4/05/2019;A;16:00:00;40970
5/05/2019;A;16:00:00;21925
6/05/2019;A;16:00:00;53067
7/05/2019;A;16:00:00;54248
8/05/2019;A;16:00:00;54297
9/05/2019;A;16:00:00;53094
10/05/2019;A;16:00:00;58793
11/05/2019;A;16:00:00;38754
12/05/2019;A;16:00:00;20484
13/05/2019;A;16:00:00;52600
14/05/2019;A;16:00:00;52689
15/05/2019;A;16:00:00;52877
16/05/2019;A;16:00:00;54034
17/05/2019;A;16:00:00;58338
18/05/2019;A;16:00:00;38401
19/05/2019;A;16:00:00;23854
20/05/2019;A;16:00:00;53905
21/05/2019;A;16:00:00;53664
22/05/2019;A;16:00:00;52808
23/05/2019;A;16:00:00;53486
24/05/2019;A;16:00:00;60203
25/05/2019;A;16:00:00;35247
26/05/2019;A;16:00:00;21846
27/05/2019;A;16:00:00;51512
28/05/2019;A;16:00:00;52249
29/05/2019;A;16:00:00;52059
30/05/2019;A;16:00:00;53167
31/05/2019;A;16:00:00;58599
1/06/2019;A;16:00:00;39601
2/06/2019;A;16:00:00;22266
3/06/2019;A;16:00:00;22145
4/06/2019;A;16:00:00;53487
5/06/2019;A;16:00:00;55562
6/06/2019;A;16:00:00;53557
7/06/2019;A;16:00:00;58394
8/06/2019;A;16:00:00;37657
9/06/2019;A;16:00:00;21684
10/06/2019;A;16:00:00;53179
11/06/2019;A;16:00:00;52912
12/06/2019;A;16:00:00;52196
13/06/2019;A;16:00:00;52240
14/06/2019;A;16:00:00;56331
15/06/2019;A;16:00:00;42802
16/06/2019;A;16:00:00;21817
17/06/2019;A;16:00:00;55656
18/06/2019;A;16:00:00;52242
19/06/2019;A;16:00:00;62860
20/06/2019;A;16:00:00;53107
21/06/2019;A;16:00:00;56361
22/06/2019;A;16:00:00;36915
23/06/2019;A;16:00:00;22281
24/06/2019;A;16:00:00;22287
25/06/2019;A;16:00:00;52586
26/06/2019;A;16:00:00;53713
27/06/2019;A;16:00:00;53040
28/06/2019;A;16:00:00;66225
29/06/2019;A;16:00:00;37231
30/06/2019;A;16:00:00;26355
1/07/2019;A;16:00:00;23408
2/07/2019;A;16:00:00;53422
3/07/2019;A;16:00:00;55184
4/07/2019;A;16:00:00;53911
5/07/2019;A;16:00:00;56920
6/07/2019;A;16:00:00;39167
7/07/2019;A;16:00:00;21094
8/07/2019;A;16:00:00;52799
9/07/2019;A;16:00:00;52974
10/07/2019;A;16:00:00;61107
11/07/2019;A;16:00:00;52662
12/07/2019;A;16:00:00;57655
13/07/2019;A;16:00:00;37142
14/07/2019;A;16:00:00;22422
15/07/2019;A;16:00:00;52233
16/07/2019;A;16:00:00;54616
17/07/2019;A;16:00:00;55172
18/07/2019;A;16:00:00;53701
19/07/2019;A;16:00:00;59039
20/07/2019;A;16:00:00;28906
21/07/2019;A;16:00:00;24884
22/07/2019;A;16:00:00;56150
23/07/2019;A;16:00:00;54953
24/07/2019;A;16:00:00;54955
25/07/2019;A;16:00:00;54485
26/07/2019;A;16:00:00;60213
27/07/2019;A;16:00:00;38201
28/07/2019;A;16:00:00;22435
29/07/2019;A;16:00:00;54285
30/07/2019;A;16:00:00;56726
31/07/2019;A;16:00:00;53810
1/08/2019;A;16:00:00;55525
2/08/2019;A;16:00:00;60032
3/08/2019;A;16:00:00;41991
4/08/2019;A;16:00:00;26176
5/08/2019;A;16:00:00;55859
6/08/2019;A;16:00:00;58760
7/08/2019;A;16:00:00;27480
8/08/2019;A;16:00:00;57782
9/08/2019;A;16:00:00;62692
10/08/2019;A;16:00:00;44732
11/08/2019;A;16:00:00;31305
12/08/2019;A;16:00:00;54983
13/08/2019;A;16:00:00;55575
14/08/2019;A;16:00:00;56507
15/08/2019;A;16:00:00;54970
16/08/2019;A;16:00:00;60823
17/08/2019;A;16:00:00;39083
18/08/2019;A;16:00:00;25089
19/08/2019;A;16:00:00;22482
20/08/2019;A;16:00:00;56082
21/08/2019;A;16:00:00;56247
22/08/2019;A;16:00:00;56244
23/08/2019;A;16:00:00;60318
24/08/2019;A;16:00:00;37317
25/08/2019;A;16:00:00;22515
26/08/2019;A;16:00:00;53759
27/08/2019;A;16:00:00;57628
28/08/2019;A;16:00:00;55191
29/08/2019;A;16:00:00;55937
30/08/2019;A;16:00:00;58902
31/08/2019;A;16:00:00;40047
1/09/2019;A;16:00:00;23931
2/09/2019;A;16:00:00;55879
3/09/2019;A;16:00:00;55313
4/09/2019;A;16:00:00;25195
5/09/2019;A;16:00:00;55937
6/09/2019;A;16:00:00;62430
7/09/2019;A;16:00:00;42174
8/09/2019;A;16:00:00;24399
9/09/2019;A;16:00:00;55470
10/09/2019;A;16:00:00;56397
11/09/2019;A;16:00:00;57958
12/09/2019;A;16:00:00;56517
13/09/2019;A;16:00:00;61011
14/09/2019;A;16:00:00;41096
15/09/2019;A;16:00:00;24581
16/09/2019;A;16:00:00;54485
17/09/2019;A;16:00:00;56854
18/09/2019;A;16:00:00;56666
19/09/2019;A;16:00:00;55562
20/09/2019;A;16:00:00;61024
21/09/2019;A;16:00:00;40454
22/09/2019;A;16:00:00;23267
23/09/2019;A;16:00:00;54850
24/09/2019;A;16:00:00;57793
25/09/2019;A;16:00:00;56634
26/09/2019;A;16:00:00;65280
27/09/2019;A;16:00:00;63385
28/09/2019;A;16:00:00;38771
29/09/2019;A;16:00:00;22966
30/09/2019;A;16:00:00;54780
1/10/2019;A;16:00:00;56275
2/10/2019;A;16:00:00;58361
3/10/2019;A;16:00:00;59311
4/10/2019;A;16:00:00;62194
5/10/2019;A;16:00:00;43762
6/10/2019;A;16:00:00;22939
7/10/2019;A;16:00:00;57586
8/10/2019;A;16:00:00;58641
9/10/2019;A;16:00:00;61023
10/10/2019;A;16:00:00;62065
11/10/2019;A;16:00:00;62602
12/10/2019;A;16:00:00;38771
13/10/2019;A;16:00:00;24341
14/10/2019;A;16:00:00;22245
15/10/2019;A;16:00:00;55678
16/10/2019;A;16:00:00;62361
17/10/2019;A;16:00:00;52478
18/10/2019;A;16:00:00;61189
19/10/2019;A;16:00:00;44007
20/10/2019;A;16:00:00;24273
21/10/2019;A;16:00:00;57975
22/10/2019;A;16:00:00;58749
23/10/2019;A;16:00:00;61589
24/10/2019;A;16:00:00;61355
25/10/2019;A;16:00:00;63132
26/10/2019;A;16:00:00;39378
27/10/2019;A;16:00:00;259
28/10/2019;A;16:00:00;55217
29/10/2019;A;16:00:00;57476
30/10/2019;A;16:00:00;52508
31/10/2019;A;16:00:00;70696
1/11/2019;A;16:00:00;59822
2/11/2019;A;16:00:00;42030
3/11/2019;A;16:00:00;22594
4/11/2019;A;16:00:00;22731
5/11/2019;A;16:00:00;57642
6/11/2019;A;16:00:00;58705
7/11/2019;A;16:00:00;56172
8/11/2019;A;16:00:00;63061
9/11/2019;A;16:00:00;42643
10/11/2019;A;16:00:00;24493
11/11/2019;A;16:00:00;25067
12/11/2019;A;16:00:00;59539
13/11/2019;A;16:00:00;58950
14/11/2019;A;16:00:00;58854
15/11/2019;A;16:00:00;65371
16/11/2019;A;16:00:00;43073
17/11/2019;A;16:00:00;26864
18/11/2019;A;16:00:00;54701
19/11/2019;A;16:00:00;61024
20/11/2019;A;16:00:00;22696
21/11/2019;A;16:00:00;44748
22/11/2019;A;16:00:00;62001
23/11/2019;A;16:00:00;39221
24/11/2019;A;16:00:00;24746
25/11/2019;A;16:00:00;58184
26/11/2019;A;16:00:00;63655
27/11/2019;A;16:00:00;60661
28/11/2019;A;16:00:00;58871
29/11/2019;A;16:00:00;67279
30/11/2019;A;16:00:00;45945
1/12/2019;A;16:00:00;27616
2/12/2019;A;16:00:00;58486
3/12/2019;A;16:00:00;60510
4/12/2019;A;16:00:00;63299
5/12/2019;A;16:00:00;58800
6/12/2019;A;16:00:00;63652
7/12/2019;A;16:00:00;42664
8/12/2019;A;16:00:00;28100
9/12/2019;A;16:00:00;58942
10/12/2019;A;16:00:00;60872
11/12/2019;A;16:00:00;60681
12/12/2019;A;16:00:00;60926
13/12/2019;A;16:00:00;61801
14/12/2019;A;16:00:00;49191
15/12/2019;A;16:00:00;31697
16/12/2019;A;16:00:00;61715
17/12/2019;A;16:00:00;62815
18/12/2019;A;16:00:00;60883
19/12/2019;A;16:00:00;58862
20/12/2019;A;16:00:00;62024
21/12/2019;A;16:00:00;48096
22/12/2019;A;16:00:00;31398
23/12/2019;A;16:00:00;58987
24/12/2019;A;16:00:00;37842
25/12/2019;A;16:00:00;18578
26/12/2019;A;16:00:00;49201
27/12/2019;A;16:00:00;52752
28/12/2019;A;16:00:00;38411
29/12/2019;A;16:00:00;24780
30/12/2019;A;16:00:00;48540
31/12/2019;A;16:00:00;32524
1/01/2019;B;16:00:00;2343
2/01/2019;B;16:00:00;4821
3/01/2019;B;16:00:00;5265
4/01/2019;B;16:00:00;5414
5/01/2019;B;16:00:00;4377
6/01/2019;B;16:00:00;3263
7/01/2019;B;16:00:00;3012
8/01/2019;B;16:00:00;6048
9/01/2019;B;16:00:00;5814
10/01/2019;B;16:00:00;5960
11/01/2019;B;16:00:00;6158
12/01/2019;B;16:00:00;4609
13/01/2019;B;16:00:00;3102
14/01/2019;B;16:00:00;6144
15/01/2019;B;16:00:00;10699
16/01/2019;B;16:00:00;6284
17/01/2019;B;16:00:00;6426
18/01/2019;B;16:00:00;6514
19/01/2019;B;16:00:00;5006
20/01/2019;B;16:00:00;2775
21/01/2019;B;16:00:00;6310
22/01/2019;B;16:00:00;6348
23/01/2019;B;16:00:00;6508
24/01/2019;B;16:00:00;15349
25/01/2019;B;16:00:00;7083
26/01/2019;B;16:00:00;5175
27/01/2019;B;16:00:00;3081
28/01/2019;B;16:00:00;6037
29/01/2019;B;16:00:00;6619
30/01/2019;B;16:00:00;6720
31/01/2019;B;16:00:00;6843
1/02/2019;B;16:00:00;7162
2/02/2019;B;16:00:00;5485
3/02/2019;B;16:00:00;3218
4/02/2019;B;16:00:00;6790
5/02/2019;B;16:00:00;6886
6/02/2019;B;16:00:00;7054
7/02/2019;B;16:00:00;7182
8/02/2019;B;16:00:00;7578
9/02/2019;B;16:00:00;5487
10/02/2019;B;16:00:00;3259
11/02/2019;B;16:00:00;6967
12/02/2019;B;16:00:00;6933
13/02/2019;B;16:00:00;6764
14/02/2019;B;16:00:00;7105
15/02/2019;B;16:00:00;6916
16/02/2019;B;16:00:00;10262
17/02/2019;B;16:00:00;3360
18/02/2019;B;16:00:00;7216
19/02/2019;B;16:00:00;7326
20/02/2019;B;16:00:00;6808
21/02/2019;B;16:00:00;7159
22/02/2019;B;16:00:00;7536
23/02/2019;B;16:00:00;5771
24/02/2019;B;16:00:00;3465
25/02/2019;B;16:00:00;6954
26/02/2019;B;16:00:00;7233
27/02/2019;B;16:00:00;7528
28/02/2019;B;16:00:00;7269
1/03/2019;B;16:00:00;7761
2/03/2019;B;16:00:00;5754
3/03/2019;B;16:00:00;3111
4/03/2019;B;16:00:00;7121
5/03/2019;B;16:00:00;7319
6/03/2019;B;16:00:00;7921
7/03/2019;B;16:00:00;8010
8/03/2019;B;16:00:00;8241
9/03/2019;B;16:00:00;5934
10/03/2019;B;16:00:00;3380
11/03/2019;B;16:00:00;6900
12/03/2019;B;16:00:00;7850
13/03/2019;B;16:00:00;6945
14/03/2019;B;16:00:00;7477
15/03/2019;B;16:00:00;7629
16/03/2019;B;16:00:00;5774
17/03/2019;B;16:00:00;3389
18/03/2019;B;16:00:00;7662
19/03/2019;B;16:00:00;7749
20/03/2019;B;16:00:00;7881
21/03/2019;B;16:00:00;7541
22/03/2019;B;16:00:00;8043
23/03/2019;B;16:00:00;5852
24/03/2019;B;16:00:00;2980
25/03/2019;B;16:00:00;2359
26/03/2019;B;16:00:00;7509
27/03/2019;B;16:00:00;7002
28/03/2019;B;16:00:00;7861
29/03/2019;B;16:00:00;8185
30/03/2019;B;16:00:00;6089
31/03/2019;B;16:00:00;3158
1/04/2019;B;16:00:00;6787
2/04/2019;B;16:00:00;7244
3/04/2019;B;16:00:00;7421
4/04/2019;B;16:00:00;7080
5/04/2019;B;16:00:00;7968
6/04/2019;B;16:00:00;6777
7/04/2019;B;16:00:00;3418
8/04/2019;B;16:00:00;6934
9/04/2019;B;16:00:00;6997
10/04/2019;B;16:00:00;7191
11/04/2019;B;16:00:00;7044
12/04/2019;B;16:00:00;7441
13/04/2019;B;16:00:00;5355
14/04/2019;B;16:00:00;3108
15/04/2019;B;16:00:00;5946
16/04/2019;B;16:00:00;6018
17/04/2019;B;16:00:00;6234
18/04/2019;B;16:00:00;2903
19/04/2019;B;16:00:00;2370
20/04/2019;B;16:00:00;3910
21/04/2019;B;16:00:00;2866
22/04/2019;B;16:00:00;6428
23/04/2019;B;16:00:00;7988
24/04/2019;B;16:00:00;6900
25/04/2019;B;16:00:00;6097
26/04/2019;B;16:00:00;8577
27/04/2019;B;16:00:00;5882
28/04/2019;B;16:00:00;3284
29/04/2019;B;16:00:00;6694
30/04/2019;B;16:00:00;7409
1/05/2019;B;16:00:00;3596
2/05/2019;B;16:00:00;
3/05/2019;B;16:00:00;7518
4/05/2019;B;16:00:00;5751
5/05/2019;B;16:00:00;3258
6/05/2019;B;16:00:00;7036
7/05/2019;B;16:00:00;7139
8/05/2019;B;16:00:00;7187
9/05/2019;B;16:00:00;7178
10/05/2019;B;16:00:00;7690
11/05/2019;B;16:00:00;5541
12/05/2019;B;16:00:00;2909
13/05/2019;B;16:00:00;6687
14/05/2019;B;16:00:00;7204
15/05/2019;B;16:00:00;6949
16/05/2019;B;16:00:00;7712
17/05/2019;B;16:00:00;7499
18/05/2019;B;16:00:00;5375
19/05/2019;B;16:00:00;3507
20/05/2019;B;16:00:00;7114
21/05/2019;B;16:00:00;6972
22/05/2019;B;16:00:00;6898
23/05/2019;B;16:00:00;7064
24/05/2019;B;16:00:00;7833
25/05/2019;B;16:00:00;5190
26/05/2019;B;16:00:00;3149
27/05/2019;B;16:00:00;6524
28/05/2019;B;16:00:00;6628
29/05/2019;B;16:00:00;6734
30/05/2019;B;16:00:00;6960
31/05/2019;B;16:00:00;7165
1/06/2019;B;16:00:00;5532
2/06/2019;B;16:00:00;3396
3/06/2019;B;16:00:00;3238
4/06/2019;B;16:00:00;6743
5/06/2019;B;16:00:00;7119
6/06/2019;B;16:00:00;7210
7/06/2019;B;16:00:00;7765
8/06/2019;B;16:00:00;5741
9/06/2019;B;16:00:00;3191
10/06/2019;B;16:00:00;6894
11/06/2019;B;16:00:00;6931
12/06/2019;B;16:00:00;6690
13/06/2019;B;16:00:00;6783
14/06/2019;B;16:00:00;7000
15/06/2019;B;16:00:00;5416
16/06/2019;B;16:00:00;2892
17/06/2019;B;16:00:00;6375
18/06/2019;B;16:00:00;6718
19/06/2019;B;16:00:00;7804
20/06/2019;B;16:00:00;6746
21/06/2019;B;16:00:00;7261
22/06/2019;B;16:00:00;5322
23/06/2019;B;16:00:00;3540
24/06/2019;B;16:00:00;2941
25/06/2019;B;16:00:00;7065
26/06/2019;B;16:00:00;6914
27/06/2019;B;16:00:00;7330
28/06/2019;B;16:00:00;8192
29/06/2019;B;16:00:00;5279
30/06/2019;B;16:00:00;3753
1/07/2019;B;16:00:00;3329
2/07/2019;B;16:00:00;6903
3/07/2019;B;16:00:00;7268
4/07/2019;B;16:00:00;7149
5/07/2019;B;16:00:00;7188
6/07/2019;B;16:00:00;5713
7/07/2019;B;16:00:00;3045
8/07/2019;B;16:00:00;6587
9/07/2019;B;16:00:00;6675
10/07/2019;B;16:00:00;8133
11/07/2019;B;16:00:00;6631
12/07/2019;B;16:00:00;7117
13/07/2019;B;16:00:00;5514
14/07/2019;B;16:00:00;3512
15/07/2019;B;16:00:00;6670
16/07/2019;B;16:00:00;6906
17/07/2019;B;16:00:00;7129
18/07/2019;B;16:00:00;7020
19/07/2019;B;16:00:00;7572
20/07/2019;B;16:00:00;4387
21/07/2019;B;16:00:00;3761
22/07/2019;B;16:00:00;6803
23/07/2019;B;16:00:00;7051
24/07/2019;B;16:00:00;7003
25/07/2019;B;16:00:00;7098
26/07/2019;B;16:00:00;7930
27/07/2019;B;16:00:00;5706
28/07/2019;B;16:00:00;3417
29/07/2019;B;16:00:00;6782
30/07/2019;B;16:00:00;7243
31/07/2019;B;16:00:00;7188
1/08/2019;B;16:00:00;7392
2/08/2019;B;16:00:00;8169
3/08/2019;B;16:00:00;6332
4/08/2019;B;16:00:00;3971
5/08/2019;B;16:00:00;7534
6/08/2019;B;16:00:00;7943
7/08/2019;B;16:00:00;4964
8/08/2019;B;16:00:00;7570
9/08/2019;B;16:00:00;8500
10/08/2019;B;16:00:00;6625
11/08/2019;B;16:00:00;5483
12/08/2019;B;16:00:00;7011
13/08/2019;B;16:00:00;7254
14/08/2019;B;16:00:00;7535
15/08/2019;B;16:00:00;7458
16/08/2019;B;16:00:00;8008
17/08/2019;B;16:00:00;5945
18/08/2019;B;16:00:00;3922
19/08/2019;B;16:00:00;3448
20/08/2019;B;16:00:00;7435
21/08/2019;B;16:00:00;7371
22/08/2019;B;16:00:00;7265
23/08/2019;B;16:00:00;7608
24/08/2019;B;16:00:00;5350
25/08/2019;B;16:00:00;3372
26/08/2019;B;16:00:00;6898
27/08/2019;B;16:00:00;7405
28/08/2019;B;16:00:00;7374
29/08/2019;B;16:00:00;7376
30/08/2019;B;16:00:00;7608
31/08/2019;B;16:00:00;5807
1/09/2019;B;16:00:00;3478
2/09/2019;B;16:00:00;7200
3/09/2019;B;16:00:00;7299
4/09/2019;B;16:00:00;3372
5/09/2019;B;16:00:00;7293
6/09/2019;B;16:00:00;8133
7/09/2019;B;16:00:00;6369
8/09/2019;B;16:00:00;3632
9/09/2019;B;16:00:00;7018
10/09/2019;B;16:00:00;7312
11/09/2019;B;16:00:00;7452
12/09/2019;B;16:00:00;7466
13/09/2019;B;16:00:00;8020
14/09/2019;B;16:00:00;6013
15/09/2019;B;16:00:00;3525
16/09/2019;B;16:00:00;6783
17/09/2019;B;16:00:00;7411
18/09/2019;B;16:00:00;7302
19/09/2019;B;16:00:00;7225
20/09/2019;B;16:00:00;7835
21/09/2019;B;16:00:00;5708
22/09/2019;B;16:00:00;3578
23/09/2019;B;16:00:00;7126
24/09/2019;B;16:00:00;8106
25/09/2019;B;16:00:00;7596
26/09/2019;B;16:00:00;7274
27/09/2019;B;16:00:00;8145
28/09/2019;B;16:00:00;5493
29/09/2019;B;16:00:00;3546
30/09/2019;B;16:00:00;6902
1/10/2019;B;16:00:00;7310
2/10/2019;B;16:00:00;7677
3/10/2019;B;16:00:00;7350
4/10/2019;B;16:00:00;8063
5/10/2019;B;16:00:00;5555
6/10/2019;B;16:00:00;3712
7/10/2019;B;16:00:00;7285
8/10/2019;B;16:00:00;7717
9/10/2019;B;16:00:00;7895
10/10/2019;B;16:00:00;7927
11/10/2019;B;16:00:00;7866
12/10/2019;B;16:00:00;5392
13/10/2019;B;16:00:00;3714
14/10/2019;B;16:00:00;3470
15/10/2019;B;16:00:00;7483
16/10/2019;B;16:00:00;7931
17/10/2019;B;16:00:00;7134
18/10/2019;B;16:00:00;7999
19/10/2019;B;16:00:00;6508
20/10/2019;B;16:00:00;3513
21/10/2019;B;16:00:00;7122
22/10/2019;B;16:00:00;7516
23/10/2019;B;16:00:00;8157
24/10/2019;B;16:00:00;7649
25/10/2019;B;16:00:00;7883
26/10/2019;B;16:00:00;5865
27/10/2019;B;16:00:00;4
28/10/2019;B;16:00:00;6938
29/10/2019;B;16:00:00;7554
30/10/2019;B;16:00:00;6886
31/10/2019;B;16:00:00;9323
1/11/2019;B;16:00:00;6042
2/11/2019;B;16:00:00;6017
3/11/2019;B;16:00:00;3242
4/11/2019;B;16:00:00;3543
5/11/2019;B;16:00:00;7425
6/11/2019;B;16:00:00;7514
7/11/2019;B;16:00:00;7348
8/11/2019;B;16:00:00;8765
9/11/2019;B;16:00:00;6145
10/11/2019;B;16:00:00;3510
11/11/2019;B;16:00:00;4016
12/11/2019;B;16:00:00;7259
13/11/2019;B;16:00:00;7846
14/11/2019;B;16:00:00;7473
15/11/2019;B;16:00:00;8206
16/11/2019;B;16:00:00;6145
17/11/2019;B;16:00:00;3790
18/11/2019;B;16:00:00;7980
19/11/2019;B;16:00:00;7349
20/11/2019;B;16:00:00;2981
21/11/2019;B;16:00:00;4926
22/11/2019;B;16:00:00;8851
23/11/2019;B;16:00:00;5122
24/11/2019;B;16:00:00;3686
25/11/2019;B;16:00:00;7211
26/11/2019;B;16:00:00;8478
27/11/2019;B;16:00:00;7687
28/11/2019;B;16:00:00;7269
29/11/2019;B;16:00:00;8086
30/11/2019;B;16:00:00;6304
1/12/2019;B;16:00:00;3791
2/12/2019;B;16:00:00;7148
3/12/2019;B;16:00:00;7491
4/12/2019;B;16:00:00;7791
5/12/2019;B;16:00:00;7628
6/12/2019;B;16:00:00;7829
7/12/2019;B;16:00:00;5684
8/12/2019;B;16:00:00;3880
9/12/2019;B;16:00:00;7413
10/12/2019;B;16:00:00;7570
11/12/2019;B;16:00:00;7404
12/12/2019;B;16:00:00;7432
13/12/2019;B;16:00:00;7598
14/12/2019;B;16:00:00;6303
15/12/2019;B;16:00:00;4302
16/12/2019;B;16:00:00;7568
17/12/2019;B;16:00:00;7664
18/12/2019;B;16:00:00;7454
19/12/2019;B;16:00:00;7257
20/12/2019;B;16:00:00;7689
21/12/2019;B;16:00:00;6124
22/12/2019;B;16:00:00;3921
23/12/2019;B;16:00:00;7222
24/12/2019;B;16:00:00;4996
25/12/2019;B;16:00:00;2831
26/12/2019;B;16:00:00;6355
27/12/2019;B;16:00:00;6364
28/12/2019;B;16:00:00;5179
29/12/2019;B;16:00:00;3744
30/12/2019;B;16:00:00;6331
31/12/2019;B;16:00:00;3318
1/01/2020;A;16:00:00;15911
1/01/2020;B;16:00:00;2775
2/01/2020;A;16:00:00;41779
2/01/2020;B;16:00:00;5522
3/01/2020;A;16:00:00;44997
3/01/2020;B;16:00:00;5766
4/01/2020;A;16:00:00;31545
4/01/2020;B;16:00:00;4902
5/01/2020;A;16:00:00;23005
5/01/2020;B;16:00:00;4094
6/01/2020;A;16:00:00;22427
6/01/2020;B;16:00:00;3683
7/01/2020;A;16:00:00;49884
7/01/2020;B;16:00:00;6178
8/01/2020;A;16:00:00;47603
8/01/2020;B;16:00:00;6144
9/01/2020;A;16:00:00;47850
9/01/2020;B;16:00:00;6007
10/01/2020;A;16:00:00;52049
10/01/2020;B;16:00:00;6294
11/01/2020;A;16:00:00;32725
11/01/2020;B;16:00:00;4835
12/01/2020;A;16:00:00;20585
12/01/2020;B;16:00:00;3504
13/01/2020;A;16:00:00;51072
13/01/2020;B;16:00:00;6280
14/01/2020;A;16:00:00;51350
14/01/2020;B;16:00:00;6279
15/01/2020;A;16:00:00;52477
15/01/2020;B;16:00:00;6634
16/01/2020;A;16:00:00;52916
16/01/2020;B;16:00:00;6647
17/01/2020;A;16:00:00;55904
17/01/2020;B;16:00:00;6737
18/01/2020;A;16:00:00;36333
18/01/2020;B;16:00:00;5194
19/01/2020;A;16:00:00;22721
19/01/2020;B;16:00:00;3412
20/01/2020;A;16:00:00;53888
20/01/2020;B;16:00:00;6720
21/01/2020;A;16:00:00;58813
21/01/2020;B;16:00:00;7724
22/01/2020;A;16:00:00;54721
22/01/2020;B;16:00:00;6855
23/01/2020;A;16:00:00;55232
23/01/2020;B;16:00:00;7095
24/01/2020;A;16:00:00;59982
24/01/2020;B;16:00:00;7485
25/01/2020;A;16:00:00;36589
25/01/2020;B;16:00:00;5273
26/01/2020;A;16:00:00;22599
26/01/2020;B;16:00:00;3662
27/01/2020;A;16:00:00;54099
27/01/2020;B;16:00:00;6420
28/01/2020;A;16:00:00;55483
28/01/2020;B;16:00:00;7657
29/01/2020;A;16:00:00;56541
29/01/2020;B;16:00:00;7488
30/01/2020;A;16:00:00;53368
30/01/2020;B;16:00:00;7191
31/01/2020;A;16:00:00;57258
31/01/2020;B;16:00:00;7598
1/02/2020;A;16:00:00;38282
1/02/2020;B;16:00:00;5616
2/02/2020;A;16:00:00;23034
2/02/2020;B;16:00:00;3462
3/02/2020;A;16:00:00;54897
3/02/2020;B;16:00:00;7120
4/02/2020;A;16:00:00;56514
4/02/2020;B;16:00:00;7186
5/02/2020;A;16:00:00;57101
5/02/2020;B;16:00:00;7509
6/02/2020;A;16:00:00;59456
6/02/2020;B;16:00:00;8069
7/02/2020;A;16:00:00;60350
7/02/2020;B;16:00:00;7674
8/02/2020;A;16:00:00;38078
8/02/2020;B;16:00:00;5264
9/02/2020;A;16:00:00;21540
9/02/2020;B;16:00:00;3401
10/02/2020;A;16:00:00;56346
10/02/2020;B;16:00:00;7414
11/02/2020;A;16:00:00;57110
11/02/2020;B;16:00:00;7526
12/02/2020;A;16:00:00;58718
12/02/2020;B;16:00:00;7596
13/02/2020;A;16:00:00;57115
13/02/2020;B;16:00:00;7630
14/02/2020;A;16:00:00;58750
14/02/2020;B;16:00:00;7526
15/02/2020;A;16:00:00;38262
15/02/2020;B;16:00:00;5325
16/02/2020;A;16:00:00;21427
16/02/2020;B;16:00:00;3329
17/02/2020;A;16:00:00;113076
17/02/2020;B;16:00:00;14674
18/02/2020;A;16:00:00;114422
18/02/2020;B;16:00:00;15216
19/02/2020;A;16:00:00;56989
19/02/2020;B;16:00:00;7501
20/02/2020;A;16:00:00;59378
20/02/2020;B;16:00:00;7870
21/02/2020;A;16:00:00;64401
21/02/2020;B;16:00:00;8550
22/02/2020;A;16:00:00;40097
22/02/2020;B;16:00:00;5570
23/02/2020;A;16:00:00;22364
23/02/2020;B;16:00:00;3084
24/02/2020;A;16:00:00;56344
24/02/2020;B;16:00:00;7514
25/02/2020;A;16:00:00;57204
25/02/2020;B;16:00:00;7267
26/02/2020;A;16:00:00;57199
26/02/2020;B;16:00:00;7661
27/02/2020;A;16:00:00;58196
27/02/2020;B;16:00:00;7730
28/02/2020;A;16:00:00;65596
28/02/2020;B;16:00:00;8639
29/02/2020;A;16:00:00;42644
29/02/2020;B;16:00:00;5911
1/03/2020;A;16:00:00;24849
1/03/2020;B;16:00:00;3502
2/03/2020;A;16:00:00;59388
2/03/2020;B;16:00:00;7693
3/03/2020;A;16:00:00;63214
3/03/2020;B;16:00:00;8462
4/03/2020;A;16:00:00;61834
4/03/2020;B;16:00:00;8003
5/03/2020;A;16:00:00;62158
5/03/2020;B;16:00:00;8857
6/03/2020;A;16:00:00;66547
6/03/2020;B;16:00:00;8327
7/03/2020;A;16:00:00;42834
7/03/2020;B;16:00:00;5581
8/03/2020;A;16:00:00;22689
8/03/2020;B;16:00:00;3309
9/03/2020;A;16:00:00;60937
9/03/2020;B;16:00:00;7744
10/03/2020;A;16:00:00;60675
10/03/2020;B;16:00:00;7911
11/03/2020;A;16:00:00;60253
11/03/2020;B;16:00:00;7721
12/03/2020;A;16:00:00;61346
12/03/2020;B;16:00:00;7714
13/03/2020;A;16:00:00;61314
13/03/2020;B;16:00:00;8107
14/03/2020;A;16:00:00;33612
14/03/2020;B;16:00:00;4646
15/03/2020;A;16:00:00;18038
15/03/2020;B;16:00:00;2717
16/03/2020;A;16:00:00;44672
16/03/2020;B;16:00:00;5251
17/03/2020;A;16:00:00;41634
17/03/2020;B;16:00:00;4788
18/03/2020;A;16:00:00;38258
18/03/2020;B;16:00:00;4524
19/03/2020;A;16:00:00;37232
19/03/2020;B;16:00:00;4252
20/03/2020;A;16:00:00;43277
20/03/2020;B;16:00:00;5076
21/03/2020;A;16:00:00;5189
21/03/2020;B;16:00:00;700
22/03/2020;A;16:00:00;3744
22/03/2020;B;16:00:00;492
23/03/2020;A;16:00:00;4262
23/03/2020;B;16:00:00;554
24/03/2020;A;16:00:00;11987
24/03/2020;B;16:00:00;1477
25/03/2020;A;16:00:00;8534
25/03/2020;B;16:00:00;961
26/03/2020;A;16:00:00;7991
26/03/2020;B;16:00:00;981
27/03/2020;A;16:00:00;8093
27/03/2020;B;16:00:00;985
28/03/2020;A;16:00:00;4815
28/03/2020;B;16:00:00;698
29/03/2020;A;16:00:00;2960
29/03/2020;B;16:00:00;410
30/03/2020;A;16:00:00;8293
30/03/2020;B;16:00:00;898
31/03/2020;A;16:00:00;7995
31/03/2020;B;16:00:00;957
1/04/2020;A;16:00:00;8081
1/04/2020;B;16:00:00;1007
2/04/2020;A;16:00:00;7841
2/04/2020;B;16:00:00;940
3/04/2020;A;16:00:00;7911
3/04/2020;B;16:00:00;970
4/04/2020;A;16:00:00;4846
4/04/2020;B;16:00:00;693
5/04/2020;A;16:00:00;3015
5/04/2020;B;16:00:00;429
6/04/2020;A;16:00:00;8229
6/04/2020;B;16:00:00;975
7/04/2020;A;16:00:00;8055
7/04/2020;B;16:00:00;997
8/04/2020;A;16:00:00;8095
8/04/2020;B;16:00:00;947
9/04/2020;A;16:00:00;3567
9/04/2020;B;16:00:00;547
10/04/2020;A;16:00:00;3062
10/04/2020;B;16:00:00;453
11/04/2020;A;16:00:00;4708
11/04/2020;B;16:00:00;708
12/04/2020;A;16:00:00;2966
12/04/2020;B;16:00:00;481
13/04/2020;A;16:00:00;10059
13/04/2020;B;16:00:00;1099
14/04/2020;A;16:00:00;9878
14/04/2020;B;16:00:00;1159
15/04/2020;A;16:00:00;9659
15/04/2020;B;16:00:00;1173
16/04/2020;A;16:00:00;10422
16/04/2020;B;16:00:00;1122
17/04/2020;A;16:00:00;10739
17/04/2020;B;16:00:00;1211
18/04/2020;A;16:00:00;5617
18/04/2020;B;16:00:00;802
19/04/2020;A;16:00:00;3074
19/04/2020;B;16:00:00;480
20/04/2020;A;16:00:00;10836
20/04/2020;B;16:00:00;1286
21/04/2020;A;16:00:00;10903
21/04/2020;B;16:00:00;1308
22/04/2020;A;16:00:00;11049
22/04/2020;B;16:00:00;1254
23/04/2020;A;16:00:00;11278
23/04/2020;B;16:00:00;1308
24/04/2020;A;16:00:00;11424
24/04/2020;B;16:00:00;1328
25/04/2020;A;16:00:00;6227
25/04/2020;B;16:00:00;832
26/04/2020;A;16:00:00;3623
26/04/2020;B;16:00:00;514
27/04/2020;A;16:00:00;12981
27/04/2020;B;16:00:00;1515
28/04/2020;A;16:00:00;13464
28/04/2020;B;16:00:00;1538
29/04/2020;A;16:00:00;14200
29/04/2020;B;16:00:00;1719
30/04/2020;A;16:00:00;14363
30/04/2020;B;16:00:00;1702
1/05/2020;A;16:00:00;4957
1/05/2020;B;16:00:00;745
2/05/2020;A;16:00:00;6746
2/05/2020;B;16:00:00;1003
3/05/2020;A;16:00:00;3643
3/05/2020;B;16:00:00;587
4/05/2020;A;16:00:00;14835
4/05/2020;B;16:00:00;1939
5/05/2020;A;16:00:00;15956
5/05/2020;B;16:00:00;1957
6/05/2020;A;16:00:00;16467
6/05/2020;B;16:00:00;2047
7/05/2020;A;16:00:00;16953
7/05/2020;B;16:00:00;2034
8/05/2020;A;16:00:00;16819
8/05/2020;B;16:00:00;2040
9/05/2020;A;16:00:00;8980
9/05/2020;B;16:00:00;1055
10/05/2020;A;16:00:00;3493
10/05/2020;B;16:00:00;565
11/05/2020;A;16:00:00;17496
11/05/2020;B;16:00:00;2073
12/05/2020;A;16:00:00;18606
12/05/2020;B;16:00:00;2212
13/05/2020;A;16:00:00;18544
13/05/2020;B;16:00:00;2290
14/05/2020;A;16:00:00;19003
14/05/2020;B;16:00:00;2346
15/05/2020;A;16:00:00;19006
15/05/2020;B;16:00:00;2257
16/05/2020;A;16:00:00;8960
16/05/2020;B;16:00:00;1194
17/05/2020;A;16:00:00;3956
17/05/2020;B;16:00:00;592
18/05/2020;A;16:00:00;19643
18/05/2020;B;16:00:00;2297
19/05/2020;A;16:00:00;19332
19/05/2020;B;16:00:00;2370
20/05/2020;A;16:00:00;20010
20/05/2020;B;16:00:00;2353
21/05/2020;A;16:00:00;20119
21/05/2020;B;16:00:00;2452
22/05/2020;A;16:00:00;20397
22/05/2020;B;16:00:00;2421
23/05/2020;A;16:00:00;9927
23/05/2020;B;16:00:00;1227
24/05/2020;A;16:00:00;4170
24/05/2020;B;16:00:00;631
25/05/2020;A;16:00:00;4644
25/05/2020;B;16:00:00;708
26/05/2020;A;16:00:00;19265
26/05/2020;B;16:00:00;2438
27/05/2020;A;16:00:00;19775
27/05/2020;B;16:00:00;2460
28/05/2020;A;16:00:00;20240
28/05/2020;B;16:00:00;2471
29/05/2020;A;16:00:00;20942
29/05/2020;B;16:00:00;2392
30/05/2020;A;16:00:00;10324
30/05/2020;B;16:00:00;1356
31/05/2020;A;16:00:00;4253
31/05/2020;B;16:00:00;652
1/06/2020;A;16:00:00;20839
1/06/2020;B;16:00:00;2576
2/06/2020;A;16:00:00;21316
2/06/2020;B;16:00:00;2492
3/06/2020;A;16:00:00;21235
3/06/2020;B;16:00:00;2661
4/06/2020;A;16:00:00;20386
4/06/2020;B;16:00:00;2629
5/06/2020;A;16:00:00;19948
5/06/2020;B;16:00:00;2599
6/06/2020;A;16:00:00;11539
6/06/2020;B;16:00:00;1508
7/06/2020;A;16:00:00;4729
7/06/2020;B;16:00:00;751
8/06/2020;A;16:00:00;19608
8/06/2020;B;16:00:00;2508
9/06/2020;A;16:00:00;19833
9/06/2020;B;16:00:00;2502
10/06/2020;A;16:00:00;21152
10/06/2020;B;16:00:00;2656
11/06/2020;A;16:00:00;21372
11/06/2020;B;16:00:00;2602
12/06/2020;A;16:00:00;21739
12/06/2020;B;16:00:00;2782
14/06/2020;A;16:00:00;5645
14/06/2020;B;16:00:00;840
15/06/2020;A;16:00:00;6348
15/06/2020;B;16:00:00;955
16/06/2020;A;16:00:00;22356
16/06/2020;B;16:00:00;2783
17/06/2020;A;16:00:00;22037
17/06/2020;B;16:00:00;2755
18/06/2020;A;16:00:00;23237
18/06/2020;B;16:00:00;2584
19/06/2020;A;16:00:00;23404
19/06/2020;B;16:00:00;2967
20/06/2020;A;16:00:00;13096
20/06/2020;B;16:00:00;1727
21/06/2020;A;16:00:00;5377
21/06/2020;B;16:00:00;785
22/06/2020;A;16:00:00;6381
22/06/2020;B;16:00:00;959
23/06/2020;A;16:00:00;22025
23/06/2020;B;16:00:00;2911
24/06/2020;A;16:00:00;22613
24/06/2020;B;16:00:00;2973
25/06/2020;A;16:00:00;21121
25/06/2020;B;16:00:00;2901
26/06/2020;A;16:00:00;22650
26/06/2020;B;16:00:00;2918
27/06/2020;A;16:00:00;13345
27/06/2020;B;16:00:00;1789
28/06/2020;A;16:00:00;6057
28/06/2020;B;16:00:00;918
29/06/2020;A;16:00:00;6725
29/06/2020;B;16:00:00;984
30/06/2020;A;16:00:00;23127
30/06/2020;B;16:00:00;2962
1/07/2020;A;16:00:00;23950
1/07/2020;B;16:00:00;2889
2/07/2020;A;16:00:00;23756
2/07/2020;B;16:00:00;2829
3/07/2020;A;16:00:00;23297
3/07/2020;B;16:00:00;2832
4/07/2020;A;16:00:00;13769
4/07/2020;B;16:00:00;1841
5/07/2020;A;16:00:00;6032
5/07/2020;B;16:00:00;956
6/07/2020;A;16:00:00;23663
6/07/2020;B;16:00:00;2903
7/07/2020;A;16:00:00;24259
7/07/2020;B;16:00:00;2905
8/07/2020;A;16:00:00;23682
8/07/2020;B;16:00:00;2873
9/07/2020;A;16:00:00;23861
9/07/2020;B;16:00:00;2876
10/07/2020;A;16:00:00;24090
10/07/2020;B;16:00:00;2763
11/07/2020;A;16:00:00;12490
11/07/2020;B;16:00:00;1738
12/07/2020;A;16:00:00;5933
12/07/2020;B;16:00:00;823
13/07/2020;A;16:00:00;21483
13/07/2020;B;16:00:00;2438
14/07/2020;A;16:00:00;20886
14/07/2020;B;16:00:00;2428
15/07/2020;A;16:00:00;21081
15/07/2020;B;16:00:00;2385
16/07/2020;A;16:00:00;20976
16/07/2020;B;16:00:00;2413
17/07/2020;A;16:00:00;10703
17/07/2020;B;16:00:00;1302
18/07/2020;A;16:00:00;5335
18/07/2020;B;16:00:00;715
19/07/2020;A;16:00:00;2805
19/07/2020;B;16:00:00;441
20/07/2020;A;16:00:00;3222
20/07/2020;B;16:00:00;508
21/07/2020;A;16:00:00;20471
21/07/2020;B;16:00:00;2479
22/07/2020;A;16:00:00;20244
22/07/2020;B;16:00:00;2454
23/07/2020;A;16:00:00;20696
23/07/2020;B;16:00:00;2476
24/07/2020;A;16:00:00;13165
24/07/2020;B;16:00:00;1548
25/07/2020;A;16:00:00;6315
25/07/2020;B;16:00:00;814
26/07/2020;A;16:00:00;3161
26/07/2020;B;16:00:00;428
27/07/2020;A;16:00:00;21140
27/07/2020;B;16:00:00;2586
28/07/2020;A;16:00:00;21241
28/07/2020;B;16:00:00;2538
29/07/2020;A;16:00:00;20798
29/07/2020;B;16:00:00;2501
30/07/2020;A;16:00:00;20965
30/07/2020;B;16:00:00;2391
31/07/2020;A;16:00:00;13394
31/07/2020;B;16:00:00;1476
1/08/2020;A;16:00:00;6284
1/08/2020;B;16:00:00;880
2/08/2020;A;16:00:00;3193
2/08/2020;B;16:00:00;515
3/08/2020;A;16:00:00;20864
3/08/2020;B;16:00:00;2460
4/08/2020;A;16:00:00;21318
4/08/2020;B;16:00:00;2481
5/08/2020;A;16:00:00;21371
5/08/2020;B;16:00:00;2556
6/08/2020;A;16:00:00;20967
6/08/2020;B;16:00:00;2568
7/08/2020;A;16:00:00;4998
7/08/2020;B;16:00:00;665
9/08/2020;A;16:00:00;3268
9/08/2020;B;16:00:00;475
10/08/2020;A;16:00:00;21775
10/08/2020;B;16:00:00;2638
11/08/2020;A;16:00:00;21933
11/08/2020;B;16:00:00;2536
12/08/2020;A;16:00:00;21928
12/08/2020;B;16:00:00;2595
13/08/2020;A;16:00:00;22186
13/08/2020;B;16:00:00;2719
14/08/2020;A;16:00:00;23071
14/08/2020;B;16:00:00;2518
15/08/2020;A;16:00:00;7943
15/08/2020;B;16:00:00;1042
16/08/2020;A;16:00:00;3484
16/08/2020;B;16:00:00;531
17/08/2020;A;16:00:00;4240
17/08/2020;B;16:00:00;607
18/08/2020;A;16:00:00;22805
18/08/2020;B;16:00:00;2656
19/08/2020;A;16:00:00;23121
19/08/2020;B;16:00:00;2760
20/08/2020;A;16:00:00;46652
20/08/2020;B;16:00:00;5428
21/08/2020;A;16:00:00;24180
21/08/2020;B;16:00:00;2715
22/08/2020;A;16:00:00;12599
22/08/2020;B;16:00:00;1594
23/08/2020;A;16:00:00;5262
23/08/2020;B;16:00:00;788
24/08/2020;A;16:00:00;23732
24/08/2020;B;16:00:00;2816
25/08/2020;A;16:00:00;23822
25/08/2020;B;16:00:00;2849
26/08/2020;A;16:00:00;24036
26/08/2020;B;16:00:00;2858
27/08/2020;A;16:00:00;23913
27/08/2020;B;16:00:00;2803
28/08/2020;A;16:00:00;24652
28/08/2020;B;16:00:00;2794
29/08/2020;A;16:00:00;13372
29/08/2020;B;16:00:00;1593
30/08/2020;A;16:00:00;5948
30/08/2020;B;16:00:00;746
31/08/2020;A;16:00:00;25510
31/08/2020;B;16:00:00;2972
1/09/2020;A;16:00:00;26063
1/09/2020;B;16:00:00;3076
2/09/2020;A;16:00:00;25922
2/09/2020;B;16:00:00;3356
3/09/2020;A;16:00:00;27280
3/09/2020;B;16:00:00;3222
4/09/2020;A;16:00:00;28722
4/09/2020;B;16:00:00;3281
5/09/2020;A;16:00:00;17356
5/09/2020;B;16:00:00;2346
6/09/2020;A;16:00:00;9158
6/09/2020;B;16:00:00;1336
7/09/2020;A;16:00:00;29061
7/09/2020;B;16:00:00;3512
8/09/2020;A;16:00:00;29092
8/09/2020;B;16:00:00;3486
9/09/2020;A;16:00:00;29539
9/09/2020;B;16:00:00;3509
10/09/2020;A;16:00:00;29361
10/09/2020;B;16:00:00;3621
11/09/2020;A;16:00:00;31539
11/09/2020;B;16:00:00;3637
12/09/2020;A;16:00:00;18709
12/09/2020;B;16:00:00;2618
13/09/2020;A;16:00:00;9881
13/09/2020;B;16:00:00;1448
14/09/2020;A;16:00:00;30200
14/09/2020;B;16:00:00;3615
15/09/2020;A;16:00:00;30404
15/09/2020;B;16:00:00;3587
16/09/2020;A;16:00:00;31603
16/09/2020;B;16:00:00;3699
17/09/2020;A;16:00:00;31364
17/09/2020;B;16:00:00;3733
18/09/2020;A;16:00:00;32580
18/09/2020;B;16:00:00;3666
19/09/2020;A;16:00:00;21492
19/09/2020;B;16:00:00;2934
20/09/2020;A;16:00:00;10423
20/09/2020;B;16:00:00;1681
21/09/2020;A;16:00:00;32648
21/09/2020;B;16:00:00;3980
22/09/2020;A;16:00:00;31725
22/09/2020;B;16:00:00;3755
23/09/2020;A;16:00:00;32271
23/09/2020;B;16:00:00;3956
24/09/2020;A;16:00:00;32202
24/09/2020;B;16:00:00;3816
25/09/2020;A;16:00:00;33298
25/09/2020;B;16:00:00;3974
26/09/2020;A;16:00:00;21343
26/09/2020;B;16:00:00;2882
27/09/2020;A;16:00:00;11324
27/09/2020;B;16:00:00;1699
28/09/2020;A;16:00:00;33523
28/09/2020;B;16:00:00;3878
29/09/2020;A;16:00:00;32506
29/09/2020;B;16:00:00;3727
30/09/2020;A;16:00:00;32413
30/09/2020;B;16:00:00;3842
1/10/2020;A;16:00:00;33024
1/10/2020;B;16:00:00;3860
2/10/2020;A;16:00:00;36953
2/10/2020;B;16:00:00;4339
3/10/2020;A;16:00:00;22084
3/10/2020;B;16:00:00;2985
4/10/2020;A;16:00:00;12638
4/10/2020;B;16:00:00;1674
5/10/2020;A;16:00:00;33042
5/10/2020;B;16:00:00;3876
6/10/2020;A;16:00:00;33900
6/10/2020;B;16:00:00;4151
7/10/2020;A;16:00:00;34627
7/10/2020;B;16:00:00;4128
8/10/2020;A;16:00:00;34175
8/10/2020;B;16:00:00;4035
9/10/2020;A;16:00:00;36298
9/10/2020;B;16:00:00;4177
10/10/2020;A;16:00:00;22260
10/10/2020;B;16:00:00;3081
11/10/2020;A;16:00:00;12384
11/10/2020;B;16:00:00;1742
12/10/2020;A;16:00:00;12941
12/10/2020;B;16:00:00;2016
13/10/2020;A;16:00:00;33947
13/10/2020;B;16:00:00;3988
14/10/2020;A;16:00:00;33790
14/10/2020;B;16:00:00;3816
15/10/2020;A;16:00:00;33521
15/10/2020;B;16:00:00;3862
16/10/2020;A;16:00:00;36035
16/10/2020;B;16:00:00;4300
17/10/2020;A;16:00:00;23813
17/10/2020;B;16:00:00;3221
18/10/2020;A;16:00:00;12840
18/10/2020;B;16:00:00;2039
19/10/2020;A;16:00:00;34905
19/10/2020;B;16:00:00;4060
20/10/2020;A;16:00:00;34689
20/10/2020;B;16:00:00;3902
21/10/2020;A;16:00:00;36851
21/10/2020;B;16:00:00;4274
22/10/2020;A;16:00:00;35555
22/10/2020;B;16:00:00;4235
23/10/2020;A;16:00:00;36122
23/10/2020;B;16:00:00;4111
24/10/2020;A;16:00:00;22595
24/10/2020;B;16:00:00;3007
25/10/2020;A;16:00:00;11687
25/10/2020;B;16:00:00;1672
26/10/2020;A;16:00:00;34606
26/10/2020;B;16:00:00;4048
27/10/2020;A;16:00:00;36340
27/10/2020;B;16:00:00;4213
28/10/2020;A;16:00:00;35080
28/10/2020;B;16:00:00;3652
29/10/2020;A;16:00:00;33655
29/10/2020;B;16:00:00;3358
30/10/2020;A;16:00:00;36601
30/10/2020;B;16:00:00;4119
31/10/2020;A;16:00:00;22248
31/10/2020;B;16:00:00;3045
1/11/2020;A;16:00:00;10246
1/11/2020;B;16:00:00;1557
2/11/2020;A;16:00:00;11175
2/11/2020;B;16:00:00;1778
3/11/2020;A;16:00:00;36175
3/11/2020;B;16:00:00;4306
4/11/2020;A;16:00:00;36120
4/11/2020;B;16:00:00;4339
5/11/2020;A;16:00:00;36746
5/11/2020;B;16:00:00;4433
6/11/2020;A;16:00:00;37015
6/11/2020;B;16:00:00;4304
7/11/2020;A;16:00:00;24431
7/11/2020;B;16:00:00;3204
8/11/2020;A;16:00:00;12777
8/11/2020;B;16:00:00;1858
9/11/2020;A;16:00:00;36716
9/11/2020;B;16:00:00;4305
10/11/2020;A;16:00:00;35879
10/11/2020;B;16:00:00;4281
11/11/2020;A;16:00:00;36214
11/11/2020;B;16:00:00;4485
13/11/2020;A;16:00:00;35776
13/11/2020;B;16:00:00;4095
14/11/2020;A;16:00:00;26078
14/11/2020;B;16:00:00;3564
15/11/2020;A;16:00:00;14211
15/11/2020;B;16:00:00;2044
16/11/2020;A;16:00:00;14378
16/11/2020;B;16:00:00;2127
17/11/2020;A;16:00:00;37765
17/11/2020;B;16:00:00;4670
18/11/2020;A;16:00:00;36229
18/11/2020;B;16:00:00;4280
19/11/2020;A;16:00:00;37185
19/11/2020;B;16:00:00;4244
20/11/2020;A;16:00:00;39626
20/11/2020;B;16:00:00;4484
21/11/2020;A;16:00:00;27753
21/11/2020;B;16:00:00;3638
22/11/2020;A;16:00:00;15574
22/11/2020;B;16:00:00;2146
23/11/2020;A;16:00:00;37111
23/11/2020;B;16:00:00;4406
24/11/2020;A;16:00:00;39132
24/11/2020;B;16:00:00;4530
25/11/2020;A;16:00:00;38702
25/11/2020;B;16:00:00;4609
26/11/2020;A;16:00:00;38991
26/11/2020;B;16:00:00;4745
27/11/2020;A;16:00:00;41360
27/11/2020;B;16:00:00;4631
28/11/2020;A;16:00:00;27768
28/11/2020;B;16:00:00;3560
29/11/2020;A;16:00:00;17184
29/11/2020;B;16:00:00;2244
30/11/2020;A;16:00:00;38547
30/11/2020;B;16:00:00;4386
1/12/2020;A;16:00:00;39165
1/12/2020;B;16:00:00;4528
2/12/2020;A;16:00:00;38237
2/12/2020;B;16:00:00;4413
3/12/2020;A;16:00:00;38644
3/12/2020;B;16:00:00;4607
4/12/2020;A;16:00:00;41119
4/12/2020;B;16:00:00;4877
5/12/2020;A;16:00:00;30532
5/12/2020;B;16:00:00;3959
6/12/2020;A;16:00:00;17632
6/12/2020;B;16:00:00;2396
7/12/2020;A;16:00:00;40061
7/12/2020;B;16:00:00;4920
8/12/2020;A;16:00:00;16824
8/12/2020;B;16:00:00;2234
9/12/2020;A;16:00:00;40154
9/12/2020;B;16:00:00;4493
10/12/2020;A;16:00:00;39759
10/12/2020;B;16:00:00;4471
11/12/2020;A;16:00:00;41977
11/12/2020;B;16:00:00;4881
12/12/2020;A;16:00:00;30932
12/12/2020;B;16:00:00;4000
13/12/2020;A;16:00:00;17602
13/12/2020;B;16:00:00;2457
14/12/2020;A;16:00:00;40104
14/12/2020;B;16:00:00;4689
15/12/2020;A;16:00:00;39994
15/12/2020;B;16:00:00;4536
16/12/2020;A;16:00:00;41365
16/12/2020;B;16:00:00;4757
17/12/2020;A;16:00:00;40629
17/12/2020;B;16:00:00;4810
18/12/2020;A;16:00:00;42268
18/12/2020;B;16:00:00;4930
19/12/2020;A;16:00:00;33157
19/12/2020;B;16:00:00;4144
20/12/2020;A;16:00:00;20300
20/12/2020;B;16:00:00;2479
21/12/2020;A;16:00:00;43022
21/12/2020;B;16:00:00;5030
22/12/2020;A;16:00:00;38733
22/12/2020;B;16:00:00;4502
23/12/2020;A;16:00:00;38876
23/12/2020;B;16:00:00;4736
24/12/2020;A;16:00:00;25562
24/12/2020;B;16:00:00;3121
25/12/2020;A;16:00:00;7430
25/12/2020;B;16:00:00;920
26/12/2020;A;16:00:00;20316
26/12/2020;B;16:00:00;2672
27/12/2020;A;16:00:00;25682
27/12/2020;B;16:00:00;2894
28/12/2020;A;16:00:00;34971
28/12/2020;B;16:00:00;4111
29/12/2020;A;16:00:00;35374
29/12/2020;B;16:00:00;4255
30/12/2020;A;16:00:00;35714
30/12/2020;B;16:00:00;4490
31/12/2020;A;16:00:00;22232
31/12/2020;B;16:00:00;2710
1/01/2021;A;16:00:00;2900
1/01/2021;B;16:00:00;321
2/01/2021;A;16:00:00;5675
2/01/2021;B;16:00:00;726
3/01/2021;A;16:00:00;12389
3/01/2021;B;16:00:00;1794
4/01/2021;A;16:00:00;32221
4/01/2021;B;16:00:00;3926
5/01/2021;A;16:00:00;33653
5/01/2021;B;16:00:00;4061
6/01/2021;A;16:00:00;33214
6/01/2021;B;16:00:00;4007
7/01/2021;A;16:00:00;33546
7/01/2021;B;16:00:00;4002
8/01/2021;A;16:00:00;39403
8/01/2021;B;16:00:00;4496
9/01/2021;A;16:00:00;8177
9/01/2021;B;16:00:00;1042
10/01/2021;A;16:00:00;4054
10/01/2021;B;16:00:00;608
11/01/2021;A;16:00:00;4978
11/01/2021;B;16:00:00;646
12/01/2021;A;16:00:00;35514
12/01/2021;B;16:00:00;4037
13/01/2021;A;16:00:00;35517
13/01/2021;B;16:00:00;4105
14/01/2021;A;16:00:00;35229
14/01/2021;B;16:00:00;4048
15/01/2021;A;16:00:00;38774
15/01/2021;B;16:00:00;4636
16/01/2021;A;16:00:00;14698
16/01/2021;B;16:00:00;1607
17/01/2021;A;16:00:00;5288
17/01/2021;B;16:00:00;728
18/01/2021;A;16:00:00;37137
18/01/2021;B;16:00:00;4399
19/01/2021;A;16:00:00;37232
19/01/2021;B;16:00:00;4230
20/01/2021;A;16:00:00;37426
20/01/2021;B;16:00:00;4512
21/01/2021;A;16:00:00;36574
21/01/2021;B;16:00:00;4255
22/01/2021;A;16:00:00;38855
22/01/2021;B;16:00:00;4498
23/01/2021;A;16:00:00;22762
23/01/2021;B;16:00:00;3146
24/01/2021;A;16:00:00;12180
24/01/2021;B;16:00:00;1858
25/01/2021;A;16:00:00;36553
25/01/2021;B;16:00:00;4501
26/01/2021;A;16:00:00;37091
26/01/2021;B;16:00:00;4335
27/01/2021;A;16:00:00;37113
27/01/2021;B;16:00:00;4279
28/01/2021;A;16:00:00;36910
28/01/2021;B;16:00:00;4381
29/01/2021;A;16:00:00;38979
29/01/2021;B;16:00:00;4683
30/01/2021;A;16:00:00;25561
30/01/2021;B;16:00:00;3528
31/01/2021;A;16:00:00;13968
31/01/2021;B;16:00:00;2058
1/02/2021;A;16:00:00;38122
1/02/2021;B;16:00:00;4333
2/02/2021;A;16:00:00;38205
2/02/2021;B;16:00:00;4569
3/02/2021;A;16:00:00;38639
3/02/2021;B;16:00:00;4613
4/02/2021;A;16:00:00;37852
4/02/2021;B;16:00:00;4535
5/02/2021;A;16:00:00;39637
5/02/2021;B;16:00:00;4680
6/02/2021;A;16:00:00;25575
6/02/2021;B;16:00:00;3579
7/02/2021;A;16:00:00;13789
7/02/2021;B;16:00:00;2130
8/02/2021;A;16:00:00;39262
8/02/2021;B;16:00:00;4651
9/02/2021;A;16:00:00;38871
9/02/2021;B;16:00:00;4748
10/02/2021;A;16:00:00;39377
10/02/2021;B;16:00:00;4987
11/02/2021;A;16:00:00;39594
11/02/2021;B;16:00:00;4928
12/02/2021;A;16:00:00;41010
12/02/2021;B;16:00:00;4798
13/02/2021;A;16:00:00;24960
13/02/2021;B;16:00:00;3286
14/02/2021;A;16:00:00;14283
14/02/2021;B;16:00:00;2020
15/02/2021;A;16:00:00;38721
15/02/2021;B;16:00:00;4619
16/02/2021;A;16:00:00;39548
16/02/2021;B;16:00:00;4705
17/02/2021;A;16:00:00;41299
17/02/2021;B;16:00:00;4968
18/02/2021;A;16:00:00;38929
18/02/2021;B;16:00:00;4925
19/02/2021;A;16:00:00;41671
19/02/2021;B;16:00:00;4953
20/02/2021;A;16:00:00;26644
20/02/2021;B;16:00:00;3833
21/02/2021;A;16:00:00;14127
21/02/2021;B;16:00:00;2038
22/02/2021;A;16:00:00;39558
22/02/2021;B;16:00:00;4642
23/02/2021;A;16:00:00;39669
23/02/2021;B;16:00:00;4640
24/02/2021;A;16:00:00;39398
24/02/2021;B;16:00:00;4689
25/02/2021;A;16:00:00;39734
25/02/2021;B;16:00:00;4839
26/02/2021;A;16:00:00;42876
26/02/2021;B;16:00:00;5311
27/02/2021;A;16:00:00;28427
27/02/2021;B;16:00:00;4009
28/02/2021;A;16:00:00;16045
28/02/2021;B;16:00:00;2920
1/03/2021;A;16:00:00;41198
1/03/2021;B;16:00:00;4787
2/03/2021;A;16:00:00;42363
2/03/2021;B;16:00:00;5079
3/03/2021;A;16:00:00;41866
3/03/2021;B;16:00:00;5105
4/03/2021;A;16:00:00;40708
4/03/2021;B;16:00:00;4926
5/03/2021;A;16:00:00;43717
5/03/2021;B;16:00:00;5248
6/03/2021;A;16:00:00;28033
6/03/2021;B;16:00:00;4126
7/03/2021;A;16:00:00;14792
7/03/2021;B;16:00:00;2217
8/03/2021;A;16:00:00;42213
8/03/2021;B;16:00:00;4933
9/03/2021;A;16:00:00;40218
9/03/2021;B;16:00:00;4744
10/03/2021;A;16:00:00;41607
10/03/2021;B;16:00:00;5080
11/03/2021;A;16:00:00;42508
11/03/2021;B;16:00:00;4074
12/03/2021;A;16:00:00;43509
12/03/2021;B;16:00:00;5128
13/03/2021;A;16:00:00;27257
13/03/2021;B;16:00:00;3871
14/03/2021;A;16:00:00;13904
14/03/2021;B;16:00:00;2084
15/03/2021;A;16:00:00;42973
15/03/2021;B;16:00:00;4643
16/03/2021;A;16:00:00;43238
16/03/2021;B;16:00:00;5235
17/03/2021;A;16:00:00;42672
17/03/2021;B;16:00:00;5141
18/03/2021;A;16:00:00;42145
18/03/2021;B;16:00:00;5068
19/03/2021;A;16:00:00;47052
19/03/2021;B;16:00:00;5724
20/03/2021;A;16:00:00;28368
20/03/2021;B;16:00:00;4106
21/03/2021;A;16:00:00;15432
21/03/2021;B;16:00:00;2538
22/03/2021;A;16:00:00;10737
22/03/2021;B;16:00:00;2109
23/03/2021;A;16:00:00;36134
23/03/2021;B;16:00:00;4828
24/03/2021;A;16:00:00;37390
24/03/2021;B;16:00:00;4722
25/03/2021;A;16:00:00;33567
25/03/2021;B;16:00:00;4805
26/03/2021;A;16:00:00;35567
26/03/2021;B;16:00:00;4824
27/03/2021;A;16:00:00;23591
27/03/2021;B;16:00:00;3587
28/03/2021;A;16:00:00;11656
28/03/2021;B;16:00:00;1902
29/03/2021;A;16:00:00;32391
29/03/2021;B;16:00:00;4172
30/03/2021;A;16:00:00;32756
30/03/2021;B;16:00:00;4343
31/03/2021;A;16:00:00;45525
31/03/2021;B;16:00:00;7789
1/04/2021;A;16:00:00;14022
1/04/2021;B;16:00:00;2235
2/04/2021;A;16:00:00;10705
2/04/2021;B;16:00:00;1973
3/04/2021;A;16:00:00;24146
3/04/2021;B;16:00:00;3436
4/04/2021;A;16:00:00;16819
4/04/2021;B;16:00:00;2583
5/04/2021;A;16:00:00;41214
5/04/2021;B;16:00:00;6188
6/04/2021;A;16:00:00;44344
6/04/2021;B;16:00:00;6294
7/04/2021;A;16:00:00;43021
7/04/2021;B;16:00:00;6039
8/04/2021;A;16:00:00;37972
8/04/2021;B;16:00:00;4902
9/04/2021;A;16:00:00;21782
9/04/2021;B;16:00:00;2462
10/04/2021;A;16:00:00;8547
10/04/2021;B;16:00:00;1127
11/04/2021;A;16:00:00;4452
11/04/2021;B;16:00:00;662
12/04/2021;A;16:00:00;34749
12/04/2021;B;16:00:00;4437
13/04/2021;A;16:00:00;34784
13/04/2021;B;16:00:00;4321
14/04/2021;A;16:00:00;35373
14/04/2021;B;16:00:00;4444
15/04/2021;A;16:00:00;36001
15/04/2021;B;16:00:00;4385
16/04/2021;A;16:00:00;24837
16/04/2021;B;16:00:00;2604
17/04/2021;A;16:00:00;10739
17/04/2021;B;16:00:00;1436
18/04/2021;A;16:00:00;5102
18/04/2021;B;16:00:00;647
19/04/2021;A;16:00:00;35718
19/04/2021;B;16:00:00;4439
20/04/2021;A;16:00:00;36585
20/04/2021;B;16:00:00;4352
21/04/2021;A;16:00:00;36509
21/04/2021;B;16:00:00;4530
22/04/2021;A;16:00:00;36961
22/04/2021;B;16:00:00;4124
23/04/2021;A;16:00:00;25917
23/04/2021;B;16:00:00;2748
24/04/2021;A;16:00:00;11087
24/04/2021;B;16:00:00;1448
25/04/2021;A;16:00:00;5363
25/04/2021;B;16:00:00;697
26/04/2021;A;16:00:00;34371
26/04/2021;B;16:00:00;4679
27/04/2021;A;16:00:00;36208
27/04/2021;B;16:00:00;4332
28/04/2021;A;16:00:00;15134
28/04/2021;B;16:00:00;1550
29/04/2021;A;16:00:00;36338
29/04/2021;B;16:00:00;4545
30/04/2021;A;16:00:00;23961
30/04/2021;B;16:00:00;2842
1/05/2021;A;16:00:00;1917
1/05/2021;B;16:00:00;288
2/05/2021;A;16:00:00;2956
2/05/2021;B;16:00:00;295
3/05/2021;A;16:00:00;39556
3/05/2021;B;16:00:00;5347
4/05/2021;A;16:00:00;38415
4/05/2021;B;16:00:00;5004
5/05/2021;A;16:00:00;27428
5/05/2021;B;16:00:00;3520
6/05/2021;A;16:00:00;34910
6/05/2021;B;16:00:00;4953
7/05/2021;A;16:00:00;34382
7/05/2021;B;16:00:00;4371
8/05/2021;A;16:00:00;13643
8/05/2021;B;16:00:00;1752
9/05/2021;A;16:00:00;5699
9/05/2021;B;16:00:00;816
10/05/2021;A;16:00:00;38625
10/05/2021;B;16:00:00;5032
11/05/2021;A;16:00:00;36978
11/05/2021;B;16:00:00;4438
12/05/2021;A;16:00:00;33571
12/05/2021;B;16:00:00;4312
13/05/2021;A;16:00:00;37999
13/05/2021;B;16:00:00;4590
14/05/2021;A;16:00:00;37524
14/05/2021;B;16:00:00;4478
15/05/2021;A;16:00:00;22658
15/05/2021;B;16:00:00;3305
16/05/2021;A;16:00:00;11647
16/05/2021;B;16:00:00;1825
17/05/2021;A;16:00:00;12089
17/05/2021;B;16:00:00;1979
18/05/2021;A;16:00:00;40261
18/05/2021;B;16:00:00;4397
19/05/2021;A;16:00:00;34676
19/05/2021;B;16:00:00;4489
20/05/2021;A;16:00:00;39788
20/05/2021;B;16:00:00;4788
21/05/2021;A;16:00:00;38866
21/05/2021;B;16:00:00;4691
22/05/2021;A;16:00:00;22657
22/05/2021;B;16:00:00;3689
23/05/2021;A;16:00:00;11416
23/05/2021;B;16:00:00;1781
24/05/2021;A;16:00:00;38439
24/05/2021;B;16:00:00;4669
25/05/2021;A;16:00:00;38876
25/05/2021;B;16:00:00;4596
26/05/2021;A;16:00:00;38356
26/05/2021;B;16:00:00;4528
27/05/2021;A;16:00:00;39264
27/05/2021;B;16:00:00;4792
28/05/2021;A;16:00:00;39474
28/05/2021;B;16:00:00;1984
29/05/2021;A;16:00:00;23553
29/05/2021;B;16:00:00;3471
30/05/2021;A;16:00:00;12820
30/05/2021;B;16:00:00;2050
31/05/2021;A;16:00:00;37986
31/05/2021;B;16:00:00;4696
1/06/2021;A;16:00:00;38191
1/06/2021;B;16:00:00;4869
2/06/2021;A;16:00:00;39598
2/06/2021;B;16:00:00;5064
3/06/2021;A;16:00:00;39771
3/06/2021;B;16:00:00;5162
4/06/2021;A;16:00:00;40201
4/06/2021;B;16:00:00;5144
5/06/2021;A;16:00:00;24891
5/06/2021;B;16:00:00;3650
6/06/2021;A;16:00:00;14042
6/06/2021;B;16:00:00;2202
7/06/2021;A;16:00:00;13868
7/06/2021;B;16:00:00;2035
8/06/2021;A;16:00:00;40570
8/06/2021;B;16:00:00;4952
9/06/2021;A;16:00:00;40306
9/06/2021;B;16:00:00;5015
10/06/2021;A;16:00:00;40554
10/06/2021;B;16:00:00;5060
11/06/2021;A;16:00:00;42240
11/06/2021;B;16:00:00;5315
12/06/2021;A;16:00:00;26318
12/06/2021;B;16:00:00;3725
13/06/2021;A;16:00:00;13341
13/06/2021;B;16:00:00;2030
14/06/2021;A;16:00:00;14042
14/06/2021;B;16:00:00;2298
15/06/2021;A;16:00:00;38770
15/06/2021;B;16:00:00;4625
16/06/2021;A;16:00:00;41227
16/06/2021;B;16:00:00;5147
17/06/2021;A;16:00:00;36217
17/06/2021;B;16:00:00;4522
18/06/2021;A;16:00:00;40662
18/06/2021;B;16:00:00;5195
19/06/2021;A;16:00:00;27795
19/06/2021;B;16:00:00;3937
20/06/2021;A;16:00:00;14837
20/06/2021;B;16:00:00;2400
21/06/2021;A;16:00:00;39635
21/06/2021;B;16:00:00;5039
22/06/2021;A;16:00:00;39361
22/06/2021;B;16:00:00;5149
23/06/2021;A;16:00:00;42278
23/06/2021;B;16:00:00;5178
24/06/2021;A;16:00:00;40486
24/06/2021;B;16:00:00;5180
25/06/2021;A;16:00:00;41263
25/06/2021;B;16:00:00;5222
26/06/2021;A;16:00:00;26004
26/06/2021;B;16:00:00;3742
27/06/2021;A;16:00:00;15203
27/06/2021;B;16:00:00;2422
28/06/2021;A;16:00:00;39057
28/06/2021;B;16:00:00;5047
29/06/2021;A;16:00:00;41131
29/06/2021;B;16:00:00;4983
30/06/2021;A;16:00:00;40909
30/06/2021;B;16:00:00;5002
1/07/2021;A;16:00:00;41362
1/07/2021;B;16:00:00;5182
2/07/2021;A;16:00:00;42322
2/07/2021;B;16:00:00;5284
3/07/2021;A;16:00:00;28931
3/07/2021;B;16:00:00;4075
4/07/2021;A;16:00:00;17321
4/07/2021;B;16:00:00;2699
5/07/2021;A;16:00:00;15866
5/07/2021;B;16:00:00;2362
6/07/2021;A;16:00:00;41127
6/07/2021;B;16:00:00;5160
7/07/2021;A;16:00:00;41252
7/07/2021;B;16:00:00;5049
8/07/2021;A;16:00:00;40553
8/07/2021;B;16:00:00;5048
9/07/2021;A;16:00:00;42840
9/07/2021;B;16:00:00;5241
10/07/2021;A;16:00:00;27217
10/07/2021;B;16:00:00;3823
11/07/2021;A;16:00:00;15341
11/07/2021;B;16:00:00;2321
12/07/2021;A;16:00:00;40821
12/07/2021;B;16:00:00;4960
13/07/2021;A;16:00:00;41999
13/07/2021;B;16:00:00;5218
14/07/2021;A;16:00:00;40941
14/07/2021;B;16:00:00;5167
15/07/2021;A;16:00:00;41975
15/07/2021;B;16:00:00;5251
16/07/2021;A;16:00:00;43704
16/07/2021;B;16:00:00;5390
17/07/2021;A;16:00:00;29431
17/07/2021;B;16:00:00;4328
18/07/2021;A;16:00:00;15997
18/07/2021;B;16:00:00;2689
19/07/2021;A;16:00:00;39330
19/07/2021;B;16:00:00;5054
20/07/2021;A;16:00:00;13600
20/07/2021;B;16:00:00;2208
21/07/2021;A;16:00:00;42527
21/07/2021;B;16:00:00;5310
22/07/2021;A;16:00:00;42228
22/07/2021;B;16:00:00;5315
23/07/2021;A;16:00:00;43599
23/07/2021;B;16:00:00;5405
24/07/2021;A;16:00:00;27319
24/07/2021;B;16:00:00;3930
25/07/2021;A;16:00:00;13863
25/07/2021;B;16:00:00;2392
26/07/2021;A;16:00:00;41708
26/07/2021;B;16:00:00;5059
27/07/2021;A;16:00:00;42099
27/07/2021;B;16:00:00;5326
28/07/2021;A;16:00:00;42571
28/07/2021;B;16:00:00;5450
29/07/2021;A;16:00:00;42737
29/07/2021;B;16:00:00;5289
30/07/2021;A;16:00:00;43807
30/07/2021;B;16:00:00;5557
31/07/2021;A;16:00:00;29583
31/07/2021;B;16:00:00;2474
1/08/2021;A;16:00:00;15210
1/08/2021;B;16:00:00;2705
2/08/2021;A;16:00:00;42019
2/08/2021;B;16:00:00;5467
3/08/2021;A;16:00:00;42359
3/08/2021;B;16:00:00;5312
4/08/2021;A;16:00:00;43620
4/08/2021;B;16:00:00;5549
5/08/2021;A;16:00:00;43360
5/08/2021;B;16:00:00;5534
6/08/2021;A;16:00:00;45778
6/08/2021;B;16:00:00;5789
7/08/2021;A;16:00:00;22258
7/08/2021;B;16:00:00;3499
8/08/2021;A;16:00:00;15474
8/08/2021;B;16:00:00;2602
9/08/2021;A;16:00:00;44736
9/08/2021;B;16:00:00;5550
10/08/2021;A;16:00:00;46121
10/08/2021;B;16:00:00;5713
11/08/2021;A;16:00:00;45308
11/08/2021;B;16:00:00;5782
12/08/2021;A;16:00:00;45008
12/08/2021;B;16:00:00;5594
13/08/2021;A;16:00:00;47740
13/08/2021;B;16:00:00;5651
14/08/2021;A;16:00:00;30032
14/08/2021;B;16:00:00;4630
15/08/2021;A;16:00:00;18384
15/08/2021;B;16:00:00;3180
16/08/2021;A;16:00:00;17416
16/08/2021;B;16:00:00;2944
17/08/2021;A;16:00:00;46516
17/08/2021;B;16:00:00;5857
18/08/2021;A;16:00:00;45513
18/08/2021;B;16:00:00;5893
19/08/2021;A;16:00:00;44797
19/08/2021;B;16:00:00;5598
20/08/2021;A;16:00:00;49333
20/08/2021;B;16:00:00;6295
21/08/2021;A;16:00:00;30180
21/08/2021;B;16:00:00;4281
22/08/2021;A;16:00:00;16002
22/08/2021;B;16:00:00;3140
23/08/2021;A;16:00:00;45624
23/08/2021;B;16:00:00;5658
24/08/2021;A;16:00:00;48368
24/08/2021;B;16:00:00;6433
25/08/2021;A;16:00:00;46796
25/08/2021;B;16:00:00;5798
26/08/2021;A;16:00:00;46474
26/08/2021;B;16:00:00;5685
27/08/2021;A;16:00:00;47704
27/08/2021;B;16:00:00;6090
28/08/2021;A;16:00:00;30971
28/08/2021;B;16:00:00;4437
29/08/2021;A;16:00:00;16492
29/08/2021;B;16:00:00;2599
30/08/2021;A;16:00:00;47124
30/08/2021;B;16:00:00;5815
31/08/2021;A;16:00:00;47110
31/08/2021;B;16:00:00;5885
1/09/2021;A;16:00:00;47544
1/09/2021;B;16:00:00;5733
2/09/2021;A;16:00:00;44553
2/09/2021;B;16:00:00;5582
3/09/2021;A;16:00:00;49618
3/09/2021;B;16:00:00;6160
4/09/2021;A;16:00:00;31972
4/09/2021;B;16:00:00;4822
5/09/2021;A;16:00:00;18267
5/09/2021;B;16:00:00;3239
6/09/2021;A;16:00:00;48042
6/09/2021;B;16:00:00;5897
7/09/2021;A;16:00:00;47445
7/09/2021;B;16:00:00;5718
8/09/2021;A;16:00:00;46613
8/09/2021;B;16:00:00;5719
9/09/2021;A;16:00:00;50967
9/09/2021;B;16:00:00;6359
10/09/2021;A;16:00:00;49790
10/09/2021;B;16:00:00;6595
11/09/2021;A;16:00:00;31465
11/09/2021;B;16:00:00;4603
12/09/2021;A;16:00:00;18402
12/09/2021;B;16:00:00;2940
13/09/2021;A;16:00:00;47322
13/09/2021;B;16:00:00;6108
14/09/2021;A;16:00:00;48211
14/09/2021;B;16:00:00;5967
15/09/2021;A;16:00:00;50133
15/09/2021;B;16:00:00;6361
16/09/2021;A;16:00:00;48435
16/09/2021;B;16:00:00;6246
17/09/2021;A;16:00:00;50436
17/09/2021;B;16:00:00;6754
18/09/2021;A;16:00:00;32332
18/09/2021;B;16:00:00;4679
19/09/2021;A;16:00:00;17613
19/09/2021;B;16:00:00;2737
20/09/2021;A;16:00:00;49297
20/09/2021;B;16:00:00;6303
21/09/2021;A;16:00:00;49058
21/09/2021;B;16:00:00;6173
22/09/2021;A;16:00:00;47763
22/09/2021;B;16:00:00;5847
23/09/2021;A;16:00:00;47443
23/09/2021;B;16:00:00;5942
24/09/2021;A;16:00:00;45117
24/09/2021;B;16:00:00;6568
25/09/2021;A;16:00:00;32838
25/09/2021;B;16:00:00;4690
26/09/2021;A;16:00:00;16859
26/09/2021;B;16:00:00;2879
27/09/2021;A;16:00:00;47150
27/09/2021;B;16:00:00;5945
28/09/2021;A;16:00:00;47954
28/09/2021;B;16:00:00;5886
29/09/2021;A;16:00:00;48866
29/09/2021;B;16:00:00;6005
30/09/2021;A;16:00:00;47612
30/09/2021;B;16:00:00;5991
1/10/2021;A;16:00:00;50828
1/10/2021;B;16:00:00;6381
2/10/2021;A;16:00:00;33772
2/10/2021;B;16:00:00;4843
3/10/2021;A;16:00:00;18882
3/10/2021;B;16:00:00;2680
4/10/2021;A;16:00:00;48875
4/10/2021;B;16:00:00;5879
5/10/2021;A;16:00:00;49319
5/10/2021;B;16:00:00;6145
6/10/2021;A;16:00:00;50073
6/10/2021;B;16:00:00;6302
7/10/2021;A;16:00:00;51134
7/10/2021;B;16:00:00;6445
8/10/2021;A;16:00:00;52311
8/10/2021;B;16:00:00;6611
9/10/2021;A;16:00:00;31876
9/10/2021;B;16:00:00;4628
10/10/2021;A;16:00:00;16690
10/10/2021;B;16:00:00;2478
11/10/2021;A;16:00:00;47751
11/10/2021;B;16:00:00;5958
12/10/2021;A;16:00:00;50703
12/10/2021;B;16:00:00;6869
13/10/2021;A;16:00:00;51188
13/10/2021;B;16:00:00;6521
14/10/2021;A;16:00:00;48886
14/10/2021;B;16:00:00;5833
15/10/2021;A;16:00:00;52939
15/10/2021;B;16:00:00;6421
16/10/2021;A;16:00:00;34384
16/10/2021;B;16:00:00;5003
17/10/2021;A;16:00:00;18014
17/10/2021;B;16:00:00;2820
18/10/2021;A;16:00:00;18008
18/10/2021;B;16:00:00;2863
19/10/2021;A;16:00:00;49705
19/10/2021;B;16:00:00;6154
20/10/2021;A;16:00:00;50696
20/10/2021;B;16:00:00;6393
21/10/2021;A;16:00:00;49953
21/10/2021;B;16:00:00;6263
22/10/2021;A;16:00:00;57143
22/10/2021;B;16:00:00;7390
23/10/2021;A;16:00:00;34218
23/10/2021;B;16:00:00;5109
24/10/2021;A;16:00:00;17725
24/10/2021;B;16:00:00;2749
25/10/2021;A;16:00:00;49040
25/10/2021;B;16:00:00;6144
26/10/2021;A;16:00:00;51057
26/10/2021;B;16:00:00;6397
27/10/2021;A;16:00:00;52539
27/10/2021;B;16:00:00;6731
28/10/2021;A;16:00:00;51772
28/10/2021;B;16:00:00;6411
29/10/2021;A;16:00:00;51265
29/10/2021;B;16:00:00;6593
30/10/2021;A;16:00:00;34586
30/10/2021;B;16:00:00;4986
31/10/2021;A;16:00:00;18792
31/10/2021;B;16:00:00;3425
1/11/2021;A;16:00:00;17577
1/11/2021;B;16:00:00;2681
2/11/2021;A;16:00:00;48026
2/11/2021;B;16:00:00;5911
3/11/2021;A;16:00:00;51239
3/11/2021;B;16:00:00;6501
4/11/2021;A;16:00:00;51301
4/11/2021;B;16:00:00;6451
5/11/2021;A;16:00:00;52958
5/11/2021;B;16:00:00;6828
6/11/2021;A;16:00:00;34110
6/11/2021;B;16:00:00;4889
7/11/2021;A;16:00:00;17639
7/11/2021;B;16:00:00;2924
8/11/2021;A;16:00:00;50873
8/11/2021;B;16:00:00;6553
9/11/2021;A;16:00:00;52872
9/11/2021;B;16:00:00;6565
10/11/2021;A;16:00:00;48952
10/11/2021;B;16:00:00;5876
11/11/2021;A;16:00:00;52821
11/11/2021;B;16:00:00;6709
12/11/2021;A;16:00:00;53203
12/11/2021;B;16:00:00;6838
13/11/2021;A;16:00:00;35048
13/11/2021;B;16:00:00;5201
14/11/2021;A;16:00:00;19470
14/11/2021;B;16:00:00;3344
15/11/2021;A;16:00:00;19106
15/11/2021;B;16:00:00;2894
16/11/2021;A;16:00:00;54708
16/11/2021;B;16:00:00;6683
17/11/2021;A;16:00:00;50451
17/11/2021;B;16:00:00;6573
18/11/2021;A;16:00:00;51984
18/11/2021;B;16:00:00;6636
19/11/2021;A;16:00:00;56520
19/11/2021;B;16:00:00;7083
20/11/2021;A;16:00:00;37416
20/11/2021;B;16:00:00;5246
21/11/2021;A;16:00:00;18670
21/11/2021;B;16:00:00;2792
22/11/2021;A;16:00:00;49975
22/11/2021;B;16:00:00;6309
23/11/2021;A;16:00:00;51311
23/11/2021;B;16:00:00;6325
24/11/2021;A;16:00:00;51385
24/11/2021;B;16:00:00;6492
25/11/2021;A;16:00:00;52253
25/11/2021;B;16:00:00;6461
26/11/2021;A;16:00:00;53357
26/11/2021;B;16:00:00;7004
27/11/2021;A;16:00:00;35988
27/11/2021;B;16:00:00;5239
28/11/2021;A;16:00:00;20486
28/11/2021;B;16:00:00;3219
29/11/2021;A;16:00:00;50410
29/11/2021;B;16:00:00;6242
30/11/2021;A;16:00:00;52690
30/11/2021;B;16:00:00;6467
1/12/2021;A;16:00:00;52816
1/12/2021;B;16:00:00;6617
2/12/2021;A;16:00:00;52835
2/12/2021;B;16:00:00;6475
3/12/2021;A;16:00:00;58941
3/12/2021;B;16:00:00;7201
4/12/2021;A;16:00:00;39973
4/12/2021;B;16:00:00;5595
5/12/2021;A;16:00:00;23030
5/12/2021;B;16:00:00;3501
6/12/2021;A;16:00:00;53516
6/12/2021;B;16:00:00;6968
7/12/2021;A;16:00:00;57698
7/12/2021;B;16:00:00;7521
8/12/2021;A;16:00:00;22631
8/12/2021;B;16:00:00;3268
9/12/2021;A;16:00:00;53424
9/12/2021;B;16:00:00;6734
10/12/2021;A;16:00:00;57892
10/12/2021;B;16:00:00;7441
11/12/2021;A;16:00:00;38284
11/12/2021;B;16:00:00;5882
12/12/2021;A;16:00:00;24938
12/12/2021;B;16:00:00;3632
13/12/2021;A;16:00:00;52664
13/12/2021;B;16:00:00;6968
14/12/2021;A;16:00:00;54241
14/12/2021;B;16:00:00;6985
15/12/2021;A;16:00:00;52983
15/12/2021;B;16:00:00;6607
16/12/2021;A;16:00:00;54222
16/12/2021;B;16:00:00;6464
17/12/2021;A;16:00:00;52819
17/12/2021;B;16:00:00;6787
18/12/2021;A;16:00:00;41528
18/12/2021;B;16:00:00;5702
19/12/2021;A;16:00:00;26696
19/12/2021;B;16:00:00;3909
20/12/2021;A;16:00:00;55069
20/12/2021;B;16:00:00;6646
21/12/2021;A;16:00:00;54786
21/12/2021;B;16:00:00;6766
22/12/2021;A;16:00:00;54916
22/12/2021;B;16:00:00;6721
23/12/2021;A;16:00:00;56474
23/12/2021;B;16:00:00;6765
24/12/2021;A;16:00:00;33299
24/12/2021;B;16:00:00;3972
25/12/2021;A;16:00:00;13074
25/12/2021;B;16:00:00;2239
26/12/2021;A;16:00:00;18729
26/12/2021;B;16:00:00;2887
27/12/2021;A;16:00:00;44503
27/12/2021;B;16:00:00;5572
28/12/2021;A;16:00:00;46574
28/12/2021;B;16:00:00;5698
29/12/2021;A;16:00:00;44791
29/12/2021;B;16:00:00;5567
30/12/2021;A;16:00:00;46270
30/12/2021;B;16:00:00;5871
31/12/2021;A;16:00:00;26188
31/12/2021;B;16:00:00;3679
1/01/2022;A;16:00:00;10642
1/01/2022;B;16:00:00;2121
2/01/2022;A;16:00:00;15439
2/01/2022;B;16:00:00;3009
3/01/2022;A;16:00:00;39225
3/01/2022;B;16:00:00;5003
4/01/2022;A;16:00:00;40500
4/01/2022;B;16:00:00;5046
5/01/2022;A;16:00:00;41354
5/01/2022;B;16:00:00;5231
6/01/2022;A;16:00:00;27768
6/01/2022;B;16:00:00;5095
7/01/2022;A;16:00:00;39337
7/01/2022;B;16:00:00;5247
8/01/2022;A;16:00:00;26248
8/01/2022;B;16:00:00;4555
9/01/2022;A;16:00:00;15946
9/01/2022;B;16:00:00;3020
10/01/2022;A;16:00:00;16447
10/01/2022;B;16:00:00;2808
11/01/2022;A;16:00:00;45365
11/01/2022;B;16:00:00;5677
12/01/2022;A;16:00:00;45422
12/01/2022;B;16:00:00;5692
13/01/2022;A;16:00:00;44409
13/01/2022;B;16:00:00;5700
14/01/2022;A;16:00:00;46125
14/01/2022;B;16:00:00;5933
15/01/2022;A;16:00:00;29225
15/01/2022;B;16:00:00;4483
16/01/2022;A;16:00:00;17279
16/01/2022;B;16:00:00;3004
17/01/2022;A;16:00:00;47876
17/01/2022;B;16:00:00;5960
18/01/2022;A;16:00:00;48514
18/01/2022;B;16:00:00;5932
19/01/2022;A;16:00:00;48074
19/01/2022;B;16:00:00;6097
20/01/2022;A;16:00:00;48609
20/01/2022;B;16:00:00;6149
21/01/2022;A;16:00:00;50866
21/01/2022;B;16:00:00;6476
22/01/2022;A;16:00:00;29516
22/01/2022;B;16:00:00;4302
23/01/2022;A;16:00:00;17033
23/01/2022;B;16:00:00;2988
24/01/2022;A;16:00:00;49037
24/01/2022;B;16:00:00;6303
25/01/2022;A;16:00:00;49360
25/01/2022;B;16:00:00;5576
26/01/2022;A;16:00:00;51339
26/01/2022;B;16:00:00;6400
27/01/2022;A;16:00:00;50121
27/01/2022;B;16:00:00;6307
28/01/2022;A;16:00:00;51997
28/01/2022;B;16:00:00;6527
29/01/2022;A;16:00:00;32022
29/01/2022;B;16:00:00;4768
30/01/2022;A;16:00:00;17739
30/01/2022;B;16:00:00;2975
31/01/2022;A;16:00:00;49470
31/01/2022;B;16:00:00;6363
1/02/2022;A;16:00:00;53731
1/02/2022;B;16:00:00;6580
2/02/2022;A;16:00:00;53612
2/02/2022;B;16:00:00;6725
3/02/2022;A;16:00:00;52455
3/02/2022;B;16:00:00;6733
4/02/2022;A;16:00:00;56274
4/02/2022;B;16:00:00;7553
5/02/2022;A;16:00:00;33102
5/02/2022;B;16:00:00;5097
6/02/2022;A;16:00:00;16660
6/02/2022;B;16:00:00;2995
7/02/2022;A;16:00:00;53099
7/02/2022;B;16:00:00;6689
8/02/2022;A;16:00:00;55476
8/02/2022;B;16:00:00;7020
9/02/2022;A;16:00:00;56653
9/02/2022;B;16:00:00;7091
10/02/2022;A;16:00:00;54432
10/02/2022;B;16:00:00;7200
11/02/2022;A;16:00:00;56059
11/02/2022;B;16:00:00;7396
12/02/2022;A;16:00:00;31767
12/02/2022;B;16:00:00;4983
13/02/2022;A;16:00:00;14084
13/02/2022;B;16:00:00;2571
14/02/2022;A;16:00:00;50977
14/02/2022;B;16:00:00;6886
15/02/2022;A;16:00:00;54040
15/02/2022;B;16:00:00;7224
16/02/2022;A;16:00:00;56384
16/02/2022;B;16:00:00;7341
17/02/2022;A;16:00:00;56446
17/02/2022;B;16:00:00;7611
18/02/2022;A;16:00:00;56925
18/02/2022;B;16:00:00;7694
19/02/2022;A;16:00:00;32297
19/02/2022;B;16:00:00;5017
20/02/2022;A;16:00:00;20781
20/02/2022;B;16:00:00;3224
21/02/2022;A;16:00:00;52353
21/02/2022;B;16:00:00;7854
22/02/2022;A;16:00:00;59700
22/02/2022;B;16:00:00;7660
23/02/2022;A;16:00:00;56180
23/02/2022;B;16:00:00;7590
24/02/2022;A;16:00:00;54488
24/02/2022;B;16:00:00;7093
25/02/2022;A;16:00:00;56522
25/02/2022;B;16:00:00;7665
26/02/2022;A;16:00:00;33641
26/02/2022;B;16:00:00;5133
27/02/2022;A;16:00:00;18264
27/02/2022;B;16:00:00;2694
28/02/2022;A;16:00:00;53994
28/02/2022;B;16:00:00;7202
1/03/2022;A;16:00:00;57754
1/03/2022;B;16:00:00;7462
2/03/2022;A;16:00:00;57156
2/03/2022;B;16:00:00;7649
3/03/2022;A;16:00:00;59978
3/03/2022;B;16:00:00;7801
4/03/2022;A;16:00:00;58797
4/03/2022;B;16:00:00;7650
5/03/2022;A;16:00:00;36293
5/03/2022;B;16:00:00;5733
6/03/2022;A;16:00:00;17589
6/03/2022;B;16:00:00;2541
7/03/2022;A;16:00:00;54913
7/03/2022;B;16:00:00;6999
8/03/2022;A;16:00:00;57625
8/03/2022;B;16:00:00;7531
9/03/2022;A;16:00:00;56161
9/03/2022;B;16:00:00;7468
10/03/2022;A;16:00:00;54849
10/03/2022;B;16:00:00;7573
11/03/2022;A;16:00:00;59143
11/03/2022;B;16:00:00;7849
12/03/2022;A;16:00:00;32722
12/03/2022;B;16:00:00;4774
13/03/2022;A;16:00:00;704
13/03/2022;B;16:00:00;31
14/03/2022;A;16:00:00;57238
14/03/2022;B;16:00:00;7331
15/03/2022;A;16:00:00;57330
15/03/2022;B;16:00:00;7633
16/03/2022;A;16:00:00;54603
16/03/2022;B;16:00:00;7389
17/03/2022;A;16:00:00;59424
17/03/2022;B;16:00:00;7011
18/03/2022;A;16:00:00;57234
18/03/2022;B;16:00:00;7863
19/03/2022;A;16:00:00;33721
19/03/2022;B;16:00:00;5119
20/03/2022;A;16:00:00;17950
20/03/2022;B;16:00:00;3514
21/03/2022;A;16:00:00;18764
21/03/2022;B;16:00:00;3260
22/03/2022;A;16:00:00;57352
22/03/2022;B;16:00:00;7169
23/03/2022;A;16:00:00;56207
23/03/2022;B;16:00:00;7566
24/03/2022;A;16:00:00;58243
24/03/2022;B;16:00:00;7790
25/03/2022;A;16:00:00;58406
25/03/2022;B;16:00:00;7723
26/03/2022;A;16:00:00;33054
26/03/2022;B;16:00:00;5285
27/03/2022;A;16:00:00;17848
27/03/2022;B;16:00:00;2775
28/03/2022;A;16:00:00;57387
28/03/2022;B;16:00:00;7579
29/03/2022;A;16:00:00;59816
29/03/2022;B;16:00:00;8193
30/03/2022;A;16:00:00;56238
30/03/2022;B;16:00:00;7150
31/03/2022;A;16:00:00;56743
31/03/2022;B;16:00:00;7405
1/04/2022;A;16:00:00;58382
1/04/2022;B;16:00:00;7508
2/04/2022;A;16:00:00;34209
2/04/2022;B;16:00:00;7899
3/04/2022;A;16:00:00;18024
3/04/2022;B;16:00:00;2962
4/04/2022;A;16:00:00;56702
4/04/2022;B;16:00:00;7194
5/04/2022;A;16:00:00;57646
5/04/2022;B;16:00:00;7657
6/04/2022;A;16:00:00;56931
6/04/2022;B;16:00:00;8212
7/04/2022;A;16:00:00;57238
7/04/2022;B;16:00:00;7683
8/04/2022;A;16:00:00;57246
8/04/2022;B;16:00:00;7394
9/04/2022;A;16:00:00;35607
9/04/2022;B;16:00:00;5432
10/04/2022;A;16:00:00;19175
10/04/2022;B;16:00:00;3320
11/04/2022;A;16:00:00;48862
11/04/2022;B;16:00:00;6306
12/04/2022;A;16:00:00;47969
12/04/2022;B;16:00:00;6124
13/04/2022;A;16:00:00;48270
13/04/2022;B;16:00:00;6333
14/04/2022;A;16:00:00;17136
14/04/2022;B;16:00:00;3449
15/04/2022;A;16:00:00;14643
15/04/2022;B;16:00:00;3310
16/04/2022;A;16:00:00;24080
16/04/2022;B;16:00:00;3884
17/04/2022;A;16:00:00;17411
17/04/2022;B;16:00:00;2771
18/04/2022;A;16:00:00;54131
18/04/2022;B;16:00:00;7014
19/04/2022;A;16:00:00;56291
19/04/2022;B;16:00:00;7493
20/04/2022;A;16:00:00;56328
20/04/2022;B;16:00:00;7717
21/04/2022;A;16:00:00;56387
21/04/2022;B;16:00:00;7347
22/04/2022;A;16:00:00;57100
22/04/2022;B;16:00:00;7362
23/04/2022;A;16:00:00;36346
23/04/2022;B;16:00:00;5392
24/04/2022;A;16:00:00;18152
24/04/2022;B;16:00:00;3288
25/04/2022;A;16:00:00;56063
25/04/2022;B;16:00:00;6885
26/04/2022;A;16:00:00;55505
26/04/2022;B;16:00:00;7360
27/04/2022;A;16:00:00;56507
27/04/2022;B;16:00:00;8683
28/04/2022;A;16:00:00;56749
28/04/2022;B;16:00:00;7068
29/04/2022;A;16:00:00;58171
29/04/2022;B;16:00:00;7574
30/04/2022;A;16:00:00;38643
30/04/2022;B;16:00:00;5314
1/05/2022;A;16:00:00;19252
1/05/2022;B;16:00:00;3282
2/05/2022;A;16:00:00;55391
2/05/2022;B;16:00:00;7216
3/05/2022;A;16:00:00;56115
3/05/2022;B;16:00:00;7322
4/05/2022;A;16:00:00;56563
4/05/2022;B;16:00:00;7122
5/05/2022;A;16:00:00;58002
5/05/2022;B;16:00:00;7746
6/05/2022;A;16:00:00;58830
6/05/2022;B;16:00:00;7596
7/05/2022;A;16:00:00;38461
7/05/2022;B;16:00:00;5434
8/05/2022;A;16:00:00;16272
8/05/2022;B;16:00:00;2767
9/05/2022;A;16:00:00;55355
9/05/2022;B;16:00:00;6925
10/05/2022;A;16:00:00;56454
10/05/2022;B;16:00:00;6780
11/05/2022;A;16:00:00;57869
11/05/2022;B;16:00:00;7541
12/05/2022;A;16:00:00;56668
12/05/2022;B;16:00:00;7234
13/05/2022;A;16:00:00;58593
13/05/2022;B;16:00:00;7399
14/05/2022;A;16:00:00;38161
14/05/2022;B;16:00:00;5890
15/05/2022;A;16:00:00;19259
15/05/2022;B;16:00:00;3235
16/05/2022;A;16:00:00;55465
16/05/2022;B;16:00:00;6904
17/05/2022;A;16:00:00;57111
17/05/2022;B;16:00:00;7231
18/05/2022;A;16:00:00;57611
18/05/2022;B;16:00:00;7530
19/05/2022;A;16:00:00;27823
19/05/2022;B;16:00:00;6730
20/05/2022;A;16:00:00;58278
20/05/2022;B;16:00:00;7551
21/05/2022;A;16:00:00;30719
21/05/2022;B;16:00:00;4442
22/05/2022;A;16:00:00;19370
22/05/2022;B;16:00:00;2927
23/05/2022;A;16:00:00;54756
23/05/2022;B;16:00:00;6680
24/05/2022;A;16:00:00;59265
24/05/2022;B;16:00:00;7899
25/05/2022;A;16:00:00;57627
25/05/2022;B;16:00:00;7360
26/05/2022;A;16:00:00;54997
26/05/2022;B;16:00:00;6888
27/05/2022;A;16:00:00;60099
27/05/2022;B;16:00:00;7493
28/05/2022;A;16:00:00;30298
28/05/2022;B;16:00:00;4762
29/05/2022;A;16:00:00;211
29/05/2022;B;16:00:00;57
30/05/2022;A;16:00:00;17710
30/05/2022;B;16:00:00;2904
31/05/2022;A;16:00:00;58291
31/05/2022;B;16:00:00;7000
1/06/2022;A;16:00:00;55662
1/06/2022;B;16:00:00;6714
2/06/2022;A;16:00:00;56883
2/06/2022;B;16:00:00;7220
3/06/2022;A;16:00:00;57698
3/06/2022;B;16:00:00;7526
4/06/2022;A;16:00:00;34084
4/06/2022;B;16:00:00;5207
5/06/2022;A;16:00:00;17458
5/06/2022;B;16:00:00;2889
6/06/2022;A;16:00:00;50146
6/06/2022;B;16:00:00;6675
7/06/2022;A;16:00:00;56034
7/06/2022;B;16:00:00;6963
8/06/2022;A;16:00:00;54585
8/06/2022;B;16:00:00;7300
9/06/2022;A;16:00:00;56462
9/06/2022;B;16:00:00;7000
10/06/2022;A;16:00:00;56408
10/06/2022;B;16:00:00;7602
11/06/2022;A;16:00:00;33663
11/06/2022;B;16:00:00;5168
12/06/2022;A;16:00:00;19722
12/06/2022;B;16:00:00;3582
13/06/2022;A;16:00:00;54523
13/06/2022;B;16:00:00;6929
14/06/2022;A;16:00:00;56119
14/06/2022;B;16:00:00;6932
15/06/2022;A;16:00:00;55699
15/06/2022;B;16:00:00;6972
16/06/2022;A;16:00:00;45271
16/06/2022;B;16:00:00;5975
17/06/2022;A;16:00:00;45226
17/06/2022;B;16:00:00;6361
18/06/2022;A;16:00:00;27059
18/06/2022;B;16:00:00;4476
19/06/2022;A;16:00:00;186
19/06/2022;B;16:00:00;13
20/06/2022;A;16:00:00;14114
20/06/2022;B;16:00:00;2753
21/06/2022;A;16:00:00;45067
21/06/2022;B;16:00:00;6267
22/06/2022;A;16:00:00;55612
22/06/2022;B;16:00:00;7156
23/06/2022;A;16:00:00;55243
23/06/2022;B;16:00:00;6839
24/06/2022;A;16:00:00;56327
24/06/2022;B;16:00:00;7198
25/06/2022;A;16:00:00;34326
25/06/2022;B;16:00:00;5273
26/06/2022;A;16:00:00;19639
26/06/2022;B;16:00:00;3489
27/06/2022;A;16:00:00;17833
27/06/2022;B;16:00:00;3164
28/06/2022;A;16:00:00;51712
28/06/2022;B;16:00:00;6270
29/06/2022;A;16:00:00;50355
29/06/2022;B;16:00:00;6430
30/06/2022;A;16:00:00;57118
30/06/2022;B;16:00:00;6944
1/07/2022;A;16:00:00;56060
1/07/2022;B;16:00:00;6720
2/07/2022;A;16:00:00;37097
2/07/2022;B;16:00:00;5782
3/07/2022;A;16:00:00;22220
3/07/2022;B;16:00:00;4919
4/07/2022;A;16:00:00;20137
4/07/2022;B;16:00:00;3399
5/07/2022;A;16:00:00;54785
5/07/2022;B;16:00:00;6534
6/07/2022;A;16:00:00;54085
6/07/2022;B;16:00:00;6697
7/07/2022;A;16:00:00;54968
7/07/2022;B;16:00:00;6529
8/07/2022;A;16:00:00;56851
8/07/2022;B;16:00:00;6811
9/07/2022;A;16:00:00;33956
9/07/2022;B;16:00:00;5078
10/07/2022;A;16:00:00;20128
10/07/2022;B;16:00:00;3424
11/07/2022;A;16:00:00;52683
11/07/2022;B;16:00:00;6134
12/07/2022;A;16:00:00;54614
12/07/2022;B;16:00:00;6364
13/07/2022;A;16:00:00;56202
13/07/2022;B;16:00:00;6861
14/07/2022;A;16:00:00;55120
14/07/2022;B;16:00:00;7675
15/07/2022;A;16:00:00;56140
15/07/2022;B;16:00:00;7649
16/07/2022;A;16:00:00;38936
16/07/2022;B;16:00:00;5730
17/07/2022;A;16:00:00;20113
17/07/2022;B;16:00:00;3164
18/07/2022;A;16:00:00;53875
18/07/2022;B;16:00:00;6592
19/07/2022;A;16:00:00;54798
19/07/2022;B;16:00:00;6709
20/07/2022;A;16:00:00;20347
20/07/2022;B;16:00:00;3297
21/07/2022;A;16:00:00;56229
21/07/2022;B;16:00:00;6937
22/07/2022;A;16:00:00;57491
22/07/2022;B;16:00:00;6965
23/07/2022;A;16:00:00;31057
23/07/2022;B;16:00:00;4725
24/07/2022;A;16:00:00;17794
24/07/2022;B;16:00:00;3165
25/07/2022;A;16:00:00;55267
25/07/2022;B;16:00:00;6672
26/07/2022;A;16:00:00;55979
26/07/2022;B;16:00:00;6614
27/07/2022;A;16:00:00;55447
27/07/2022;B;16:00:00;7156
28/07/2022;A;16:00:00;56056
28/07/2022;B;16:00:00;6907
29/07/2022;A;16:00:00;58657
29/07/2022;B;16:00:00;7273
30/07/2022;A;16:00:00;35689
30/07/2022;B;16:00:00;5038
31/07/2022;A;16:00:00;19975
31/07/2022;B;16:00:00;3283
1/08/2022;A;16:00:00;58104
1/08/2022;B;16:00:00;7168
2/08/2022;A;16:00:00;47645
2/08/2022;B;16:00:00;6509
3/08/2022;A;16:00:00;57931
3/08/2022;B;16:00:00;7194
4/08/2022;A;16:00:00;57084
4/08/2022;B;16:00:00;6909
5/08/2022;A;16:00:00;31435
5/08/2022;B;16:00:00;6639
6/08/2022;A;16:00:00;35956
6/08/2022;B;16:00:00;5285
7/08/2022;A;16:00:00;18894
7/08/2022;B;16:00:00;3316
8/08/2022;A;16:00:00;56581
8/08/2022;B;16:00:00;7055
9/08/2022;A;16:00:00;58221
9/08/2022;B;16:00:00;7271
10/08/2022;A;16:00:00;58044
10/08/2022;B;16:00:00;7456
11/08/2022;A;16:00:00;58458
11/08/2022;B;16:00:00;7338
12/08/2022;A;16:00:00;59593
12/08/2022;B;16:00:00;7673
13/08/2022;A;16:00:00;45560
13/08/2022;B;16:00:00;6422
14/08/2022;A;16:00:00;24589
14/08/2022;B;16:00:00;5700
15/08/2022;A;16:00:00;26392
15/08/2022;B;16:00:00;3724
16/08/2022;A;16:00:00;59475
16/08/2022;B;16:00:00;7716
17/08/2022;A;16:00:00;60237
17/08/2022;B;16:00:00;7974
18/08/2022;A;16:00:00;60779
18/08/2022;B;16:00:00;7916
19/08/2022;A;16:00:00;59429
19/08/2022;B;16:00:00;7863
20/08/2022;A;16:00:00;36959
20/08/2022;B;16:00:00;5524
21/08/2022;A;16:00:00;19137
21/08/2022;B;16:00:00;3149
22/08/2022;A;16:00:00;58395
22/08/2022;B;16:00:00;7220
23/08/2022;A;16:00:00;59447
23/08/2022;B;16:00:00;7641
24/08/2022;A;16:00:00;59943
24/08/2022;B;16:00:00;7646
25/08/2022;A;16:00:00;59341
25/08/2022;B;16:00:00;7483
26/08/2022;A;16:00:00;59940
26/08/2022;B;16:00:00;7584
27/08/2022;A;16:00:00;35615
27/08/2022;B;16:00:00;5170
28/08/2022;A;16:00:00;19426
28/08/2022;B;16:00:00;3122
29/08/2022;A;16:00:00;57945
29/08/2022;B;16:00:00;7063
30/08/2022;A;16:00:00;60834
30/08/2022;B;16:00:00;7935
31/08/2022;A;16:00:00;58508
31/08/2022;B;16:00:00;7418
1/09/2022;A;16:00:00;59780
1/09/2022;B;16:00:00;7539
2/09/2022;A;16:00:00;60534
2/09/2022;B;16:00:00;7840
3/09/2022;A;16:00:00;38014
3/09/2022;B;16:00:00;5427
4/09/2022;A;16:00:00;21883
4/09/2022;B;16:00:00;3568
5/09/2022;A;16:00:00;57795
5/09/2022;B;16:00:00;7455
6/09/2022;A;16:00:00;59764
6/09/2022;B;16:00:00;7934
7/09/2022;A;16:00:00;60601
7/09/2022;B;16:00:00;7759
8/09/2022;A;16:00:00;63325
8/09/2022;B;16:00:00;8494
9/09/2022;A;16:00:00;62482
9/09/2022;B;16:00:00;8293
10/09/2022;A;16:00:00;37510
10/09/2022;B;16:00:00;5691
11/09/2022;A;16:00:00;20663
11/09/2022;B;16:00:00;3200
12/09/2022;A;16:00:00;60074
12/09/2022;B;16:00:00;7425
13/09/2022;A;16:00:00;62571
13/09/2022;B;16:00:00;8050
14/09/2022;A;16:00:00;60634
14/09/2022;B;16:00:00;7714
15/09/2022;A;16:00:00;60732
15/09/2022;B;16:00:00;7815
16/09/2022;A;16:00:00;63004
16/09/2022;B;16:00:00;7858
17/09/2022;A;16:00:00;40081
17/09/2022;B;16:00:00;5640
18/09/2022;A;16:00:00;22887
18/09/2022;B;16:00:00;3436
19/09/2022;A;16:00:00;56431
19/09/2022;B;16:00:00;7166
20/09/2022;A;16:00:00;58614
20/09/2022;B;16:00:00;7562
21/09/2022;A;16:00:00;61761
21/09/2022;B;16:00:00;7533
22/09/2022;A;16:00:00;60312
22/09/2022;B;16:00:00;7420
23/09/2022;A;16:00:00;63563
23/09/2022;B;16:00:00;8010
24/09/2022;A;16:00:00;35266
24/09/2022;B;16:00:00;5079
25/09/2022;A;16:00:00;20235
25/09/2022;B;16:00:00;3529
26/09/2022;A;16:00:00;58093
26/09/2022;B;16:00:00;7213
27/09/2022;A;16:00:00;60878
27/09/2022;B;16:00:00;7877
28/09/2022;A;16:00:00;59301
28/09/2022;B;16:00:00;7745
29/09/2022;A;16:00:00;59939
29/09/2022;B;16:00:00;8195
30/09/2022;A;16:00:00;59312
30/09/2022;B;16:00:00;7486
1/10/2022;A;16:00:00;38544
1/10/2022;B;16:00:00;5622
2/10/2022;A;16:00:00;20454
2/10/2022;B;16:00:00;3140
3/10/2022;A;16:00:00;57056
3/10/2022;B;16:00:00;7205
4/10/2022;A;16:00:00;60137
4/10/2022;B;16:00:00;7656
5/10/2022;A;16:00:00;59722
5/10/2022;B;16:00:00;7597
6/10/2022;A;16:00:00;60621
6/10/2022;B;16:00:00;7967
7/10/2022;A;16:00:00;62486
7/10/2022;B;16:00:00;7813
8/10/2022;A;16:00:00;36753
8/10/2022;B;16:00:00;5450
9/10/2022;A;16:00:00;19237
9/10/2022;B;16:00:00;2958
10/10/2022;A;16:00:00;60081
10/10/2022;B;16:00:00;7649
11/10/2022;A;16:00:00;61540
11/10/2022;B;16:00:00;7823
12/10/2022;A;16:00:00;60740
12/10/2022;B;16:00:00;7710
13/10/2022;A;16:00:00;61117
13/10/2022;B;16:00:00;8174
14/10/2022;A;16:00:00;63281
14/10/2022;B;16:00:00;7839
15/10/2022;A;16:00:00;37360
15/10/2022;B;16:00:00;5635
16/10/2022;A;16:00:00;21785
16/10/2022;B;16:00:00;3784
17/10/2022;A;16:00:00;19319
17/10/2022;B;16:00:00;3097
18/10/2022;A;16:00:00;60475
18/10/2022;B;16:00:00;7457
19/10/2022;A;16:00:00;59308
19/10/2022;B;16:00:00;7580
20/10/2022;A;16:00:00;58087
20/10/2022;B;16:00:00;7345
21/10/2022;A;16:00:00;60654
21/10/2022;B;16:00:00;7952
22/10/2022;A;16:00:00;37063
22/10/2022;B;16:00:00;5969
23/10/2022;A;16:00:00;20658
23/10/2022;B;16:00:00;3665
24/10/2022;A;16:00:00;57427
24/10/2022;B;16:00:00;6868
25/10/2022;A;16:00:00;59662
25/10/2022;B;16:00:00;7340
26/10/2022;A;16:00:00;60797
26/10/2022;B;16:00:00;7542
27/10/2022;A;16:00:00;61618
27/10/2022;B;16:00:00;7695
28/10/2022;A;16:00:00;60196
28/10/2022;B;16:00:00;7482
29/10/2022;A;16:00:00;38652
29/10/2022;B;16:00:00;5686
30/10/2022;A;16:00:00;19687
30/10/2022;B;16:00:00;2911
31/10/2022;A;16:00:00;57466
31/10/2022;B;16:00:00;7469
1/11/2022;A;16:00:00;59010
1/11/2022;B;16:00:00;7414
2/11/2022;A;16:00:00;59519
2/11/2022;B;16:00:00;7436
3/11/2022;A;16:00:00;58963
3/11/2022;B;16:00:00;7247
4/11/2022;A;16:00:00;63608
4/11/2022;B;16:00:00;8121
5/11/2022;A;16:00:00;38769
5/11/2022;B;16:00:00;5362
6/11/2022;A;16:00:00;20118
6/11/2022;B;16:00:00;3074
7/11/2022;A;16:00:00;20077
7/11/2022;B;16:00:00;3063
8/11/2022;A;16:00:00;61765
8/11/2022;B;16:00:00;7393
9/11/2022;A;16:00:00;60739
9/11/2022;B;16:00:00;7554
10/11/2022;A;16:00:00;58738
10/11/2022;B;16:00:00;7629
11/11/2022;A;16:00:00;60391
11/11/2022;B;16:00:00;7602
12/11/2022;A;16:00:00;36853
12/11/2022;B;16:00:00;5657
13/11/2022;A;16:00:00;20569
13/11/2022;B;16:00:00;3408
14/11/2022;A;16:00:00;22071
14/11/2022;B;16:00:00;3413
15/11/2022;A;16:00:00;40134
15/11/2022;B;16:00:00;7214
16/11/2022;A;16:00:00;58965
16/11/2022;B;16:00:00;7315
17/11/2022;A;16:00:00;59741
17/11/2022;B;16:00:00;7440
18/11/2022;A;16:00:00;64575
18/11/2022;B;16:00:00;7895
19/11/2022;A;16:00:00;39422
19/11/2022;B;16:00:00;5561
20/11/2022;A;16:00:00;19666
20/11/2022;B;16:00:00;3183
21/11/2022;A;16:00:00;58722
21/11/2022;B;16:00:00;7295
22/11/2022;A;16:00:00;59174
22/11/2022;B;16:00:00;7421
23/11/2022;A;16:00:00;58179
23/11/2022;B;16:00:00;7286
24/11/2022;A;16:00:00;59384
24/11/2022;B;16:00:00;7387
25/11/2022;A;16:00:00;63382
25/11/2022;B;16:00:00;8188
26/11/2022;A;16:00:00;37978
26/11/2022;B;16:00:00;5215
27/11/2022;A;16:00:00;20400
27/11/2022;B;16:00:00;3027
28/11/2022;A;16:00:00;56678
28/11/2022;B;16:00:00;6994
29/11/2022;A;16:00:00;59967
29/11/2022;B;16:00:00;7047
30/11/2022;A;16:00:00;60998
30/11/2022;B;16:00:00;7945
1/12/2022;A;16:00:00;58155
1/12/2022;B;16:00:00;7435
2/12/2022;A;16:00:00;59174
2/12/2022;B;16:00:00;7776
3/12/2022;A;16:00:00;40777
3/12/2022;B;16:00:00;5650
4/12/2022;A;16:00:00;23802
4/12/2022;B;16:00:00;3367
5/12/2022;A;16:00:00;58087
5/12/2022;B;16:00:00;6899
6/12/2022;A;16:00:00;60256
6/12/2022;B;16:00:00;7149
7/12/2022;A;16:00:00;70608
7/12/2022;B;16:00:00;8522
8/12/2022;A;16:00:00;24586
8/12/2022;B;16:00:00;3626
9/12/2022;A;16:00:00;53333
9/12/2022;B;16:00:00;6286
10/12/2022;A;16:00:00;40074
10/12/2022;B;16:00:00;5638
11/12/2022;A;16:00:00;23539
11/12/2022;B;16:00:00;3392
12/12/2022;A;16:00:00;58907
12/12/2022;B;16:00:00;6868
13/12/2022;A;16:00:00;58465
13/12/2022;B;16:00:00;7193
14/12/2022;A;16:00:00;58283
14/12/2022;B;16:00:00;6778
15/12/2022;A;16:00:00;58000
15/12/2022;B;16:00:00;6950
16/12/2022;A;16:00:00;60081
16/12/2022;B;16:00:00;7121
17/12/2022;A;16:00:00;43814
17/12/2022;B;16:00:00;5641
18/12/2022;A;16:00:00;27689
18/12/2022;B;16:00:00;3686
19/12/2022;A;16:00:00;53113
19/12/2022;B;16:00:00;6839
20/12/2022;A;16:00:00;60130
20/12/2022;B;16:00:00;7277
21/12/2022;A;16:00:00;61540
21/12/2022;B;16:00:00;7298
22/12/2022;A;16:00:00;58230
22/12/2022;B;16:00:00;7021
23/12/2022;A;16:00:00;58180
23/12/2022;B;16:00:00;7085
24/12/2022;A;16:00:00;30158
24/12/2022;B;16:00:00;3811
25/12/2022;A;16:00:00;15311
25/12/2022;B;16:00:00;2435
26/12/2022;A;16:00:00;44847
26/12/2022;B;16:00:00;5400
27/12/2022;A;16:00:00;48513
27/12/2022;B;16:00:00;5994
28/12/2022;A;16:00:00;47363
28/12/2022;B;16:00:00;5889
29/12/2022;A;16:00:00;46969
29/12/2022;B;16:00:00;5663
30/12/2022;A;16:00:00;41893
30/12/2022;B;16:00:00;5931
31/12/2022;A;16:00:00;24431
31/12/2022;B;16:00:00;3230
1/01/2023;A;16:00:00;13027
1/01/2024;B;16:00:00;2247
1/02/2023;A;16:00:00;37072
1/02/2023;B;16:00:00;5172
1/03/2023;A;16:00:00;43838
1/03/2023;B;16:00:00;5632
1/04/2023;A;16:00:00;45327
1/04/2023;B;16:00:00;6333
1/05/2023;A;16:00:00;45072
1/05/2023;B;16:00:00;6136
1/06/2023;A;16:00:00;47718
1/06/2023;B;16:00:00;6670
1/07/2023;A;16:00:00;28337
1/07/2023;B;16:00:00;4730
1/08/2023;A;16:00:00;21380
1/08/2023;B;16:00:00;4740
1/09/2023;A;16:00:00;18345
1/09/2023;B;16:00:00;3521
1/10/2023;A;16:00:00;48472
1/10/2023;B;16:00:00;5955
1/11/2023;A;16:00:00;47958
1/11/2023;B;16:00:00;6162
1/12/2023;A;16:00:00;49981
1/12/2023;B;16:00:00;6391
13/01/2023;A;16:00:00;51571
13/01/2023;B;16:00:00;6551
14/01/2023;A;16:00:00;34300
14/01/2023;B;16:00:00;5232
15/01/2023;A;16:00:00;19778
15/01/2023;B;16:00:00;3494
16/01/2023;A;16:00:00;53883
16/01/2023;B;16:00:00;6690
17/01/2023;A;16:00:00;58080
17/01/2023;B;16:00:00;7053
18/01/2023;A;16:00:00;59822
18/01/2023;B;16:00:00;7437
19/01/2023;A;16:00:00;56323
19/01/2023;B;16:00:00;7119
20/01/2023;A;16:00:00;58899
20/01/2023;B;16:00:00;7391
21/01/2023;A;16:00:00;33964
21/01/2023;B;16:00:00;5125
22/01/2023;A;16:00:00;19559
22/01/2023;B;16:00:00;3185
23/01/2023;A;16:00:00;55564
23/01/2023;B;16:00:00;6869
24/01/2023;A;16:00:00;56744
24/01/2023;B;16:00:00;7020
25/01/2023;A;16:00:00;56719
25/01/2023;B;16:00:00;6829
26/01/2023;A;16:00:00;56909
26/01/2023;B;16:00:00;7087
27/01/2023;A;16:00:00;57929
27/01/2023;B;16:00:00;7041
28/01/2023;A;16:00:00;31876
28/01/2023;B;16:00:00;4867
29/01/2023;A;16:00:00;18494
29/01/2023;B;16:00:00;3189
30/01/2023;A;16:00:00;55874
30/01/2023;B;16:00:00;6907
31/01/2023;A;16:00:00;57412
31/01/2023;B;16:00:00;7095
2/01/2023;A;16:00:00;58334
2/01/2023;B;16:00:00;7097
2/02/2023;A;16:00:00;59126
2/02/2023;B;16:00:00;7425
2/03/2023;A;16:00:00;61380
2/03/2023;B;16:00:00;7785
2/04/2023;A;16:00:00;35956
2/04/2023;B;16:00:00;5121
2/05/2023;A;16:00:00;19738
2/05/2023;B;16:00:00;3158
2/06/2023;A;16:00:00;57997
2/06/2023;B;16:00:00;7286
2/07/2023;A;16:00:00;59645
2/07/2023;B;16:00:00;7781
2/08/2023;A;16:00:00;62672
2/08/2023;B;16:00:00;8445
2/09/2023;A;16:00:00;59263
2/09/2023;B;16:00:00;7769
2/10/2023;A;16:00:00;61783
2/10/2023;B;16:00:00;7891
2/11/2023;A;16:00:00;34024
2/11/2023;B;16:00:00;5054
2/12/2023;A;16:00:00;17542
2/12/2023;B;16:00:00;2707
13/02/2023;A;16:00:00;59681
13/02/2023;B;16:00:00;7591
14/02/2023;A;16:00:00;60887
14/02/2023;B;16:00:00;7641
15/02/2023;A;16:00:00;57949
15/02/2023;B;16:00:00;7767
16/02/2023;A;16:00:00;60341
16/02/2023;B;16:00:00;7822
17/02/2023;A;16:00:00;60683
17/02/2023;B;16:00:00;7882
18/02/2023;A;16:00:00;34733
18/02/2023;B;16:00:00;5229
19/02/2023;A;16:00:00;19793
19/02/2023;B;16:00:00;2556
20/02/2023;A;16:00:00;59565
20/02/2023;B;16:00:00;8331
21/02/2023;A;16:00:00;63091
21/02/2023;B;16:00:00;8227
22/02/2023;A;16:00:00;59252
22/02/2023;B;16:00:00;7718
23/02/2023;A;16:00:00;61310
23/02/2023;B;16:00:00;7818
24/02/2023;A;16:00:00;62307
24/02/2023;B;16:00:00;7843
25/02/2023;A;16:00:00;36117
25/02/2023;B;16:00:00;5177
26/02/2023;A;16:00:00;18861
26/02/2023;B;16:00:00;3108
27/02/2023;A;16:00:00;60875
27/02/2023;B;16:00:00;7977
28/02/2023;A;16:00:00;59532
28/02/2023;B;16:00:00;7566
3/01/2023;A;16:00:00;60916
3/01/2023;B;16:00:00;7660
3/02/2023;A;16:00:00;59408
3/02/2023;B;16:00:00;7662
3/03/2023;A;16:00:00;60592
3/03/2023;B;16:00:00;7776
3/04/2023;A;16:00:00;35939
3/04/2023;B;16:00:00;5202
3/05/2023;A;16:00:00;19839
3/05/2023;B;16:00:00;3183
3/06/2023;A;16:00:00;57756
3/06/2023;B;16:00:00;7348
3/07/2023;A;16:00:00;63299
3/07/2023;B;16:00:00;8037
3/08/2023;A;16:00:00;58983
3/08/2023;B;16:00:00;8127
3/09/2023;A;16:00:00;61251
3/09/2023;B;16:00:00;7943
3/10/2023;A;16:00:00;63470
3/10/2023;B;16:00:00;7971
3/11/2023;A;16:00:00;37158
3/11/2023;B;16:00:00;5583
3/12/2023;A;16:00:00;17097
3/12/2023;B;16:00:00;3075
13/03/2023;A;16:00:00;58880
13/03/2023;B;16:00:00;7670
14/03/2023;A;16:00:00;60766
14/03/2023;B;16:00:00;7721
15/03/2023;A;16:00:00;60609
15/03/2023;B;16:00:00;7821
16/03/2023;A;16:00:00;62105
16/03/2023;B;16:00:00;7822
17/03/2023;A;16:00:00;63348
17/03/2023;B;16:00:00;8058
18/03/2023;A;16:00:00;35319
18/03/2023;B;16:00:00;5407
19/03/2023;A;16:00:00;19813
19/03/2023;B;16:00:00;3580
20/03/2023;A;16:00:00;19522
20/03/2023;B;16:00:00;3225
21/03/2023;A;16:00:00;60008
21/03/2023;B;16:00:00;8000
22/03/2023;A;16:00:00;59835
22/03/2023;B;16:00:00;8197
23/03/2023;A;16:00:00;61332
23/03/2023;B;16:00:00;7967
24/03/2023;A;16:00:00;61238
24/03/2023;B;16:00:00;8047
25/03/2023;A;16:00:00;37739
25/03/2023;B;16:00:00;5710
26/03/2023;A;16:00:00;18939
26/03/2023;B;16:00:00;3013
27/03/2023;A;16:00:00;60495
27/03/2023;B;16:00:00;7686
28/03/2023;A;16:00:00;60613
28/03/2023;B;16:00:00;8446
29/03/2023;A;16:00:00;63101
29/03/2023;B;16:00:00;7778
30/03/2023;A;16:00:00;36919
30/03/2023;B;16:00:00;6906
31/03/2023;A;16:00:00;61157
31/03/2023;B;16:00:00;7747
4/01/2023;A;16:00:00;38202
4/01/2023;B;16:00:00;5423
4/02/2023;A;16:00:00;19569
4/02/2023;B;16:00:00;3433
4/03/2023;A;16:00:00;51648
4/03/2023;B;16:00:00;6288
4/04/2023;A;16:00:00;53509
4/04/2023;B;16:00:00;6520
4/05/2023;A;16:00:00;53134
4/05/2023;B;16:00:00;6785
4/06/2023;A;16:00:00;17582
4/06/2023;B;16:00:00;3087
4/07/2023;A;16:00:00;14453
4/07/2023;B;16:00:00;3111
4/08/2023;A;16:00:00;23912
4/08/2023;B;16:00:00;3722
4/09/2023;A;16:00:00;18527
4/09/2023;B;16:00:00;2481
4/10/2023;A;16:00:00;59742
4/10/2023;B;16:00:00;7424
4/11/2023;A;16:00:00;58954
4/11/2023;B;16:00:00;7490
4/12/2023;A;16:00:00;59603
4/12/2023;B;16:00:00;7901
13/04/2023;A;16:00:00;60525
13/04/2023;B;16:00:00;7785
14/04/2023;A;16:00:00;60449
14/04/2023;B;16:00:00;7632
15/04/2023;A;16:00:00;36351
15/04/2023;B;16:00:00;5364
16/04/2023;A;16:00:00;21036
16/04/2023;B;16:00:00;3402
17/04/2023;A;16:00:00;58987
17/04/2023;B;16:00:00;7491
18/04/2023;A;16:00:00;61971
18/04/2023;B;16:00:00;7991
19/04/2023;A;16:00:00;60937
19/04/2023;B;16:00:00;7670
20/04/2023;A;16:00:00;62155
20/04/2023;B;16:00:00;7939
21/04/2023;A;16:00:00;62005
21/04/2023;B;16:00:00;7625
22/04/2023;A;16:00:00;36514
22/04/2023;B;16:00:00;5029
23/04/2023;A;16:00:00;18318
23/04/2023;B;16:00:00;3167
24/04/2023;A;16:00:00;60077
24/04/2023;B;16:00:00;7414
25/04/2023;A;16:00:00;60953
25/04/2023;B;16:00:00;7384
26/04/2023;A;16:00:00;61463
26/04/2023;B;16:00:00;7960
27/04/2023;A;16:00:00;59026
27/04/2023;B;16:00:00;7425
28/04/2023;A;16:00:00;60742
28/04/2023;B;16:00:00;7632
29/04/2023;A;16:00:00;38049
29/04/2023;B;16:00:00;5192
30/04/2023;A;16:00:00;19898
30/04/2023;B;16:00:00;3489
5/01/2023;A;16:00:00;19002
5/01/2023;B;16:00:00;3029
5/02/2023;A;16:00:00;60940
5/02/2023;B;16:00:00;7489
5/03/2023;A;16:00:00;61351
5/03/2023;B;16:00:00;7676
5/04/2023;A;16:00:00;59922
5/04/2023;B;16:00:00;7291
5/05/2023;A;16:00:00;61128
5/05/2023;B;16:00:00;7726
5/06/2023;A;16:00:00;37544
5/06/2023;B;16:00:00;5216
5/07/2023;A;16:00:00;19315
5/07/2023;B;16:00:00;3060
5/08/2023;A;16:00:00;59453
5/08/2023;B;16:00:00;7147
5/09/2023;A;16:00:00;60798
5/09/2023;B;16:00:00;7381
5/10/2023;A;16:00:00;61736
5/10/2023;B;16:00:00;7839
5/11/2023;A;16:00:00;67810
5/11/2023;B;16:00:00;8151
5/12/2023;A;16:00:00;63933
5/12/2023;B;16:00:00;7889
13/05/2023;A;16:00:00;37782
13/05/2023;B;16:00:00;5358
14/05/2023;A;16:00:00;17823
14/05/2023;B;16:00:00;4415
15/05/2023;A;16:00:00;57239
15/05/2023;B;16:00:00;7023
16/05/2023;A;16:00:00;61228
16/05/2023;B;16:00:00;7319
17/05/2023;A;16:00:00;61696
17/05/2023;B;16:00:00;7803
18/05/2023;A;16:00:00;59547
18/05/2023;B;16:00:00;7617
19/05/2023;A;16:00:00;62576
19/05/2023;B;16:00:00;7801
20/05/2023;A;16:00:00;37048
20/05/2023;B;16:00:00;5546
21/05/2023;A;16:00:00;17234
21/05/2023;B;16:00:00;2666
22/05/2023;A;16:00:00;20031
22/05/2023;B;16:00:00;3261
23/05/2023;A;16:00:00;60038
23/05/2023;B;16:00:00;7016
24/05/2023;A;16:00:00;60694
24/05/2023;B;16:00:00;7394
25/05/2023;A;16:00:00;59304
25/05/2023;B;16:00:00;7414
26/05/2023;A;16:00:00;62709
26/05/2023;B;16:00:00;7994
27/05/2023;A;16:00:00;33783
27/05/2023;B;16:00:00;4842
28/05/2023;A;16:00:00;18973
28/05/2023;B;16:00:00;3153
29/05/2023;A;16:00:00;58866
29/05/2023;B;16:00:00;7007
30/05/2023;A;16:00:00;58983
30/05/2023;B;16:00:00;7191
31/05/2023;A;16:00:00;58535
31/05/2023;B;16:00:00;7504
6/01/2023;A;16:00:00;57816
6/01/2023;B;16:00:00;7122
6/02/2023;A;16:00:00;61763
6/02/2023;B;16:00:00;7846
6/03/2023;A;16:00:00;35651
6/03/2023;B;16:00:00;4670
6/04/2023;A;16:00:00;19182
6/04/2023;B;16:00:00;3127
6/05/2023;A;16:00:00;58175
6/05/2023;B;16:00:00;6902
6/06/2023;A;16:00:00;58706
6/06/2023;B;16:00:00;7227
6/07/2023;A;16:00:00;59700
6/07/2023;B;16:00:00;7379
6/08/2023;A;16:00:00;59073
6/08/2023;B;16:00:00;7126
6/09/2023;A;16:00:00;60966
6/09/2023;B;16:00:00;7351
6/10/2023;A;16:00:00;32995
6/10/2023;B;16:00:00;4841
6/11/2023;A;16:00:00;18550
6/11/2023;B;16:00:00;3301
6/12/2023;A;16:00:00;18478
6/12/2023;B;16:00:00;2866
13/06/2023;A;16:00:00;58471
13/06/2023;B;16:00:00;7421
14/06/2023;A;16:00:00;58726
14/06/2023;B;16:00:00;7308
15/06/2023;A;16:00:00;58200
15/06/2023;B;16:00:00;7383
16/06/2023;A;16:00:00;60492
16/06/2023;B;16:00:00;7486
17/06/2023;A;16:00:00;36424
17/06/2023;B;16:00:00;4992
18/06/2023;A;16:00:00;19116
18/06/2023;B;16:00:00;3102
19/06/2023;A;16:00:00;19471
19/06/2023;B;16:00:00;3175
20/06/2023;A;16:00:00;59019
20/06/2023;B;16:00:00;7016
21/06/2023;A;16:00:00;60351
21/06/2023;B;16:00:00;7489
22/06/2023;A;16:00:00;58531
22/06/2023;B;16:00:00;7278
23/06/2023;A;16:00:00;60258
23/06/2023;B;16:00:00;7311
24/06/2023;A;16:00:00;35740
24/06/2023;B;16:00:00;5178
25/06/2023;A;16:00:00;19472
25/06/2023;B;16:00:00;3142
26/06/2023;A;16:00:00;56645
26/06/2023;B;16:00:00;7029
27/06/2023;A;16:00:00;58083
27/06/2023;B;16:00:00;7170
28/06/2023;A;16:00:00;58044
28/06/2023;B;16:00:00;7119
29/06/2023;A;16:00:00;57466
29/06/2023;B;16:00:00;6991
30/06/2023;A;16:00:00;59281
30/06/2023;B;16:00:00;7225
7/01/2023;A;16:00:00;36879
7/01/2023;B;16:00:00;5411
7/02/2023;A;16:00:00;24633
7/02/2023;B;16:00:00;3774
7/03/2023;A;16:00:00;20129
7/03/2023;B;16:00:00;3100
7/04/2023;A;16:00:00;57840
7/04/2023;B;16:00:00;7157
7/05/2023;A;16:00:00;59748
7/05/2023;B;16:00:00;7342
7/06/2023;A;16:00:00;57721
7/06/2023;B;16:00:00;6696
7/07/2023;A;16:00:00;60023
7/07/2023;B;16:00:00;7408
7/08/2023;A;16:00:00;35545
7/08/2023;B;16:00:00;5056
7/09/2023;A;16:00:00;19627
7/09/2023;B;16:00:00;3170
7/10/2023;A;16:00:00;56859
7/10/2023;B;16:00:00;6851
7/11/2023;A;16:00:00;58852
7/11/2023;B;16:00:00;7024
7/12/2023;A;16:00:00;58691
7/12/2023;B;16:00:00;7082
13/07/2023;A;16:00:00;58147
13/07/2023;B;16:00:00;6912
14/07/2023;A;16:00:00;56104
14/07/2023;B;16:00:00;7199
15/07/2023;A;16:00:00;36474
15/07/2023;B;16:00:00;5229
16/07/2023;A;16:00:00;20676
16/07/2023;B;16:00:00;3167
17/07/2023;A;16:00:00;58617
17/07/2023;B;16:00:00;6868
18/07/2023;A;16:00:00;59006
18/07/2023;B;16:00:00;7304
19/07/2023;A;16:00:00;59227
19/07/2023;B;16:00:00;7244
20/07/2023;A;16:00:00;21144
20/07/2023;B;16:00:00;3624
21/07/2023;A;16:00:00;57419
21/07/2023;B;16:00:00;7237
22/07/2023;A;16:00:00;32269
22/07/2023;B;16:00:00;4868
23/07/2023;A;16:00:00;18542
23/07/2023;B;16:00:00;3081
24/07/2023;A;16:00:00;58345
24/07/2023;B;16:00:00;7128
25/07/2023;A;16:00:00;60890
25/07/2023;B;16:00:00;7555
26/07/2023;A;16:00:00;61237
26/07/2023;B;16:00:00;7834
27/07/2023;A;16:00:00;57094
27/07/2023;B;16:00:00;7222
28/07/2023;A;16:00:00;63377
28/07/2023;B;16:00:00;8112
29/07/2023;A;16:00:00;36075
29/07/2023;B;16:00:00;5560
30/07/2023;A;16:00:00;20255
30/07/2023;B;16:00:00;3368
31/07/2023;A;16:00:00;58800
31/07/2023;B;16:00:00;7268
8/01/2023;A;16:00:00;60943
8/01/2023;B;16:00:00;7531
8/02/2023;A;16:00:00;61919
8/02/2023;B;16:00:00;7687
8/03/2023;A;16:00:00;64111
8/03/2023;B;16:00:00;7833
8/04/2023;A;16:00:00;66192
8/04/2023;B;16:00:00;8762
8/05/2023;A;16:00:00;41148
8/05/2023;B;16:00:00;5902
8/06/2023;A;16:00:00;25392
8/06/2023;B;16:00:00;4646
8/07/2023;A;16:00:00;28331
8/07/2023;B;16:00:00;3531
8/08/2023;A;16:00:00;61967
8/08/2023;B;16:00:00;8134
8/09/2023;A;16:00:00;69098
8/09/2023;B;16:00:00;8624
8/10/2023;A;16:00:00;62422
8/10/2023;B;16:00:00;8037
8/11/2023;A;16:00:00;65357
8/11/2023;B;16:00:00;8379
8/12/2023;A;16:00:00;33456
8/12/2023;B;16:00:00;5107
13/08/2023;A;16:00:00;19358
13/08/2023;B;16:00:00;3178
14/08/2023;A;16:00:00;60953
14/08/2023;B;16:00:00;7759
15/08/2023;A;16:00:00;64340
15/08/2023;B;16:00:00;7832
16/08/2023;A;16:00:00;63319
16/08/2023;B;16:00:00;8182
17/08/2023;A;16:00:00;62381
17/08/2023;B;16:00:00;7764
18/08/2023;A;16:00:00;64831
18/08/2023;B;16:00:00;8429
19/08/2023;A;16:00:00;35100
19/08/2023;B;16:00:00;5134
20/08/2023;A;16:00:00;21201
20/08/2023;B;16:00:00;3165
21/08/2023;A;16:00:00;19279
21/08/2023;B;16:00:00;3061
22/08/2023;A;16:00:00;61300
22/08/2023;B;16:00:00;7873
23/08/2023;A;16:00:00;63028
23/08/2023;B;16:00:00;8080
24/08/2023;A;16:00:00;61458
24/08/2023;B;16:00:00;7780
25/08/2023;A;16:00:00;64727
25/08/2023;B;16:00:00;8239
26/08/2023;A;16:00:00;34369
26/08/2023;B;16:00:00;4970
27/08/2023;A;16:00:00;18094
27/08/2023;B;16:00:00;2870
28/08/2023;A;16:00:00;61605
28/08/2023;B;16:00:00;7467
29/08/2023;A;16:00:00;61088
29/08/2023;B;16:00:00;7446
30/08/2023;A;16:00:00;62294
30/08/2023;B;16:00:00;7504
31/08/2023;A;16:00:00;60344
31/08/2023;B;16:00:00;7589
9/01/2023;A;16:00:00;63342
9/01/2023;B;16:00:00;7987
9/02/2023;A;16:00:00;35193
9/02/2023;B;16:00:00;5027
9/03/2023;A;16:00:00;18981
9/03/2023;B;16:00:00;3126
9/04/2023;A;16:00:00;59852
9/04/2023;B;16:00:00;7630
9/05/2023;A;16:00:00;61928
9/05/2023;B;16:00:00;7551
9/06/2023;A;16:00:00;62451
9/06/2023;B;16:00:00;7838
9/07/2023;A;16:00:00;65166
9/07/2023;B;16:00:00;8256
9/08/2023;A;16:00:00;65879
9/08/2023;B;16:00:00;8231
9/09/2023;A;16:00:00;35046
9/09/2023;B;16:00:00;5061
9/10/2023;A;16:00:00;19949
9/10/2023;B;16:00:00;3043
9/11/2023;A;16:00:00;60932
9/11/2023;B;16:00:00;7541
9/12/2023;A;16:00:00;62076
9/12/2023;B;16:00:00;7666
13/09/2023;A;16:00:00;62913
13/09/2023;B;16:00:00;7894
14/09/2023;A;16:00:00;63262
14/09/2023;B;16:00:00;7657
15/09/2023;A;16:00:00;64539
15/09/2023;B;16:00:00;8137
16/09/2023;A;16:00:00;40300
16/09/2023;B;16:00:00;5447
17/09/2023;A;16:00:00;20732
17/09/2023;B;16:00:00;3101
18/09/2023;A;16:00:00;60078
18/09/2023;B;16:00:00;7290
19/09/2023;A;16:00:00;62805
19/09/2023;B;16:00:00;7465
20/09/2023;A;16:00:00;62901
20/09/2023;B;16:00:00;7779
21/09/2023;A;16:00:00;61731
21/09/2023;B;16:00:00;7542
22/09/2023;A;16:00:00;65336
22/09/2023;B;16:00:00;8015
23/09/2023;A;16:00:00;34753
23/09/2023;B;16:00:00;4874
24/09/2023;A;16:00:00;18991
24/09/2023;B;16:00:00;2877
25/09/2023;A;16:00:00;61321
25/09/2023;B;16:00:00;7641
26/09/2023;A;16:00:00;60725
26/09/2023;B;16:00:00;7621
27/09/2023;A;16:00:00;60589
27/09/2023;B;16:00:00;7470
28/09/2023;A;16:00:00;60846
28/09/2023;B;16:00:00;7697
29/09/2023;A;16:00:00;64076
29/09/2023;B;16:00:00;8037
30/09/2023;A;16:00:00;36725
30/09/2023;B;16:00:00;5098
10/01/2023;A;16:00:00;19874
10/01/2023;B;16:00:00;3103
10/02/2023;A;16:00:00;59522
10/02/2023;B;16:00:00;7100
10/03/2023;A;16:00:00;62113
10/03/2023;B;16:00:00;7662
10/04/2023;A;16:00:00;61135
10/04/2023;B;16:00:00;7609
10/05/2023;A;16:00:00;62843
10/05/2023;B;16:00:00;7369
10/06/2023;A;16:00:00;65393
10/06/2023;B;16:00:00;8332
10/07/2023;A;16:00:00;36949
10/07/2023;B;16:00:00;5183
10/08/2023;A;16:00:00;19533
10/08/2023;B;16:00:00;2997
10/09/2023;A;16:00:00;60142
10/09/2023;B;16:00:00;7527
10/10/2023;A;16:00:00;64223
10/10/2023;B;16:00:00;7826
10/11/2023;A;16:00:00;62061
10/11/2023;B;16:00:00;7924
10/12/2023;A;16:00:00;59224
10/12/2023;B;16:00:00;7257
13/10/2023;A;16:00:00;62347
13/10/2023;B;16:00:00;7643
14/10/2023;A;16:00:00;36158
14/10/2023;B;16:00:00;5255
15/10/2023;A;16:00:00;19770
15/10/2023;B;16:00:00;3265
16/10/2023;A;16:00:00;20781
16/10/2023;B;16:00:00;3097
17/10/2023;A;16:00:00;61601
17/10/2023;B;16:00:00;7592
18/10/2023;A;16:00:00;60072
18/10/2023;B;16:00:00;7755
19/10/2023;A;16:00:00;60293
19/10/2023;B;16:00:00;7573
20/10/2023;A;16:00:00;66032
20/10/2023;B;16:00:00;8229
21/10/2023;A;16:00:00;35509
21/10/2023;B;16:00:00;5057
22/10/2023;A;16:00:00;19896
22/10/2023;B;16:00:00;3209
23/10/2023;A;16:00:00;60259
23/10/2023;B;16:00:00;7192
24/10/2023;A;16:00:00;61076
24/10/2023;B;16:00:00;7548
25/10/2023;A;16:00:00;61790
25/10/2023;B;16:00:00;7584
26/10/2023;A;16:00:00;62678
26/10/2023;B;16:00:00;7738
27/10/2023;A;16:00:00;63094
27/10/2023;B;16:00:00;7931
28/10/2023;A;16:00:00;33245
28/10/2023;B;16:00:00;4773
29/10/2023;A;16:00:00;12
29/10/2023;B;16:00:00;3
30/10/2023;A;16:00:00;58763
30/10/2023;B;16:00:00;7089
31/10/2023;A;16:00:00;68331
31/10/2023;B;16:00:00;8654
11/01/2023;A;16:00:00;62617
11/01/2023;B;16:00:00;7664
11/02/2023;A;16:00:00;61540
11/02/2023;B;16:00:00;7509
11/03/2023;A;16:00:00;66562
11/03/2023;B;16:00:00;8447
11/04/2023;A;16:00:00;39552
11/04/2023;B;16:00:00;6556
11/05/2023;A;16:00:00;22404
11/05/2023;B;16:00:00;4797
11/06/2023;A;16:00:00;20809
11/06/2023;B;16:00:00;3697
11/07/2023;A;16:00:00;60892
11/07/2023;B;16:00:00;7968
11/08/2023;A;16:00:00;62523
11/08/2023;B;16:00:00;8046
11/09/2023;A;16:00:00;61697
11/09/2023;B;16:00:00;7553
11/10/2023;A;16:00:00;62810
11/10/2023;B;16:00:00;7869
11/11/2023;A;16:00:00;36479
11/11/2023;B;16:00:00;5440
11/12/2023;A;16:00:00;19849
11/12/2023;B;16:00:00;3236
13/11/2023;A;16:00:00;19185
13/11/2023;B;16:00:00;2774
14/11/2023;A;16:00:00;63114
14/11/2023;B;16:00:00;7740
15/11/2023;A;16:00:00;59576
15/11/2023;B;16:00:00;7330
16/11/2023;A;16:00:00;63302
16/11/2023;B;16:00:00;7688
17/11/2023;A;16:00:00;65382
17/11/2023;B;16:00:00;7811
18/11/2023;A;16:00:00;37650
18/11/2023;B;16:00:00;5371
19/11/2023;A;16:00:00;21214
19/11/2023;B;16:00:00;3074
20/11/2023;A;16:00:00;59248
20/11/2023;B;16:00:00;7086
21/11/2023;A;16:00:00;64740
21/11/2023;B;16:00:00;7835
22/11/2023;A;16:00:00;63125
22/11/2023;B;16:00:00;7925
23/11/2023;A;16:00:00;62946
23/11/2023;B;16:00:00;7636
24/11/2023;A;16:00:00;65324
24/11/2023;B;16:00:00;8272
25/11/2023;A;16:00:00;36798
25/11/2023;B;16:00:00;5368
26/11/2023;A;16:00:00;22354
26/11/2023;B;16:00:00;3457
27/11/2023;A;16:00:00;58836
27/11/2023;B;16:00:00;7060
28/11/2023;A;16:00:00;60775
28/11/2023;B;16:00:00;7309
29/11/2023;A;16:00:00;59857
29/11/2023;B;16:00:00;7566
30/11/2023;A;16:00:00;61096
30/11/2023;B;16:00:00;7457
12/01/2023;A;16:00:00;64169
12/01/2023;B;16:00:00;7754
12/02/2023;A;16:00:00;39254
12/02/2023;B;16:00:00;5454
12/03/2023;A;16:00:00;23639
12/03/2023;B;16:00:00;3241
12/04/2023;A;16:00:00;60318
12/04/2023;B;16:00:00;7164
12/05/2023;A;16:00:00;62472
12/05/2023;B;16:00:00;7398
12/06/2023;A;16:00:00;62318
12/06/2023;B;16:00:00;7581
12/07/2023;A;16:00:00;68687
12/07/2023;B;16:00:00;8097
12/08/2023;A;16:00:00;26572
12/08/2023;B;16:00:00;4073
12/09/2023;A;16:00:00;36221
12/09/2023;B;16:00:00;5556
12/10/2023;A;16:00:00;23142
12/10/2023;B;16:00:00;3330
12/11/2023;A;16:00:00;60134
12/11/2023;B;16:00:00;7026
12/12/2023;A;16:00:00;61817
12/12/2023;B;16:00:00;7200
13/12/2023;A;16:00:00;65348
13/12/2023;B;16:00:00;7532
14/12/2023;A;16:00:00;122474
14/12/2023;B;16:00:00;14448
15/12/2023;A;16:00:00;63298
15/12/2023;B;16:00:00;7582
16/12/2023;A;16:00:00;43963
16/12/2023;B;16:00:00;6018
17/12/2023;A;16:00:00;29402
17/12/2023;B;16:00:00;4063
18/12/2023;A;16:00:00;58513
18/12/2023;B;16:00:00;6829
19/12/2023;A;16:00:00;62555
19/12/2023;B;16:00:00;7036
20/12/2023;A;16:00:00;62409
20/12/2023;B;16:00:00;7438
21/12/2023;A;16:00:00;61528
21/12/2023;B;16:00:00;7019
22/12/2023;A;16:00:00;61360
22/12/2023;B;16:00:00;7126
23/12/2023;A;16:00:00;39318
23/12/2023;B;16:00:00;5123
24/12/2023;A;16:00:00;23002
24/12/2023;B;16:00:00;3006
25/12/2023;A;16:00:00;15537
25/12/2023;B;16:00:00;2359
26/12/2023;A;16:00:00;50080
26/12/2023;B;16:00:00;6089
27/12/2023;A;16:00:00;52721
27/12/2023;B;16:00:00;6460
28/12/2023;A;16:00:00;50736
28/12/2023;B;16:00:00;6288
29/12/2023;A;16:00:00;49274
29/12/2023;B;16:00:00;6293
30/12/2023;A;16:00:00;30754
30/12/2023;B;16:00:00;4537
31/12/2023;A;16:00:00;19246
31/12/2023;B;16:00:00;2884
1/01/2024;A;16:00:00;12998
1/01/2024;B;16:00:00;2228
2/01/2024;A;16:00:00;39197
2/01/2024;B;16:00:00;4954
3/01/2024;A;16:00:00;43196
3/01/2024;B;16:00:00;5501
4/01/2024;A;16:00:00;44566
4/01/2024;B;16:00:00;5725
5/01/2024;A;16:00:00;46301
5/01/2024;B;16:00:00;6029
6/01/2024;A;16:00:00;28033
6/01/2024;B;16:00:00;4877
7/01/2024;A;16:00:00;18017
7/01/2024;B;16:00:00;3453
8/01/2024;A;16:00:00;18141
8/01/2024;B;16:00:00;3231
9/01/2024;A;16:00:00;48983
9/01/2024;B;16:00:00;5868
10/01/2024;A;16:00:00;49459
10/01/2024;B;16:00:00;6060
11/01/2024;A;16:00:00;49660
11/01/2024;B;16:00:00;5981
12/01/2024;A;16:00:00;52474
12/01/2024;B;16:00:00;6346
13/01/2024;A;16:00:00;29045
13/01/2024;B;16:00:00;4277
14/01/2024;A;16:00:00;17481
14/01/2024;B;16:00:00;2963
15/01/2024;A;16:00:00;53630
15/01/2024;B;16:00:00;6204
16/01/2024;A;16:00:00;55227
16/01/2024;B;16:00:00;6437
17/01/2024;A;16:00:00;56457
17/01/2024;B;16:00:00;6442
18/01/2024;A;16:00:00;55707
18/01/2024;B;16:00:00;6702
19/01/2024;A;16:00:00;58526
19/01/2024;B;16:00:00;7013
20/01/2024;A;16:00:00;31370
20/01/2024;B;16:00:00;4714
21/01/2024;A;16:00:00;17997
21/01/2024;B;16:00:00;2766
22/01/2024;A;16:00:00;55673
22/01/2024;B;16:00:00;6449
23/01/2024;A;16:00:00;56334
23/01/2024;B;16:00:00;6629
24/01/2024;A;16:00:00;56973
24/01/2024;B;16:00:00;6935
25/01/2024;A;16:00:00;57517
25/01/2024;B;16:00:00;6742
26/01/2024;A;16:00:00;60870
26/01/2024;B;16:00:00;7266
27/01/2024;A;16:00:00;30643
27/01/2024;B;16:00:00;4596
28/01/2024;A;16:00:00;18139
28/01/2024;B;16:00:00;2932
29/01/2024;A;16:00:00;56472
29/01/2024;B;16:00:00;6680
30/01/2024;A;16:00:00;57744
30/01/2024;B;16:00:00;6890
31/01/2024;A;16:00:00;57910
31/01/2024;B;16:00:00;6754
1/02/2024;A;16:00:00;58521
1/02/2024;B;16:00:00;7008
2/02/2024;A;16:00:00;64798
2/02/2024;B;16:00:00;8180
3/02/2024;A;16:00:00;33483
3/02/2024;B;16:00:00;5039
4/02/2024;A;16:00:00;18762
4/02/2024;B;16:00:00;2909
5/02/2024;A;16:00:00;59271
5/02/2024;B;16:00:00;7448
6/02/2024;A;16:00:00;62123
6/02/2024;B;16:00:00;7728
7/02/2024;A;16:00:00;61062
7/02/2024;B;16:00:00;7751
8/02/2024;A;16:00:00;60909
8/02/2024;B;16:00:00;8057
9/02/2024;A;16:00:00;64736
9/02/2024;B;16:00:00;8109
10/02/2024;A;16:00:00;32089
10/02/2024;B;16:00:00;4752
11/02/2024;A;16:00:00;18914
11/02/2024;B;16:00:00;3023
12/02/2024;A;16:00:00;59849
12/02/2024;B;16:00:00;7413
13/02/2024;A;16:00:00;60408
13/02/2024;B;16:00:00;7756
14/02/2024;A;16:00:00;60658
14/02/2024;B;16:00:00;7671
15/02/2024;A;16:00:00;60305
15/02/2024;B;16:00:00;7554
16/02/2024;A;16:00:00;64179
16/02/2024;B;16:00:00;8105
17/02/2024;A;16:00:00;35000
17/02/2024;B;16:00:00;5259
18/02/2024;A;16:00:00;18556
18/02/2024;B;16:00:00;2787
19/02/2024;A;16:00:00;59362
19/02/2024;B;16:00:00;7359
20/02/2024;A;16:00:00;61416
20/02/2024;B;16:00:00;7737
21/02/2024;A;16:00:00;61892
21/02/2024;B;16:00:00;7953
22/02/2024;A;16:00:00;61859
22/02/2024;B;16:00:00;7994
23/02/2024;A;16:00:00;64266
23/02/2024;B;16:00:00;8281
24/02/2024;A;16:00:00;32740
24/02/2024;B;16:00:00;4655
25/02/2024;A;16:00:00;18022
25/02/2024;B;16:00:00;2994
26/02/2024;A;16:00:00;59754
26/02/2024;B;16:00:00;7147
27/02/2024;A;16:00:00;62585
27/02/2024;B;16:00:00;7942
28/02/2024;A;16:00:00;60681
28/02/2024;B;16:00:00;7594
29/02/2024;A;16:00:00;59466
29/02/2024;B;16:00:00;7434
1/03/2024;A;16:00:00;63999
1/03/2024;B;16:00:00;8046
2/03/2024;A;16:00:00;36435
2/03/2024;B;16:00:00;5239
3/03/2024;A;16:00:00;19564
3/03/2024;B;16:00:00;3074
4/03/2024;A;16:00:00;59860
4/03/2024;B;16:00:00;7327
5/03/2024;A;16:00:00;62231
5/03/2024;B;16:00:00;7760
6/03/2024;A;16:00:00;60426
6/03/2024;B;16:00:00;7580
7/03/2024;A;16:00:00;60673
7/03/2024;B;16:00:00;7725
8/03/2024;A;16:00:00;65043
8/03/2024;B;16:00:00;8105
9/03/2024;A;16:00:00;32998
9/03/2024;B;16:00:00;4697
10/03/2024;A;16:00:00;17738
10/03/2024;B;16:00:00;2603
11/03/2024;A;16:00:00;60294
11/03/2024;B;16:00:00;7267
12/03/2024;A;16:00:00;60616
12/03/2024;B;16:00:00;7493
13/03/2024;A;16:00:00;61066
13/03/2024;B;16:00:00;7643
14/03/2024;A;16:00:00;59414
14/03/2024;B;16:00:00;7570
15/03/2024;A;16:00:00;64304
15/03/2024;B;16:00:00;7743
16/03/2024;A;16:00:00;35412
16/03/2024;B;16:00:00;4947
17/03/2024;A;16:00:00;19020
17/03/2024;B;16:00:00;2997
18/03/2024;A;16:00:00;58683
18/03/2024;B;16:00:00;7280
19/03/2024;A;16:00:00;61454
19/03/2024;B;16:00:00;7501
20/03/2024;A;16:00:00;59909
20/03/2024;B;16:00:00;7744
21/03/2024;A;16:00:00;59853
21/03/2024;B;16:00:00;7338
22/03/2024;A;16:00:00;62209
22/03/2024;B;16:00:00;7366
23/03/2024;A;16:00:00;32836
23/03/2024;B;16:00:00;4697
24/03/2024;A;16:00:00;18223
24/03/2024;B;16:00:00;3046
25/03/2024;A;16:00:00;18785
25/03/2024;B;16:00:00;3291
26/03/2024;A;16:00:00;43620
26/03/2024;B;16:00:00;5626
27/03/2024;A;16:00:00;43326
27/03/2024;B;16:00:00;5607
28/03/2024;A;16:00:00;16576
28/03/2024;B;16:00:00;3171
29/03/2024;A;16:00:00;13866
29/03/2024;B;16:00:00;2604
30/03/2024;A;16:00:00;24209
30/03/2024;B;16:00:00;3271
31/03/2024;A;16:00:00;18195
31/03/2024;B;16:00:00;2440
1/04/2024;A;16:00:00;58324
1/04/2024;B;16:00:00;6996
2/04/2024;A;16:00:00;57406
2/04/2024;B;16:00:00;7156
3/04/2024;A;16:00:00;61301
3/04/2024;B;16:00:00;7305
4/04/2024;A;16:00:00;60022
4/04/2024;B;16:00:00;7687
5/04/2024;A;16:00:00;63393
5/04/2024;B;16:00:00;7669
6/04/2024;A;16:00:00;32260
6/04/2024;B;16:00:00;4732
7/04/2024;A;16:00:00;17823
7/04/2024;B;16:00:00;2810
8/04/2024;A;16:00:00;58461
8/04/2024;B;16:00:00;6974
9/04/2024;A;16:00:00;60928
9/04/2024;B;16:00:00;7415
10/04/2024;A;16:00:00;59850
10/04/2024;B;16:00:00;7407
11/04/2024;A;16:00:00;59893
11/04/2024;B;16:00:00;7139
12/04/2024;A;16:00:00;63008
12/04/2024;B;16:00:00;7402
13/04/2024;A;16:00:00;31060
13/04/2024;B;16:00:00;4559
14/04/2024;A;16:00:00;17629
14/04/2024;B;16:00:00;2802
15/04/2024;A;16:00:00;59377
15/04/2024;B;16:00:00;7197
16/04/2024;A;16:00:00;61692
16/04/2024;B;16:00:00;7544
17/04/2024;A;16:00:00;60114
17/04/2024;B;16:00:00;7341
18/04/2024;A;16:00:00;57090
18/04/2024;B;16:00:00;6476
19/04/2024;A;16:00:00;65797
19/04/2024;B;16:00:00;8060
20/04/2024;A;16:00:00;34175
20/04/2024;B;16:00:00;4847
21/04/2024;A;16:00:00;19321
21/04/2024;B;16:00:00;3131
22/04/2024;A;16:00:00;60446
22/04/2024;B;16:00:00;7182
23/04/2024;A;16:00:00;62816
23/04/2024;B;16:00:00;7298
24/04/2024;A;16:00:00;60590
24/04/2024;B;16:00:00;7342
25/04/2024;A;16:00:00;60459
25/04/2024;B;16:00:00;7582
26/04/2024;A;16:00:00;64520
26/04/2024;B;16:00:00;7920
27/04/2024;A;16:00:00;30156
27/04/2024;B;16:00:00;4876
28/04/2024;A;16:00:00;17608
28/04/2024;B;16:00:00;2787
29/04/2024;A;16:00:00;58331
29/04/2024;B;16:00:00;7115
30/04/2024;A;16:00:00;59425
30/04/2024;B;16:00:00;7377
1/05/2024;A;16:00:00;19463
1/05/2024;B;16:00:00;3039
2/05/2024;A;16:00:00;62280
2/05/2024;B;16:00:00;7722
3/05/2024;A;16:00:00;64707
3/05/2024;B;16:00:00;7909
4/05/2024;A;16:00:00;36690
4/05/2024;B;16:00:00;5058
5/05/2024;A;16:00:00;18954
5/05/2024;B;16:00:00;3321
6/05/2024;A;16:00:00;60011
6/05/2024;B;16:00:00;7100
7/05/2024;A;16:00:00;62333
7/05/2024;B;16:00:00;7816
8/05/2024;A;16:00:00;61770
8/05/2024;B;16:00:00;7975
9/05/2024;A;16:00:00;61008
9/05/2024;B;16:00:00;7575
10/05/2024;A;16:00:00;64666
10/05/2024;B;16:00:00;8017
11/05/2024;A;16:00:00;35600
11/05/2024;B;16:00:00;5045
12/05/2024;A;16:00:00;16303
12/05/2024;B;16:00:00;2845
13/05/2024;A;16:00:00;17912
13/05/2024;B;16:00:00;2794
14/05/2024;A;16:00:00;62548
14/05/2024;B;16:00:00;7978
15/05/2024;A;16:00:00;60071
15/05/2024;B;16:00:00;7203
16/05/2024;A;16:00:00;59949
16/05/2024;B;16:00:00;7497
17/05/2024;A;16:00:00;65091
17/05/2024;B;16:00:00;7933
18/05/2024;A;16:00:00;33412
18/05/2024;B;16:00:00;4696
19/05/2024;A;16:00:00;18219
19/05/2024;B;16:00:00;2813
20/05/2024;A;16:00:00;61047
20/05/2024;B;16:00:00;7853
21/05/2024;A;16:00:00;60717
21/05/2024;B;16:00:00;7373
22/05/2024;A;16:00:00;62965
22/05/2024;B;16:00:00;7673
23/05/2024;A;16:00:00;60127
23/05/2024;B;16:00:00;7447
24/05/2024;A;16:00:00;65198
24/05/2024;B;16:00:00;7832
25/05/2024;A;16:00:00;32553
25/05/2024;B;16:00:00;5024
26/05/2024;A;16:00:00;17251
26/05/2024;B;16:00:00;2900
27/05/2024;A;16:00:00;59093
27/05/2024;B;16:00:00;6900
28/05/2024;A;16:00:00;59771
28/05/2024;B;16:00:00;7018
29/05/2024;A;16:00:00;63830
29/05/2024;B;16:00:00;7212
30/05/2024;A;16:00:00;59751
30/05/2024;B;16:00:00;7153
31/05/2024;A;16:00:00;63253
31/05/2024;B;16:00:00;7564
1/06/2024;A;16:00:00;33112
1/06/2024;B;16:00:00;4893
2/06/2024;A;16:00:00;17991
2/06/2024;B;16:00:00;2987
3/06/2024;A;16:00:00;18000
3/06/2024;B;16:00:00;2876
4/06/2024;A;16:00:00;58083
4/06/2024;B;16:00:00;6811
5/06/2024;A;16:00:00;58673
5/06/2024;B;16:00:00;7168
6/06/2024;A;16:00:00;61100
6/06/2024;B;16:00:00;6997
7/06/2024;A;16:00:00;64565
7/06/2024;B;16:00:00;7821
8/06/2024;A;16:00:00;31587
8/06/2024;B;16:00:00;4302
9/06/2024;A;16:00:00;17581
9/06/2024;B;16:00:00;2660
10/06/2024;A;16:00:00;17857
10/06/2024;B;16:00:00;2692
11/06/2024;A;16:00:00;59177
11/06/2024;B;16:00:00;7048
12/06/2024;A;16:00:00;58624
12/06/2024;B;16:00:00;7131
13/06/2024;A;16:00:00;59471
13/06/2024;B;16:00:00;7705
14/06/2024;A;16:00:00;62650
14/06/2024;B;16:00:00;7494
15/06/2024;A;16:00:00;37300
15/06/2024;B;16:00:00;5023
16/06/2024;A;16:00:00;19405
16/06/2024;B;16:00:00;2965
17/06/2024;A;16:00:00;57257
17/06/2024;B;16:00:00;6926
18/06/2024;A;16:00:00;57622
18/06/2024;B;16:00:00;7267
19/06/2024;A;16:00:00;60284
19/06/2024;B;16:00:00;8355
20/06/2024;A;16:00:00;58980
20/06/2024;B;16:00:00;7068
21/06/2024;A;16:00:00;63084
21/06/2024;B;16:00:00;7529
22/06/2024;A;16:00:00;33634
22/06/2024;B;16:00:00;4753
23/06/2024;A;16:00:00;20213
23/06/2024;B;16:00:00;3288
24/06/2024;A;16:00:00;64937
24/06/2024;B;16:00:00;7992
25/06/2024;A;16:00:00;59541
25/06/2024;B;16:00:00;7013
26/06/2024;A;16:00:00;58282
26/06/2024;B;16:00:00;6975
27/06/2024;A;16:00:00;59648
27/06/2024;B;16:00:00;7248
28/06/2024;A;16:00:00;70419
28/06/2024;B;16:00:00;8444
29/06/2024;A;16:00:00;35155
29/06/2024;B;16:00:00;5098
30/06/2024;A;16:00:00;22916
30/06/2024;B;16:00:00;6363
1/07/2024;A;16:00:00;19458
1/07/2024;B;16:00:00;3281
2/07/2024;A;16:00:00;58891
2/07/2024;B;16:00:00;6882
3/07/2024;A;16:00:00;58408
3/07/2024;B;16:00:00;6971
4/07/2024;A;16:00:00;57740
4/07/2024;B;16:00:00;7094
5/07/2024;A;16:00:00;62321
5/07/2024;B;16:00:00;7151
6/07/2024;A;16:00:00;39353
6/07/2024;B;16:00:00;5148
7/07/2024;A;16:00:00;18646
7/07/2024;B;16:00:00;2738
8/07/2024;A;16:00:00;57795
8/07/2024;B;16:00:00;6705
9/07/2024;A;16:00:00;60403
9/07/2024;B;16:00:00;7217
10/07/2024;A;16:00:00;62863
10/07/2024;B;16:00:00;7442
11/07/2024;A;16:00:00;58637
11/07/2024;B;16:00:00;6991
12/07/2024;A;16:00:00;64410
12/07/2024;B;16:00:00;7635
13/07/2024;A;16:00:00;33657
13/07/2024;B;16:00:00;4872
14/07/2024;A;16:00:00;21895
14/07/2024;B;16:00:00;3660
15/07/2024;A;16:00:00;53508
15/07/2024;B;16:00:00;6311
16/07/2024;A;16:00:00;52813
16/07/2024;B;16:00:00;7122
17/07/2024;A;16:00:00;60626
17/07/2024;B;16:00:00;7518
18/07/2024;A;16:00:00;59514
18/07/2024;B;16:00:00;7254
19/07/2024;A;16:00:00;64005
19/07/2024;B;16:00:00;7786
20/07/2024;A;16:00:00;24282
20/07/2024;B;16:00:00;3619
21/07/2024;A;16:00:00;19317
21/07/2024;B;16:00:00;2987
22/07/2024;A;16:00:00;59530
22/07/2024;B;16:00:00;7166
23/07/2024;A;16:00:00;60746
23/07/2024;B;16:00:00;7423
24/07/2024;A;16:00:00;59614
24/07/2024;B;16:00:00;7339
25/07/2024;A;16:00:00;60811
25/07/2024;B;16:00:00;7713
26/07/2024;A;16:00:00;63931
26/07/2024;B;16:00:00;7745
27/07/2024;A;16:00:00;31517
27/07/2024;B;16:00:00;4587
28/07/2024;A;16:00:00;17872
28/07/2024;B;16:00:00;2778
29/07/2024;A;16:00:00;58363
29/07/2024;B;16:00:00;7056
30/07/2024;A;16:00:00;60818
30/07/2024;B;16:00:00;7685
31/07/2024;A;16:00:00;60256
31/07/2024;B;16:00:00;7623
1/08/2024;A;16:00:00;61585
1/08/2024;B;16:00:00;7739
2/08/2024;A;16:00:00;65862
2/08/2024;B;16:00:00;8215
3/08/2024;A;16:00:00;34986
3/08/2024;B;16:00:00;5111
4/08/2024;A;16:00:00;20579
4/08/2024;B;16:00:00;3323
5/08/2024;A;16:00:00;62004
5/08/2024;B;16:00:00;7891
6/08/2024;A;16:00:00;64116
6/08/2024;B;16:00:00;8353
7/08/2024;A;16:00:00;21887
7/08/2024;B;16:00:00;3540
8/08/2024;A;16:00:00;64388
8/08/2024;B;16:00:00;8407
9/08/2024;A;16:00:00;68648
9/08/2024;B;16:00:00;9022
10/08/2024;A;16:00:00;40461
10/08/2024;B;16:00:00;5967
11/08/2024;A;16:00:00;19297
11/08/2024;B;16:00:00;3130
12/08/2024;A;16:00:00;61827
12/08/2024;B;16:00:00;7904
13/08/2024;A;16:00:00;63395
13/08/2024;B;16:00:00;7985
14/08/2024;A;16:00:00;62775
14/08/2024;B;16:00:00;6845
15/08/2024;A;16:00:00;62304
15/08/2024;B;16:00:00;7749
16/08/2024;A;16:00:00;67721
16/08/2024;B;16:00:00;8322
17/08/2024;A;16:00:00;35273
17/08/2024;B;16:00:00;5420
18/08/2024;A;16:00:00;19737
18/08/2024;B;16:00:00;3293
19/08/2024;A;16:00:00;19025
19/08/2024;B;16:00:00;2832
20/08/2024;A;16:00:00;63485
20/08/2024;B;16:00:00;8182
21/08/2024;A;16:00:00;63599
21/08/2024;B;16:00:00;8069
22/08/2024;A;16:00:00;61922
22/08/2024;B;16:00:00;7884
23/08/2024;A;16:00:00;65695
23/08/2024;B;16:00:00;8633
24/08/2024;A;16:00:00;32754
24/08/2024;B;16:00:00;4729
25/08/2024;A;16:00:00;17682
25/08/2024;B;16:00:00;2876
26/08/2024;A;16:00:00;60258
26/08/2024;B;16:00:00;7454
27/08/2024;A;16:00:00;62042
27/08/2024;B;16:00:00;7849
28/08/2024;A;16:00:00;60952
28/08/2024;B;16:00:00;7768
29/08/2024;A;16:00:00;61451
29/08/2024;B;16:00:00;7729
30/08/2024;A;16:00:00;66987
30/08/2024;B;16:00:00;8162
31/08/2024;A;16:00:00;35981
31/08/2024;B;16:00:00;5135
1/09/2024;A;16:00:00;20187
1/09/2024;B;16:00:00;3143
2/09/2024;A;16:00:00;59752
2/09/2024;B;16:00:00;7641
3/09/2024;A;16:00:00;64770
3/09/2024;B;16:00:00;8256
4/09/2024;A;16:00:00;68926
4/09/2024;B;16:00:00;8995
5/09/2024;A;16:00:00;65442
5/09/2024;B;16:00:00;8123
6/09/2024;A;16:00:00;66989
6/09/2024;B;16:00:00;8447
7/09/2024;A;16:00:00;33154
7/09/2024;B;16:00:00;4812
8/09/2024;A;16:00:00;18453
8/09/2024;B;16:00:00;2834
9/09/2024;A;16:00:00;61072
9/09/2024;B;16:00:00;7478
10/09/2024;A;16:00:00;60292
10/09/2024;B;16:00:00;7560
11/09/2024;A;16:00:00;63430
11/09/2024;B;16:00:00;8268
12/09/2024;A;16:00:00;64089
12/09/2024;B;16:00:00;7950
13/09/2024;A;16:00:00;68396
13/09/2024;B;16:00:00;8458
14/09/2024;A;16:00:00;34594
14/09/2024;B;16:00:00;4672
15/09/2024;A;16:00:00;21751
15/09/2024;B;16:00:00;3414
16/09/2024;A;16:00:00;60680
16/09/2024;B;16:00:00;7503
17/09/2024;A;16:00:00;64179
17/09/2024;B;16:00:00;8243
18/09/2024;A;16:00:00;63469
18/09/2024;B;16:00:00;7794
19/09/2024;A;16:00:00;63712
19/09/2024;B;16:00:00;7798
20/09/2024;A;16:00:00;69216
20/09/2024;B;16:00:00;8962
21/09/2024;A;16:00:00;34155
21/09/2024;B;16:00:00;4681
22/09/2024;A;16:00:00;17561
22/09/2024;B;16:00:00;5215
23/09/2024;A;16:00:00;60316
23/09/2024;B;16:00:00;7342
24/09/2024;A;16:00:00;63924
24/09/2024;B;16:00:00;7961
25/09/2024;A;16:00:00;64006
25/09/2024;B;16:00:00;7977
26/09/2024;A;16:00:00;63565
26/09/2024;B;16:00:00;8601
27/09/2024;A;16:00:00;67715
27/09/2024;B;16:00:00;8064
28/09/2024;A;16:00:00;32556
28/09/2024;B;16:00:00;4535
29/09/2024;A;16:00:00;18196
29/09/2024;B;16:00:00;2720
30/09/2024;A;16:00:00;61255
30/09/2024;B;16:00:00;7234
1/10/2024;A;16:00:00;62570
1/10/2024;B;16:00:00;7726
2/10/2024;A;16:00:00;62784
2/10/2024;B;16:00:00;7921
3/10/2024;A;16:00:00;63209
3/10/2024;B;16:00:00;7696
4/10/2024;A;16:00:00;68038
4/10/2024;B;16:00:00;8499
5/10/2024;A;16:00:00;36446
5/10/2024;B;16:00:00;5071
6/10/2024;A;16:00:00;19599
6/10/2024;B;16:00:00;2856
7/10/2024;A;16:00:00;61495
7/10/2024;B;16:00:00;7355
8/10/2024;A;16:00:00;65425
8/10/2024;B;16:00:00;7761
9/10/2024;A;16:00:00;67811
9/10/2024;B;16:00:00;8196
10/10/2024;A;16:00:00;60376
10/10/2024;B;16:00:00;7428
11/10/2024;A;16:00:00;65607
11/10/2024;B;16:00:00;7842
12/10/2024;A;16:00:00;32641
12/10/2024;B;16:00:00;5037
13/10/2024;A;16:00:00;18584
13/10/2024;B;16:00:00;3055
14/10/2024;A;16:00:00;19462
14/10/2024;B;16:00:00;2912
15/10/2024;A;16:00:00;60429
15/10/2024;B;16:00:00;7348
16/10/2024;A;16:00:00;65175
16/10/2024;B;16:00:00;8050
17/10/2024;A;16:00:00;64757
17/10/2024;B;16:00:00;8424
18/10/2024;A;16:00:00;68548
18/10/2024;B;16:00:00;8354
19/10/2024;A;16:00:00;37434
19/10/2024;B;16:00:00;5302
20/10/2024;A;16:00:00;19743
20/10/2024;B;16:00:00;2950
21/10/2024;A;16:00:00;31464
21/10/2024;B;16:00:00;6351
22/10/2024;A;16:00:00;62651
22/10/2024;B;16:00:00;7911
23/10/2024;A;16:00:00;62933
23/10/2024;B;16:00:00;7921
24/10/2024;A;16:00:00;63509
24/10/2024;B;16:00:00;7991
25/10/2024;A;16:00:00;67288
25/10/2024;B;16:00:00;8134
26/10/2024;A;16:00:00;34051
26/10/2024;B;16:00:00;4818
27/10/2024;A;16:00:00;18565
27/10/2024;B;16:00:00;2741
28/10/2024;A;16:00:00;60039
28/10/2024;B;16:00:00;7510
29/10/2024;A;16:00:00;63752
29/10/2024;B;16:00:00;8299
30/10/2024;A;16:00:00;63767
30/10/2024;B;16:00:00;8165
31/10/2024;A;16:00:00;68557
31/10/2024;B;16:00:00;8826
1/01/2019;A;17:00:00;17471
2/01/2019;A;17:00:00;54580
3/01/2019;A;17:00:00;59015
4/01/2019;A;17:00:00;57557
5/01/2019;A;17:00:00;31620
6/01/2019;A;17:00:00;24857
7/01/2019;A;17:00:00;22104
8/01/2019;A;17:00:00;68589
9/01/2019;A;17:00:00;69656
10/01/2019;A;17:00:00;69418
11/01/2019;A;17:00:00;68828
12/01/2019;A;17:00:00;31198
13/01/2019;A;17:00:00;22598
14/01/2019;A;17:00:00;72569
15/01/2019;A;17:00:00;73386
16/01/2019;A;17:00:00;74480
17/01/2019;A;17:00:00;75287
18/01/2019;A;17:00:00;73081
19/01/2019;A;17:00:00;32369
20/01/2019;A;17:00:00;23440
21/01/2019;A;17:00:00;76035
22/01/2019;A;17:00:00;75920
23/01/2019;A;17:00:00;76709
24/01/2019;A;17:00:00;76646
25/01/2019;A;17:00:00;73939
26/01/2019;A;17:00:00;32683
27/01/2019;A;17:00:00;22343
28/01/2019;A;17:00:00;75926
29/01/2019;A;17:00:00;76610
30/01/2019;A;17:00:00;76831
31/01/2019;A;17:00:00;75478
1/02/2019;A;17:00:00;75937
2/02/2019;A;17:00:00;35900
3/02/2019;A;17:00:00;24149
4/02/2019;A;17:00:00;79546
5/02/2019;A;17:00:00;80780
6/02/2019;A;17:00:00;80736
7/02/2019;A;17:00:00;81307
8/02/2019;A;17:00:00;78635
9/02/2019;A;17:00:00;33694
10/02/2019;A;17:00:00;22614
11/02/2019;A;17:00:00;79224
12/02/2019;A;17:00:00;83236
13/02/2019;A;17:00:00;80323
14/02/2019;A;17:00:00;81449
15/02/2019;A;17:00:00;73447
16/02/2019;A;17:00:00;34388
17/02/2019;A;17:00:00;24065
18/02/2019;A;17:00:00;84650
19/02/2019;A;17:00:00;84821
20/02/2019;A;17:00:00;83301
21/02/2019;A;17:00:00;83369
22/02/2019;A;17:00:00;80227
23/02/2019;A;17:00:00;34976
24/02/2019;A;17:00:00;23682
25/02/2019;A;17:00:00;82281
26/02/2019;A;17:00:00;82800
27/02/2019;A;17:00:00;87375
28/02/2019;A;17:00:00;82356
1/03/2019;A;17:00:00;83646
2/03/2019;A;17:00:00;38388
3/03/2019;A;17:00:00;22885
4/03/2019;A;17:00:00;84329
5/03/2019;A;17:00:00;84838
6/03/2019;A;17:00:00;84940
7/03/2019;A;17:00:00;85102
8/03/2019;A;17:00:00;80517
9/03/2019;A;17:00:00;33979
10/03/2019;A;17:00:00;22933
11/03/2019;A;17:00:00;81486
12/03/2019;A;17:00:00;82935
13/03/2019;A;17:00:00;81405
14/03/2019;A;17:00:00;81147
15/03/2019;A;17:00:00;77392
16/03/2019;A;17:00:00;35698
17/03/2019;A;17:00:00;23439
18/03/2019;A;17:00:00;84272
19/03/2019;A;17:00:00;85451
20/03/2019;A;17:00:00;85583
21/03/2019;A;17:00:00;83462
22/03/2019;A;17:00:00;77915
23/03/2019;A;17:00:00;36423
24/03/2019;A;17:00:00;18717
25/03/2019;A;17:00:00;20582
26/03/2019;A;17:00:00;82982
27/03/2019;A;17:00:00;82249
28/03/2019;A;17:00:00;80453
29/03/2019;A;17:00:00;81209
30/03/2019;A;17:00:00;38443
31/03/2019;A;17:00:00;23223
1/04/2019;A;17:00:00;81912
2/04/2019;A;17:00:00;82455
3/04/2019;A;17:00:00;83208
4/04/2019;A;17:00:00;82477
5/04/2019;A;17:00:00;80273
6/04/2019;A;17:00:00;34862
7/04/2019;A;17:00:00;22587
8/04/2019;A;17:00:00;79118
9/04/2019;A;17:00:00;77429
10/04/2019;A;17:00:00;80358
11/04/2019;A;17:00:00;80960
12/04/2019;A;17:00:00;77786
13/04/2019;A;17:00:00;35272
14/04/2019;A;17:00:00;20942
15/04/2019;A;17:00:00;69833
16/04/2019;A;17:00:00;68765
17/04/2019;A;17:00:00;56234
18/04/2019;A;17:00:00;21453
19/04/2019;A;17:00:00;18049
20/04/2019;A;17:00:00;26091
21/04/2019;A;17:00:00;20941
22/04/2019;A;17:00:00;79299
23/04/2019;A;17:00:00;82203
24/04/2019;A;17:00:00;80438
25/04/2019;A;17:00:00;186377
26/04/2019;A;17:00:00;78614
27/04/2019;A;17:00:00;36275
28/04/2019;A;17:00:00;22845
29/04/2019;A;17:00:00;79042
30/04/2019;A;17:00:00;78482
1/05/2019;A;17:00:00;25337
2/05/2019;A;17:00:00;191245
3/05/2019;A;17:00:00;79889
4/05/2019;A;17:00:00;38346
5/05/2019;A;17:00:00;22556
6/05/2019;A;17:00:00;79924
7/05/2019;A;17:00:00;81443
8/05/2019;A;17:00:00;81874
9/05/2019;A;17:00:00;82113
10/05/2019;A;17:00:00;78301
11/05/2019;A;17:00:00;36858
12/05/2019;A;17:00:00;21982
13/05/2019;A;17:00:00;80007
14/05/2019;A;17:00:00;79039
15/05/2019;A;17:00:00;81196
16/05/2019;A;17:00:00;81611
17/05/2019;A;17:00:00;80235
18/05/2019;A;17:00:00;34346
19/05/2019;A;17:00:00;20699
20/05/2019;A;17:00:00;80726
21/05/2019;A;17:00:00;80805
22/05/2019;A;17:00:00;81450
23/05/2019;A;17:00:00;80318
24/05/2019;A;17:00:00;77639
25/05/2019;A;17:00:00;33863
26/05/2019;A;17:00:00;21460
27/05/2019;A;17:00:00;79280
28/05/2019;A;17:00:00;81251
29/05/2019;A;17:00:00;79184
30/05/2019;A;17:00:00;77543
31/05/2019;A;17:00:00;76082
1/06/2019;A;17:00:00;35586
2/06/2019;A;17:00:00;22096
3/06/2019;A;17:00:00;22497
4/06/2019;A;17:00:00;80062
5/06/2019;A;17:00:00;80934
6/06/2019;A;17:00:00;80135
7/06/2019;A;17:00:00;79004
8/06/2019;A;17:00:00;35931
9/06/2019;A;17:00:00;21822
10/06/2019;A;17:00:00;80650
11/06/2019;A;17:00:00;79915
12/06/2019;A;17:00:00;81022
13/06/2019;A;17:00:00;78247
14/06/2019;A;17:00:00;77104
15/06/2019;A;17:00:00;35723
16/06/2019;A;17:00:00;23375
17/06/2019;A;17:00:00;78633
18/06/2019;A;17:00:00;79519
19/06/2019;A;17:00:00;63768
20/06/2019;A;17:00:00;79025
21/06/2019;A;17:00:00;76430
22/06/2019;A;17:00:00;34089
23/06/2019;A;17:00:00;23313
24/06/2019;A;17:00:00;24242
25/06/2019;A;17:00:00;79227
26/06/2019;A;17:00:00;79017
27/06/2019;A;17:00:00;77545
28/06/2019;A;17:00:00;81653
29/06/2019;A;17:00:00;37508
30/06/2019;A;17:00:00;27825
1/07/2019;A;17:00:00;26889
2/07/2019;A;17:00:00;78496
3/07/2019;A;17:00:00;80687
4/07/2019;A;17:00:00;79707
5/07/2019;A;17:00:00;78144
6/07/2019;A;17:00:00;35019
7/07/2019;A;17:00:00;24111
8/07/2019;A;17:00:00;77100
9/07/2019;A;17:00:00;77977
10/07/2019;A;17:00:00;83214
11/07/2019;A;17:00:00;79549
12/07/2019;A;17:00:00;76051
13/07/2019;A;17:00:00;34764
14/07/2019;A;17:00:00;24109
15/07/2019;A;17:00:00;77095
16/07/2019;A;17:00:00;80362
17/07/2019;A;17:00:00;80683
18/07/2019;A;17:00:00;79569
19/07/2019;A;17:00:00;76270
20/07/2019;A;17:00:00;27843
21/07/2019;A;17:00:00;15649
22/07/2019;A;17:00:00;81551
23/07/2019;A;17:00:00;81870
24/07/2019;A;17:00:00;83230
25/07/2019;A;17:00:00;79745
26/07/2019;A;17:00:00;79208
27/07/2019;A;17:00:00;35902
28/07/2019;A;17:00:00;24130
29/07/2019;A;17:00:00;79968
30/07/2019;A;17:00:00;81926
31/07/2019;A;17:00:00;80473
1/08/2019;A;17:00:00;81881
2/08/2019;A;17:00:00;81619
3/08/2019;A;17:00:00;38689
4/08/2019;A;17:00:00;26301
5/08/2019;A;17:00:00;83255
6/08/2019;A;17:00:00;87237
7/08/2019;A;17:00:00;28835
8/08/2019;A;17:00:00;84489
9/08/2019;A;17:00:00;82881
10/08/2019;A;17:00:00;39986
11/08/2019;A;17:00:00;31648
12/08/2019;A;17:00:00;81975
13/08/2019;A;17:00:00;83430
14/08/2019;A;17:00:00;83089
15/08/2019;A;17:00:00;82695
16/08/2019;A;17:00:00;81510
17/08/2019;A;17:00:00;35639
18/08/2019;A;17:00:00;24273
19/08/2019;A;17:00:00;23876
20/08/2019;A;17:00:00;83108
21/08/2019;A;17:00:00;81965
22/08/2019;A;17:00:00;83499
23/08/2019;A;17:00:00;80780
24/08/2019;A;17:00:00;34499
25/08/2019;A;17:00:00;22349
26/08/2019;A;17:00:00;81161
27/08/2019;A;17:00:00;81702
28/08/2019;A;17:00:00;82818
29/08/2019;A;17:00:00;85667
30/08/2019;A;17:00:00;77578
31/08/2019;A;17:00:00;37752
1/09/2019;A;17:00:00;26023
2/09/2019;A;17:00:00;82890
3/09/2019;A;17:00:00;82831
4/09/2019;A;17:00:00;7228
5/09/2019;A;17:00:00;82143
6/09/2019;A;17:00:00;82702
7/09/2019;A;17:00:00;39639
8/09/2019;A;17:00:00;24188
9/09/2019;A;17:00:00;81705
10/09/2019;A;17:00:00;83112
11/09/2019;A;17:00:00;84426
12/09/2019;A;17:00:00;83139
13/09/2019;A;17:00:00;80038
14/09/2019;A;17:00:00;39501
15/09/2019;A;17:00:00;26356
16/09/2019;A;17:00:00;82352
17/09/2019;A;17:00:00;84804
18/09/2019;A;17:00:00;83437
19/09/2019;A;17:00:00;83478
20/09/2019;A;17:00:00;82563
21/09/2019;A;17:00:00;38500
22/09/2019;A;17:00:00;25176
23/09/2019;A;17:00:00;83827
24/09/2019;A;17:00:00;84121
25/09/2019;A;17:00:00;85424
26/09/2019;A;17:00:00;82482
27/09/2019;A;17:00:00;82476
28/09/2019;A;17:00:00;36719
29/09/2019;A;17:00:00;24722
30/09/2019;A;17:00:00;82704
1/10/2019;A;17:00:00;84095
2/10/2019;A;17:00:00;85844
3/10/2019;A;17:00:00;86374
4/10/2019;A;17:00:00;81717
5/10/2019;A;17:00:00;39831
6/10/2019;A;17:00:00;23743
7/10/2019;A;17:00:00;84838
8/10/2019;A;17:00:00;86296
9/10/2019;A;17:00:00;86679
10/10/2019;A;17:00:00;86111
11/10/2019;A;17:00:00;83466
12/10/2019;A;17:00:00;35941
13/10/2019;A;17:00:00;23803
14/10/2019;A;17:00:00;24114
15/10/2019;A;17:00:00;84547
16/10/2019;A;17:00:00;88252
17/10/2019;A;17:00:00;90140
18/10/2019;A;17:00:00;82588
19/10/2019;A;17:00:00;38824
20/10/2019;A;17:00:00;26474
21/10/2019;A;17:00:00;86014
22/10/2019;A;17:00:00;86519
23/10/2019;A;17:00:00;83977
24/10/2019;A;17:00:00;84919
25/10/2019;A;17:00:00;81761
26/10/2019;A;17:00:00;37124
27/10/2019;A;17:00:00;651
28/10/2019;A;17:00:00;82579
29/10/2019;A;17:00:00;86566
30/10/2019;A;17:00:00;69084
31/10/2019;A;17:00:00;81683
1/11/2019;A;17:00:00;78424
2/11/2019;A;17:00:00;39657
3/11/2019;A;17:00:00;23172
4/11/2019;A;17:00:00;24336
5/11/2019;A;17:00:00;86148
6/11/2019;A;17:00:00;87192
7/11/2019;A;17:00:00;85894
8/11/2019;A;17:00:00;80934
9/11/2019;A;17:00:00;41450
10/11/2019;A;17:00:00;22202
11/11/2019;A;17:00:00;26713
12/11/2019;A;17:00:00;84175
13/11/2019;A;17:00:00;85861
14/11/2019;A;17:00:00;84720
15/11/2019;A;17:00:00;82689
16/11/2019;A;17:00:00;41266
17/11/2019;A;17:00:00;28019
18/11/2019;A;17:00:00;87960
19/11/2019;A;17:00:00;84887
20/11/2019;A;17:00:00;33196
21/11/2019;A;17:00:00;46974
22/11/2019;A;17:00:00;82475
23/11/2019;A;17:00:00;41956
24/11/2019;A;17:00:00;24854
25/11/2019;A;17:00:00;85649
26/11/2019;A;17:00:00;87336
27/11/2019;A;17:00:00;81032
28/11/2019;A;17:00:00;84165
29/11/2019;A;17:00:00;80444
30/11/2019;A;17:00:00;45744
1/12/2019;A;17:00:00;29168
2/12/2019;A;17:00:00;83807
3/12/2019;A;17:00:00;83680
4/12/2019;A;17:00:00;80677
5/12/2019;A;17:00:00;83997
6/12/2019;A;17:00:00;81454
7/12/2019;A;17:00:00;39627
8/12/2019;A;17:00:00;30702
9/12/2019;A;17:00:00;82257
10/12/2019;A;17:00:00;85646
11/12/2019;A;17:00:00;83298
12/12/2019;A;17:00:00;82115
13/12/2019;A;17:00:00;79704
14/12/2019;A;17:00:00;46923
15/12/2019;A;17:00:00;35864
16/12/2019;A;17:00:00;75228
17/12/2019;A;17:00:00;82803
18/12/2019;A;17:00:00;81857
19/12/2019;A;17:00:00;79536
20/12/2019;A;17:00:00;79042
21/12/2019;A;17:00:00;46771
22/12/2019;A;17:00:00;32979
23/12/2019;A;17:00:00;72641
24/12/2019;A;17:00:00;34639
25/12/2019;A;17:00:00;20370
26/12/2019;A;17:00:00;67312
27/12/2019;A;17:00:00;66636
28/12/2019;A;17:00:00;36793
29/12/2019;A;17:00:00;24753
30/12/2019;A;17:00:00;58098
31/12/2019;A;17:00:00;32431
1/01/2019;B;17:00:00;2451
2/01/2019;B;17:00:00;6843
3/01/2019;B;17:00:00;7200
4/01/2019;B;17:00:00;7293
5/01/2019;B;17:00:00;4359
6/01/2019;B;17:00:00;3779
7/01/2019;B;17:00:00;3362
8/01/2019;B;17:00:00;8624
9/01/2019;B;17:00:00;8702
10/01/2019;B;17:00:00;8552
11/01/2019;B;17:00:00;8318
12/01/2019;B;17:00:00;4704
13/01/2019;B;17:00:00;2347
14/01/2019;B;17:00:00;8836
15/01/2019;B;17:00:00;9699
16/01/2019;B;17:00:00;9333
17/01/2019;B;17:00:00;9407
18/01/2019;B;17:00:00;9148
19/01/2019;B;17:00:00;4823
20/01/2019;B;17:00:00;3387
21/01/2019;B;17:00:00;9668
22/01/2019;B;17:00:00;10203
23/01/2019;B;17:00:00;9871
24/01/2019;B;17:00:00;10053
25/01/2019;B;17:00:00;9509
26/01/2019;B;17:00:00;4875
27/01/2019;B;17:00:00;3180
28/01/2019;B;17:00:00;9544
29/01/2019;B;17:00:00;10277
30/01/2019;B;17:00:00;10052
31/01/2019;B;17:00:00;9863
1/02/2019;B;17:00:00;9996
2/02/2019;B;17:00:00;5289
3/02/2019;B;17:00:00;3326
4/02/2019;B;17:00:00;10542
5/02/2019;B;17:00:00;10859
6/02/2019;B;17:00:00;10713
7/02/2019;B;17:00:00;10439
8/02/2019;B;17:00:00;10156
9/02/2019;B;17:00:00;4730
10/02/2019;B;17:00:00;3555
11/02/2019;B;17:00:00;10261
12/02/2019;B;17:00:00;10770
13/02/2019;B;17:00:00;10491
14/02/2019;B;17:00:00;10783
15/02/2019;B;17:00:00;9532
16/02/2019;B;17:00:00;5371
17/02/2019;B;17:00:00;3509
18/02/2019;B;17:00:00;11370
19/02/2019;B;17:00:00;11726
20/02/2019;B;17:00:00;11112
21/02/2019;B;17:00:00;10882
22/02/2019;B;17:00:00;10364
23/02/2019;B;17:00:00;5682
24/02/2019;B;17:00:00;3181
25/02/2019;B;17:00:00;10932
26/02/2019;B;17:00:00;11213
27/02/2019;B;17:00:00;11374
28/02/2019;B;17:00:00;10433
1/03/2019;B;17:00:00;11149
2/03/2019;B;17:00:00;5634
3/03/2019;B;17:00:00;3514
4/03/2019;B;17:00:00;10680
5/03/2019;B;17:00:00;11110
6/03/2019;B;17:00:00;11291
7/03/2019;B;17:00:00;11620
8/03/2019;B;17:00:00;11179
9/03/2019;B;17:00:00;5281
10/03/2019;B;17:00:00;2805
11/03/2019;B;17:00:00;10881
12/03/2019;B;17:00:00;10527
13/03/2019;B;17:00:00;10920
14/03/2019;B;17:00:00;10819
15/03/2019;B;17:00:00;10425
16/03/2019;B;17:00:00;8781
17/03/2019;B;17:00:00;3401
18/03/2019;B;17:00:00;10964
19/03/2019;B;17:00:00;11396
20/03/2019;B;17:00:00;10960
21/03/2019;B;17:00:00;11036
22/03/2019;B;17:00:00;9209
23/03/2019;B;17:00:00;5504
24/03/2019;B;17:00:00;2745
25/03/2019;B;17:00:00;2785
26/03/2019;B;17:00:00;11088
27/03/2019;B;17:00:00;11136
28/03/2019;B;17:00:00;9649
29/03/2019;B;17:00:00;10708
30/03/2019;B;17:00:00;5687
31/03/2019;B;17:00:00;3304
1/04/2019;B;17:00:00;10398
2/04/2019;B;17:00:00;10764
3/04/2019;B;17:00:00;11108
4/04/2019;B;17:00:00;10775
5/04/2019;B;17:00:00;9938
6/04/2019;B;17:00:00;4374
7/04/2019;B;17:00:00;3141
8/04/2019;B;17:00:00;10187
9/04/2019;B;17:00:00;10295
10/04/2019;B;17:00:00;10486
11/04/2019;B;17:00:00;10593
12/04/2019;B;17:00:00;10104
13/04/2019;B;17:00:00;5141
14/04/2019;B;17:00:00;2993
15/04/2019;B;17:00:00;8682
16/04/2019;B;17:00:00;8424
17/04/2019;B;17:00:00;6847
18/04/2019;B;17:00:00;3026
19/04/2019;B;17:00:00;2729
20/04/2019;B;17:00:00;3798
21/04/2019;B;17:00:00;2813
22/04/2019;B;17:00:00;10040
23/04/2019;B;17:00:00;11040
24/04/2019;B;17:00:00;10763
25/04/2019;B;17:00:00;32470
26/04/2019;B;17:00:00;10350
27/04/2019;B;17:00:00;5390
28/04/2019;B;17:00:00;3344
29/04/2019;B;17:00:00;10252
30/04/2019;B;17:00:00;10308
1/05/2019;B;17:00:00;3766
2/05/2019;B;17:00:00;25906
3/05/2019;B;17:00:00;10801
4/05/2019;B;17:00:00;5445
5/05/2019;B;17:00:00;5619
6/05/2019;B;17:00:00;10378
7/05/2019;B;17:00:00;10803
8/05/2019;B;17:00:00;10732
9/05/2019;B;17:00:00;10813
10/05/2019;B;17:00:00;10517
11/05/2019;B;17:00:00;5287
12/05/2019;B;17:00:00;3063
13/05/2019;B;17:00:00;10866
14/05/2019;B;17:00:00;10693
15/05/2019;B;17:00:00;10365
16/05/2019;B;17:00:00;10929
17/05/2019;B;17:00:00;10653
18/05/2019;B;17:00:00;5287
19/05/2019;B;17:00:00;3223
20/05/2019;B;17:00:00;10583
21/05/2019;B;17:00:00;10527
22/05/2019;B;17:00:00;10921
23/05/2019;B;17:00:00;10312
24/05/2019;B;17:00:00;10194
25/05/2019;B;17:00:00;4989
26/05/2019;B;17:00:00;3246
27/05/2019;B;17:00:00;10525
28/05/2019;B;17:00:00;11032
29/05/2019;B;17:00:00;10572
30/05/2019;B;17:00:00;10386
31/05/2019;B;17:00:00;9567
1/06/2019;B;17:00:00;5185
2/06/2019;B;17:00:00;3464
3/06/2019;B;17:00:00;3179
4/06/2019;B;17:00:00;10477
5/06/2019;B;17:00:00;10639
6/06/2019;B;17:00:00;10454
7/06/2019;B;17:00:00;10172
8/06/2019;B;17:00:00;5447
9/06/2019;B;17:00:00;3087
10/06/2019;B;17:00:00;10516
11/06/2019;B;17:00:00;10472
12/06/2019;B;17:00:00;10496
13/06/2019;B;17:00:00;10127
14/06/2019;B;17:00:00;9992
15/06/2019;B;17:00:00;4265
16/06/2019;B;17:00:00;2778
17/06/2019;B;17:00:00;10305
18/06/2019;B;17:00:00;10274
19/06/2019;B;17:00:00;8131
20/06/2019;B;17:00:00;10141
21/06/2019;B;17:00:00;9904
22/06/2019;B;17:00:00;4957
23/06/2019;B;17:00:00;3102
24/06/2019;B;17:00:00;3358
25/06/2019;B;17:00:00;10811
26/06/2019;B;17:00:00;10276
27/06/2019;B;17:00:00;10560
28/06/2019;B;17:00:00;10707
29/06/2019;B;17:00:00;5340
30/06/2019;B;17:00:00;3714
1/07/2019;B;17:00:00;3657
2/07/2019;B;17:00:00;10168
3/07/2019;B;17:00:00;10444
4/07/2019;B;17:00:00;10205
5/07/2019;B;17:00:00;9682
6/07/2019;B;17:00:00;5047
7/07/2019;B;17:00:00;3642
8/07/2019;B;17:00:00;9893
9/07/2019;B;17:00:00;10173
10/07/2019;B;17:00:00;10667
11/07/2019;B;17:00:00;10629
12/07/2019;B;17:00:00;10226
13/07/2019;B;17:00:00;5662
14/07/2019;B;17:00:00;3847
15/07/2019;B;17:00:00;9925
16/07/2019;B;17:00:00;10500
17/07/2019;B;17:00:00;10542
18/07/2019;B;17:00:00;10322
19/07/2019;B;17:00:00;9953
20/07/2019;B;17:00:00;4526
21/07/2019;B;17:00:00;3683
22/07/2019;B;17:00:00;10561
23/07/2019;B;17:00:00;10720
24/07/2019;B;17:00:00;11101
25/07/2019;B;17:00:00;10785
26/07/2019;B;17:00:00;10579
27/07/2019;B;17:00:00;5406
28/07/2019;B;17:00:00;3533
29/07/2019;B;17:00:00;10782
30/07/2019;B;17:00:00;10995
31/07/2019;B;17:00:00;10888
1/08/2019;B;17:00:00;11254
2/08/2019;B;17:00:00;10906
3/08/2019;B;17:00:00;6002
4/08/2019;B;17:00:00;4274
5/08/2019;B;17:00:00;11251
6/08/2019;B;17:00:00;11375
7/08/2019;B;17:00:00;4491
8/08/2019;B;17:00:00;11441
9/08/2019;B;17:00:00;10892
10/08/2019;B;17:00:00;5701
11/08/2019;B;17:00:00;5756
12/08/2019;B;17:00:00;10812
13/08/2019;B;17:00:00;11395
14/08/2019;B;17:00:00;12308
15/08/2019;B;17:00:00;11219
16/08/2019;B;17:00:00;10031
17/08/2019;B;17:00:00;5520
18/08/2019;B;17:00:00;3773
19/08/2019;B;17:00:00;3330
20/08/2019;B;17:00:00;11230
21/08/2019;B;17:00:00;11119
22/08/2019;B;17:00:00;11197
23/08/2019;B;17:00:00;10845
24/08/2019;B;17:00:00;5234
25/08/2019;B;17:00:00;3358
26/08/2019;B;17:00:00;10452
27/08/2019;B;17:00:00;11136
28/08/2019;B;17:00:00;10926
29/08/2019;B;17:00:00;11229
30/08/2019;B;17:00:00;10303
31/08/2019;B;17:00:00;5405
1/09/2019;B;17:00:00;3799
2/09/2019;B;17:00:00;10968
3/09/2019;B;17:00:00;10815
4/09/2019;B;17:00:00;383
5/09/2019;B;17:00:00;10836
6/09/2019;B;17:00:00;10857
7/09/2019;B;17:00:00;5771
8/09/2019;B;17:00:00;3439
9/09/2019;B;17:00:00;10642
10/09/2019;B;17:00:00;11182
11/09/2019;B;17:00:00;11150
12/09/2019;B;17:00:00;10891
13/09/2019;B;17:00:00;10594
14/09/2019;B;17:00:00;5484
15/09/2019;B;17:00:00;3662
16/09/2019;B;17:00:00;10713
17/09/2019;B;17:00:00;11545
18/09/2019;B;17:00:00;11306
19/09/2019;B;17:00:00;11224
20/09/2019;B;17:00:00;10823
21/09/2019;B;17:00:00;5591
22/09/2019;B;17:00:00;3513
23/09/2019;B;17:00:00;11049
24/09/2019;B;17:00:00;11496
25/09/2019;B;17:00:00;11482
26/09/2019;B;17:00:00;11207
27/09/2019;B;17:00:00;11333
28/09/2019;B;17:00:00;5426
29/09/2019;B;17:00:00;3598
30/09/2019;B;17:00:00;10644
1/10/2019;B;17:00:00;11455
2/10/2019;B;17:00:00;11446
3/10/2019;B;17:00:00;10640
4/10/2019;B;17:00:00;10741
5/10/2019;B;17:00:00;5944
6/10/2019;B;17:00:00;4213
7/10/2019;B;17:00:00;11233
8/10/2019;B;17:00:00;11521
9/10/2019;B;17:00:00;11550
10/10/2019;B;17:00:00;11704
11/10/2019;B;17:00:00;10867
12/10/2019;B;17:00:00;5101
13/10/2019;B;17:00:00;3687
14/10/2019;B;17:00:00;3507
15/10/2019;B;17:00:00;11498
16/10/2019;B;17:00:00;11908
17/10/2019;B;17:00:00;12359
18/10/2019;B;17:00:00;11138
19/10/2019;B;17:00:00;5145
20/10/2019;B;17:00:00;3809
21/10/2019;B;17:00:00;11118
22/10/2019;B;17:00:00;11580
23/10/2019;B;17:00:00;10977
24/10/2019;B;17:00:00;12105
25/10/2019;B;17:00:00;10746
26/10/2019;B;17:00:00;5619
27/10/2019;B;17:00:00;48
28/10/2019;B;17:00:00;11170
29/10/2019;B;17:00:00;11571
30/10/2019;B;17:00:00;9133
31/10/2019;B;17:00:00;11034
1/11/2019;B;17:00:00;11257
2/11/2019;B;17:00:00;5673
3/11/2019;B;17:00:00;3236
4/11/2019;B;17:00:00;3555
5/11/2019;B;17:00:00;11563
6/11/2019;B;17:00:00;11390
7/11/2019;B;17:00:00;11373
8/11/2019;B;17:00:00;10702
9/11/2019;B;17:00:00;5901
10/11/2019;B;17:00:00;3411
11/11/2019;B;17:00:00;3883
12/11/2019;B;17:00:00;11605
13/11/2019;B;17:00:00;11771
14/11/2019;B;17:00:00;11308
15/11/2019;B;17:00:00;10803
16/11/2019;B;17:00:00;5610
17/11/2019;B;17:00:00;3993
18/11/2019;B;17:00:00;11217
19/11/2019;B;17:00:00;10879
20/11/2019;B;17:00:00;4460
21/11/2019;B;17:00:00;5464
22/11/2019;B;17:00:00;12038
23/11/2019;B;17:00:00;5362
24/11/2019;B;17:00:00;3614
25/11/2019;B;17:00:00;11160
26/11/2019;B;17:00:00;11964
27/11/2019;B;17:00:00;10732
28/11/2019;B;17:00:00;11378
29/11/2019;B;17:00:00;10994
30/11/2019;B;17:00:00;6085
1/12/2019;B;17:00:00;3988
2/12/2019;B;17:00:00;10953
3/12/2019;B;17:00:00;10978
4/12/2019;B;17:00:00;10141
5/12/2019;B;17:00:00;11379
6/12/2019;B;17:00:00;10438
7/12/2019;B;17:00:00;5363
8/12/2019;B;17:00:00;4360
9/12/2019;B;17:00:00;10951
10/12/2019;B;17:00:00;11668
11/12/2019;B;17:00:00;10774
12/12/2019;B;17:00:00;11234
13/12/2019;B;17:00:00;10391
14/12/2019;B;17:00:00;6063
15/12/2019;B;17:00:00;4787
16/12/2019;B;17:00:00;9808
17/12/2019;B;17:00:00;11312
18/12/2019;B;17:00:00;10403
19/12/2019;B;17:00:00;10275
20/12/2019;B;17:00:00;9744
21/12/2019;B;17:00:00;5940
22/12/2019;B;17:00:00;3957
23/12/2019;B;17:00:00;8781
24/12/2019;B;17:00:00;4240
25/12/2019;B;17:00:00;2969
26/12/2019;B;17:00:00;8231
27/12/2019;B;17:00:00;8256
28/12/2019;B;17:00:00;5000
29/12/2019;B;17:00:00;2684
30/12/2019;B;17:00:00;7239
31/12/2019;B;17:00:00;3887
1/01/2020;A;17:00:00;19522
1/01/2020;B;17:00:00;2942
2/01/2020;A;17:00:00;57311
2/01/2020;B;17:00:00;7432
3/01/2020;A;17:00:00;57307
3/01/2020;B;17:00:00;7375
4/01/2020;A;17:00:00;32016
4/01/2020;B;17:00:00;5634
5/01/2020;A;17:00:00;25824
5/01/2020;B;17:00:00;4147
6/01/2020;A;17:00:00;25195
6/01/2020;B;17:00:00;4211
7/01/2020;A;17:00:00;71492
7/01/2020;B;17:00:00;8738
8/01/2020;A;17:00:00;69796
8/01/2020;B;17:00:00;8705
9/01/2020;A;17:00:00;70248
9/01/2020;B;17:00:00;8941
10/01/2020;A;17:00:00;68801
10/01/2020;B;17:00:00;8774
11/01/2020;A;17:00:00;31238
11/01/2020;B;17:00:00;4558
12/01/2020;A;17:00:00;21246
12/01/2020;B;17:00:00;3711
13/01/2020;A;17:00:00;73058
13/01/2020;B;17:00:00;9665
14/01/2020;A;17:00:00;75436
14/01/2020;B;17:00:00;9760
15/01/2020;A;17:00:00;74955
15/01/2020;B;17:00:00;9612
16/01/2020;A;17:00:00;74983
16/01/2020;B;17:00:00;9773
17/01/2020;A;17:00:00;73797
17/01/2020;B;17:00:00;9397
18/01/2020;A;17:00:00;32513
18/01/2020;B;17:00:00;5328
19/01/2020;A;17:00:00;23845
19/01/2020;B;17:00:00;3443
20/01/2020;A;17:00:00;79229
20/01/2020;B;17:00:00;10200
21/01/2020;A;17:00:00;80486
21/01/2020;B;17:00:00;10656
22/01/2020;A;17:00:00;78013
22/01/2020;B;17:00:00;10633
23/01/2020;A;17:00:00;78321
23/01/2020;B;17:00:00;10307
24/01/2020;A;17:00:00;75882
24/01/2020;B;17:00:00;10011
25/01/2020;A;17:00:00;33050
25/01/2020;B;17:00:00;5131
26/01/2020;A;17:00:00;22173
26/01/2020;B;17:00:00;3416
27/01/2020;A;17:00:00;76387
27/01/2020;B;17:00:00;10365
28/01/2020;A;17:00:00;80576
28/01/2020;B;17:00:00;10798
29/01/2020;A;17:00:00;81373
29/01/2020;B;17:00:00;11039
30/01/2020;A;17:00:00;77711
30/01/2020;B;17:00:00;10438
31/01/2020;A;17:00:00;76107
31/01/2020;B;17:00:00;10010
1/02/2020;A;17:00:00;36335
1/02/2020;B;17:00:00;5127
2/02/2020;A;17:00:00;24609
2/02/2020;B;17:00:00;3636
3/02/2020;A;17:00:00;79344
3/02/2020;B;17:00:00;10639
4/02/2020;A;17:00:00;81967
4/02/2020;B;17:00:00;10800
5/02/2020;A;17:00:00;82473
5/02/2020;B;17:00:00;11005
6/02/2020;A;17:00:00;82560
6/02/2020;B;17:00:00;11426
7/02/2020;A;17:00:00;78521
7/02/2020;B;17:00:00;10973
8/02/2020;A;17:00:00;35122
8/02/2020;B;17:00:00;5274
9/02/2020;A;17:00:00;22323
9/02/2020;B;17:00:00;3604
10/02/2020;A;17:00:00;80975
10/02/2020;B;17:00:00;11027
11/02/2020;A;17:00:00;82212
11/02/2020;B;17:00:00;11091
12/02/2020;A;17:00:00;80841
12/02/2020;B;17:00:00;11112
13/02/2020;A;17:00:00;81848
13/02/2020;B;17:00:00;11252
14/02/2020;A;17:00:00;76685
14/02/2020;B;17:00:00;10323
15/02/2020;A;17:00:00;35603
15/02/2020;B;17:00:00;5387
16/02/2020;A;17:00:00;22427
16/02/2020;B;17:00:00;3732
17/02/2020;A;17:00:00;162348
17/02/2020;B;17:00:00;21890
18/02/2020;A;17:00:00;166064
18/02/2020;B;17:00:00;22170
19/02/2020;A;17:00:00;82118
19/02/2020;B;17:00:00;11069
20/02/2020;A;17:00:00;81634
20/02/2020;B;17:00:00;11470
21/02/2020;A;17:00:00;79701
21/02/2020;B;17:00:00;10557
22/02/2020;A;17:00:00;34056
22/02/2020;B;17:00:00;4861
23/02/2020;A;17:00:00;23615
23/02/2020;B;17:00:00;3353
24/02/2020;A;17:00:00;82670
24/02/2020;B;17:00:00;11715
25/02/2020;A;17:00:00;82524
25/02/2020;B;17:00:00;11275
26/02/2020;A;17:00:00;82687
26/02/2020;B;17:00:00;11506
27/02/2020;A;17:00:00;80863
27/02/2020;B;17:00:00;11262
28/02/2020;A;17:00:00;81079
28/02/2020;B;17:00:00;11151
29/02/2020;A;17:00:00;37172
29/02/2020;B;17:00:00;5646
1/03/2020;A;17:00:00;26312
1/03/2020;B;17:00:00;3685
2/03/2020;A;17:00:00;81952
2/03/2020;B;17:00:00;11191
3/03/2020;A;17:00:00;86723
3/03/2020;B;17:00:00;12006
4/03/2020;A;17:00:00;84776
4/03/2020;B;17:00:00;11663
5/03/2020;A;17:00:00;84727
5/03/2020;B;17:00:00;12149
6/03/2020;A;17:00:00;82963
6/03/2020;B;17:00:00;11291
7/03/2020;A;17:00:00;38034
7/03/2020;B;17:00:00;5533
8/03/2020;A;17:00:00;23935
8/03/2020;B;17:00:00;3491
9/03/2020;A;17:00:00;85112
9/03/2020;B;17:00:00;11610
10/03/2020;A;17:00:00;84597
10/03/2020;B;17:00:00;11345
11/03/2020;A;17:00:00;83927
11/03/2020;B;17:00:00;11412
12/03/2020;A;17:00:00;80022
12/03/2020;B;17:00:00;11037
13/03/2020;A;17:00:00;74509
13/03/2020;B;17:00:00;10169
14/03/2020;A;17:00:00;31330
14/03/2020;B;17:00:00;4530
15/03/2020;A;17:00:00;18848
15/03/2020;B;17:00:00;2641
16/03/2020;A;17:00:00;60720
16/03/2020;B;17:00:00;7574
17/03/2020;A;17:00:00;51833
17/03/2020;B;17:00:00;6655
18/03/2020;A;17:00:00;46994
18/03/2020;B;17:00:00;5866
19/03/2020;A;17:00:00;43920
19/03/2020;B;17:00:00;5436
20/03/2020;A;17:00:00;37887
20/03/2020;B;17:00:00;5003
21/03/2020;A;17:00:00;5183
21/03/2020;B;17:00:00;726
22/03/2020;A;17:00:00;3786
22/03/2020;B;17:00:00;534
23/03/2020;A;17:00:00;4382
23/03/2020;B;17:00:00;530
24/03/2020;A;17:00:00;11488
24/03/2020;B;17:00:00;1404
25/03/2020;A;17:00:00;8451
25/03/2020;B;17:00:00;979
26/03/2020;A;17:00:00;8262
26/03/2020;B;17:00:00;937
27/03/2020;A;17:00:00;8162
27/03/2020;B;17:00:00;952
28/03/2020;A;17:00:00;4667
28/03/2020;B;17:00:00;636
29/03/2020;A;17:00:00;3159
29/03/2020;B;17:00:00;442
30/03/2020;A;17:00:00;8307
30/03/2020;B;17:00:00;970
31/03/2020;A;17:00:00;8402
31/03/2020;B;17:00:00;942
1/04/2020;A;17:00:00;8083
1/04/2020;B;17:00:00;958
2/04/2020;A;17:00:00;7800
2/04/2020;B;17:00:00;937
3/04/2020;A;17:00:00;8043
3/04/2020;B;17:00:00;900
4/04/2020;A;17:00:00;4950
4/04/2020;B;17:00:00;688
5/04/2020;A;17:00:00;3111
5/04/2020;B;17:00:00;459
6/04/2020;A;17:00:00;8342
6/04/2020;B;17:00:00;919
7/04/2020;A;17:00:00;8149
7/04/2020;B;17:00:00;865
8/04/2020;A;17:00:00;7857
8/04/2020;B;17:00:00;916
9/04/2020;A;17:00:00;3567
9/04/2020;B;17:00:00;474
10/04/2020;A;17:00:00;3227
10/04/2020;B;17:00:00;466
11/04/2020;A;17:00:00;4815
11/04/2020;B;17:00:00;641
12/04/2020;A;17:00:00;3108
12/04/2020;B;17:00:00;445
13/04/2020;A;17:00:00;9871
13/04/2020;B;17:00:00;1136
14/04/2020;A;17:00:00;10072
14/04/2020;B;17:00:00;1227
15/04/2020;A;17:00:00;10371
15/04/2020;B;17:00:00;1297
16/04/2020;A;17:00:00;10142
16/04/2020;B;17:00:00;1250
17/04/2020;A;17:00:00;10020
17/04/2020;B;17:00:00;1267
18/04/2020;A;17:00:00;5062
18/04/2020;B;17:00:00;688
19/04/2020;A;17:00:00;3215
19/04/2020;B;17:00:00;424
20/04/2020;A;17:00:00;10641
20/04/2020;B;17:00:00;1274
21/04/2020;A;17:00:00;11042
21/04/2020;B;17:00:00;1358
22/04/2020;A;17:00:00;11248
22/04/2020;B;17:00:00;1355
23/04/2020;A;17:00:00;11110
23/04/2020;B;17:00:00;1325
24/04/2020;A;17:00:00;11119
24/04/2020;B;17:00:00;1400
25/04/2020;A;17:00:00;5580
25/04/2020;B;17:00:00;738
26/04/2020;A;17:00:00;3580
26/04/2020;B;17:00:00;548
27/04/2020;A;17:00:00;12012
27/04/2020;B;17:00:00;1425
28/04/2020;A;17:00:00;13325
28/04/2020;B;17:00:00;1631
29/04/2020;A;17:00:00;13163
29/04/2020;B;17:00:00;1657
30/04/2020;A;17:00:00;14104
30/04/2020;B;17:00:00;1745
1/05/2020;A;17:00:00;4554
1/05/2020;B;17:00:00;675
2/05/2020;A;17:00:00;5909
2/05/2020;B;17:00:00;852
3/05/2020;A;17:00:00;3599
3/05/2020;B;17:00:00;558
4/05/2020;A;17:00:00;15833
4/05/2020;B;17:00:00;1818
5/05/2020;A;17:00:00;16600
5/05/2020;B;17:00:00;1965
6/05/2020;A;17:00:00;16008
6/05/2020;B;17:00:00;2133
7/05/2020;A;17:00:00;16607
7/05/2020;B;17:00:00;2160
8/05/2020;A;17:00:00;16865
8/05/2020;B;17:00:00;2174
9/05/2020;A;17:00:00;8919
9/05/2020;B;17:00:00;1265
10/05/2020;A;17:00:00;4700
10/05/2020;B;17:00:00;791
11/05/2020;A;17:00:00;17515
11/05/2020;B;17:00:00;2356
12/05/2020;A;17:00:00;19189
12/05/2020;B;17:00:00;2338
13/05/2020;A;17:00:00;20085
13/05/2020;B;17:00:00;2454
14/05/2020;A;17:00:00;20678
14/05/2020;B;17:00:00;2569
15/05/2020;A;17:00:00;19604
15/05/2020;B;17:00:00;2479
16/05/2020;A;17:00:00;7450
16/05/2020;B;17:00:00;1010
17/05/2020;A;17:00:00;3904
17/05/2020;B;17:00:00;640
18/05/2020;A;17:00:00;21043
18/05/2020;B;17:00:00;2638
19/05/2020;A;17:00:00;21046
19/05/2020;B;17:00:00;2641
20/05/2020;A;17:00:00;21479
20/05/2020;B;17:00:00;2693
21/05/2020;A;17:00:00;21463
21/05/2020;B;17:00:00;2685
22/05/2020;A;17:00:00;21297
22/05/2020;B;17:00:00;2675
23/05/2020;A;17:00:00;8105
23/05/2020;B;17:00:00;1059
24/05/2020;A;17:00:00;4067
24/05/2020;B;17:00:00;625
25/05/2020;A;17:00:00;4272
25/05/2020;B;17:00:00;637
26/05/2020;A;17:00:00;21844
26/05/2020;B;17:00:00;2897
27/05/2020;A;17:00:00;22046
27/05/2020;B;17:00:00;2813
28/05/2020;A;17:00:00;23202
28/05/2020;B;17:00:00;2939
29/05/2020;A;17:00:00;21936
29/05/2020;B;17:00:00;2845
30/05/2020;A;17:00:00;8927
30/05/2020;B;17:00:00;1176
31/05/2020;A;17:00:00;4274
31/05/2020;B;17:00:00;630
1/06/2020;A;17:00:00;23261
1/06/2020;B;17:00:00;2938
2/06/2020;A;17:00:00;23070
2/06/2020;B;17:00:00;2941
3/06/2020;A;17:00:00;18479
3/06/2020;B;17:00:00;3090
4/06/2020;A;17:00:00;22737
4/06/2020;B;17:00:00;3194
5/06/2020;A;17:00:00;21659
5/06/2020;B;17:00:00;3160
6/06/2020;A;17:00:00;10056
6/06/2020;B;17:00:00;1318
7/06/2020;A;17:00:00;5047
7/06/2020;B;17:00:00;755
8/06/2020;A;17:00:00;21034
8/06/2020;B;17:00:00;3075
9/06/2020;A;17:00:00;24134
9/06/2020;B;17:00:00;3112
10/06/2020;A;17:00:00;22455
10/06/2020;B;17:00:00;3355
11/06/2020;A;17:00:00;23189
11/06/2020;B;17:00:00;3383
12/06/2020;A;17:00:00;22805
12/06/2020;B;17:00:00;3140
14/06/2020;A;17:00:00;5187
14/06/2020;B;17:00:00;744
15/06/2020;A;17:00:00;5849
15/06/2020;B;17:00:00;830
16/06/2020;A;17:00:00;24267
16/06/2020;B;17:00:00;3259
17/06/2020;A;17:00:00;23575
17/06/2020;B;17:00:00;3428
18/06/2020;A;17:00:00;23714
18/06/2020;B;17:00:00;3551
19/06/2020;A;17:00:00;24489
19/06/2020;B;17:00:00;3413
20/06/2020;A;17:00:00;11615
20/06/2020;B;17:00:00;1512
21/06/2020;A;17:00:00;5198
21/06/2020;B;17:00:00;777
22/06/2020;A;17:00:00;6367
22/06/2020;B;17:00:00;932
23/06/2020;A;17:00:00;24702
23/06/2020;B;17:00:00;3422
24/06/2020;A;17:00:00;25774
24/06/2020;B;17:00:00;3466
25/06/2020;A;17:00:00;24602
25/06/2020;B;17:00:00;3481
26/06/2020;A;17:00:00;24782
26/06/2020;B;17:00:00;3401
27/06/2020;A;17:00:00;11600
27/06/2020;B;17:00:00;1497
28/06/2020;A;17:00:00;5785
28/06/2020;B;17:00:00;929
29/06/2020;A;17:00:00;6482
29/06/2020;B;17:00:00;1001
30/06/2020;A;17:00:00;27041
30/06/2020;B;17:00:00;3748
1/07/2020;A;17:00:00;27670
1/07/2020;B;17:00:00;3447
2/07/2020;A;17:00:00;27236
2/07/2020;B;17:00:00;3550
3/07/2020;A;17:00:00;27303
3/07/2020;B;17:00:00;3504
4/07/2020;A;17:00:00;12131
4/07/2020;B;17:00:00;1600
5/07/2020;A;17:00:00;5942
5/07/2020;B;17:00:00;848
6/07/2020;A;17:00:00;27846
6/07/2020;B;17:00:00;3602
7/07/2020;A;17:00:00;28613
7/07/2020;B;17:00:00;3960
8/07/2020;A;17:00:00;28246
8/07/2020;B;17:00:00;3523
9/07/2020;A;17:00:00;27479
9/07/2020;B;17:00:00;3611
10/07/2020;A;17:00:00;26555
10/07/2020;B;17:00:00;3551
11/07/2020;A;17:00:00;11033
11/07/2020;B;17:00:00;1531
12/07/2020;A;17:00:00;5899
12/07/2020;B;17:00:00;938
13/07/2020;A;17:00:00;24796
13/07/2020;B;17:00:00;3160
14/07/2020;A;17:00:00;25112
14/07/2020;B;17:00:00;3133
15/07/2020;A;17:00:00;24953
15/07/2020;B;17:00:00;3216
16/07/2020;A;17:00:00;24086
16/07/2020;B;17:00:00;2918
17/07/2020;A;17:00:00;10488
17/07/2020;B;17:00:00;1218
18/07/2020;A;17:00:00;4884
18/07/2020;B;17:00:00;586
19/07/2020;A;17:00:00;3005
19/07/2020;B;17:00:00;419
20/07/2020;A;17:00:00;3324
20/07/2020;B;17:00:00;437
21/07/2020;A;17:00:00;24400
21/07/2020;B;17:00:00;3223
22/07/2020;A;17:00:00;23782
22/07/2020;B;17:00:00;3210
23/07/2020;A;17:00:00;23584
23/07/2020;B;17:00:00;3129
24/07/2020;A;17:00:00;13489
24/07/2020;B;17:00:00;1409
25/07/2020;A;17:00:00;5320
25/07/2020;B;17:00:00;782
26/07/2020;A;17:00:00;3293
26/07/2020;B;17:00:00;471
27/07/2020;A;17:00:00;24873
27/07/2020;B;17:00:00;3178
28/07/2020;A;17:00:00;25594
28/07/2020;B;17:00:00;3236
29/07/2020;A;17:00:00;25309
29/07/2020;B;17:00:00;3236
30/07/2020;A;17:00:00;24320
30/07/2020;B;17:00:00;3154
31/07/2020;A;17:00:00;13635
31/07/2020;B;17:00:00;1592
1/08/2020;A;17:00:00;5677
1/08/2020;B;17:00:00;684
2/08/2020;A;17:00:00;3283
2/08/2020;B;17:00:00;469
3/08/2020;A;17:00:00;25853
3/08/2020;B;17:00:00;3276
4/08/2020;A;17:00:00;25195
4/08/2020;B;17:00:00;3340
5/08/2020;A;17:00:00;25636
5/08/2020;B;17:00:00;3299
6/08/2020;A;17:00:00;25234
6/08/2020;B;17:00:00;3218
7/08/2020;A;17:00:00;4644
7/08/2020;B;17:00:00;641
9/08/2020;A;17:00:00;3505
9/08/2020;B;17:00:00;471
10/08/2020;A;17:00:00;25650
10/08/2020;B;17:00:00;3354
11/08/2020;A;17:00:00;26312
11/08/2020;B;17:00:00;3537
12/08/2020;A;17:00:00;25839
12/08/2020;B;17:00:00;3502
13/08/2020;A;17:00:00;26930
13/08/2020;B;17:00:00;3689
14/08/2020;A;17:00:00;25374
14/08/2020;B;17:00:00;3360
15/08/2020;A;17:00:00;6754
15/08/2020;B;17:00:00;893
16/08/2020;A;17:00:00;3492
16/08/2020;B;17:00:00;499
17/08/2020;A;17:00:00;4144
17/08/2020;B;17:00:00;521
18/08/2020;A;17:00:00;27462
18/08/2020;B;17:00:00;3790
19/08/2020;A;17:00:00;28198
19/08/2020;B;17:00:00;3891
20/08/2020;A;17:00:00;56850
20/08/2020;B;17:00:00;7638
21/08/2020;A;17:00:00;28051
21/08/2020;B;17:00:00;3620
22/08/2020;A;17:00:00;10545
22/08/2020;B;17:00:00;1413
23/08/2020;A;17:00:00;5357
23/08/2020;B;17:00:00;758
24/08/2020;A;17:00:00;28747
24/08/2020;B;17:00:00;3828
25/08/2020;A;17:00:00;29309
25/08/2020;B;17:00:00;3980
26/08/2020;A;17:00:00;28816
26/08/2020;B;17:00:00;3995
27/08/2020;A;17:00:00;28023
27/08/2020;B;17:00:00;3801
28/08/2020;A;17:00:00;28187
28/08/2020;B;17:00:00;3613
29/08/2020;A;17:00:00;11825
29/08/2020;B;17:00:00;1521
30/08/2020;A;17:00:00;5996
30/08/2020;B;17:00:00;834
31/08/2020;A;17:00:00;30589
31/08/2020;B;17:00:00;4255
1/09/2020;A;17:00:00;32107
1/09/2020;B;17:00:00;4341
2/09/2020;A;17:00:00;31519
2/09/2020;B;17:00:00;4481
3/09/2020;A;17:00:00;32030
3/09/2020;B;17:00:00;4480
4/09/2020;A;17:00:00;32900
4/09/2020;B;17:00:00;4395
5/09/2020;A;17:00:00;15816
5/09/2020;B;17:00:00;2061
6/09/2020;A;17:00:00;9409
6/09/2020;B;17:00:00;1253
7/09/2020;A;17:00:00;35243
7/09/2020;B;17:00:00;4618
8/09/2020;A;17:00:00;28796
8/09/2020;B;17:00:00;4697
9/09/2020;A;17:00:00;36488
9/09/2020;B;17:00:00;4654
10/09/2020;A;17:00:00;38006
10/09/2020;B;17:00:00;4808
11/09/2020;A;17:00:00;36677
11/09/2020;B;17:00:00;4785
12/09/2020;A;17:00:00;16688
12/09/2020;B;17:00:00;2322
13/09/2020;A;17:00:00;9882
13/09/2020;B;17:00:00;1344
14/09/2020;A;17:00:00;37370
14/09/2020;B;17:00:00;4985
15/09/2020;A;17:00:00;38210
15/09/2020;B;17:00:00;4837
16/09/2020;A;17:00:00;38441
16/09/2020;B;17:00:00;4973
17/09/2020;A;17:00:00;38886
17/09/2020;B;17:00:00;4994
18/09/2020;A;17:00:00;39369
18/09/2020;B;17:00:00;4990
19/09/2020;A;17:00:00;18875
19/09/2020;B;17:00:00;2649
20/09/2020;A;17:00:00;11291
20/09/2020;B;17:00:00;1532
21/09/2020;A;17:00:00;40246
21/09/2020;B;17:00:00;5101
22/09/2020;A;17:00:00;40788
22/09/2020;B;17:00:00;5147
23/09/2020;A;17:00:00;40276
23/09/2020;B;17:00:00;5152
24/09/2020;A;17:00:00;40483
24/09/2020;B;17:00:00;5024
25/09/2020;A;17:00:00;39874
25/09/2020;B;17:00:00;5027
26/09/2020;A;17:00:00;19217
26/09/2020;B;17:00:00;2594
27/09/2020;A;17:00:00;11635
27/09/2020;B;17:00:00;1648
28/09/2020;A;17:00:00;42446
28/09/2020;B;17:00:00;5207
29/09/2020;A;17:00:00;41674
29/09/2020;B;17:00:00;5114
30/09/2020;A;17:00:00;42342
30/09/2020;B;17:00:00;5422
1/10/2020;A;17:00:00;42219
1/10/2020;B;17:00:00;5338
2/10/2020;A;17:00:00;41710
2/10/2020;B;17:00:00;5178
3/10/2020;A;17:00:00;19744
3/10/2020;B;17:00:00;2669
4/10/2020;A;17:00:00;13068
4/10/2020;B;17:00:00;1751
5/10/2020;A;17:00:00;42885
5/10/2020;B;17:00:00;5543
6/10/2020;A;17:00:00;44205
6/10/2020;B;17:00:00;5658
7/10/2020;A;17:00:00;45109
7/10/2020;B;17:00:00;5880
8/10/2020;A;17:00:00;44472
8/10/2020;B;17:00:00;5699
9/10/2020;A;17:00:00;43827
9/10/2020;B;17:00:00;5668
10/10/2020;A;17:00:00;19916
10/10/2020;B;17:00:00;2752
11/10/2020;A;17:00:00;12181
11/10/2020;B;17:00:00;1617
12/10/2020;A;17:00:00;12742
12/10/2020;B;17:00:00;1687
13/10/2020;A;17:00:00;45531
13/10/2020;B;17:00:00;5762
14/10/2020;A;17:00:00;45585
14/10/2020;B;17:00:00;5650
15/10/2020;A;17:00:00;45121
15/10/2020;B;17:00:00;5640
16/10/2020;A;17:00:00;44226
16/10/2020;B;17:00:00;5444
17/10/2020;A;17:00:00;21122
17/10/2020;B;17:00:00;2853
18/10/2020;A;17:00:00;12676
18/10/2020;B;17:00:00;1809
19/10/2020;A;17:00:00;45751
19/10/2020;B;17:00:00;5780
20/10/2020;A;17:00:00;44068
20/10/2020;B;17:00:00;5655
21/10/2020;A;17:00:00;46680
21/10/2020;B;17:00:00;5702
22/10/2020;A;17:00:00;45539
22/10/2020;B;17:00:00;5772
23/10/2020;A;17:00:00;45123
23/10/2020;B;17:00:00;5646
24/10/2020;A;17:00:00;20859
24/10/2020;B;17:00:00;2665
25/10/2020;A;17:00:00;12487
25/10/2020;B;17:00:00;1789
26/10/2020;A;17:00:00;45585
26/10/2020;B;17:00:00;5747
27/10/2020;A;17:00:00;46138
27/10/2020;B;17:00:00;6066
28/10/2020;A;17:00:00;46168
28/10/2020;B;17:00:00;6171
29/10/2020;A;17:00:00;46126
29/10/2020;B;17:00:00;5459
30/10/2020;A;17:00:00;45524
30/10/2020;B;17:00:00;5617
31/10/2020;A;17:00:00;19665
31/10/2020;B;17:00:00;2655
1/11/2020;A;17:00:00;10257
1/11/2020;B;17:00:00;1561
2/11/2020;A;17:00:00;11558
2/11/2020;B;17:00:00;1665
3/11/2020;A;17:00:00;48105
3/11/2020;B;17:00:00;6161
4/11/2020;A;17:00:00;47562
4/11/2020;B;17:00:00;6037
5/11/2020;A;17:00:00;47722
5/11/2020;B;17:00:00;5938
6/11/2020;A;17:00:00;45549
6/11/2020;B;17:00:00;5940
7/11/2020;A;17:00:00;22424
7/11/2020;B;17:00:00;2956
8/11/2020;A;17:00:00;12728
8/11/2020;B;17:00:00;1769
9/11/2020;A;17:00:00;48456
9/11/2020;B;17:00:00;6305
10/11/2020;A;17:00:00;49678
10/11/2020;B;17:00:00;6201
11/11/2020;A;17:00:00;49171
11/11/2020;B;17:00:00;6362
13/11/2020;A;17:00:00;45501
13/11/2020;B;17:00:00;5580
14/11/2020;A;17:00:00;24620
14/11/2020;B;17:00:00;3019
15/11/2020;A;17:00:00;13405
15/11/2020;B;17:00:00;1916
16/11/2020;A;17:00:00;14725
16/11/2020;B;17:00:00;1898
17/11/2020;A;17:00:00;48881
17/11/2020;B;17:00:00;6188
18/11/2020;A;17:00:00;50159
18/11/2020;B;17:00:00;6294
19/11/2020;A;17:00:00;49841
19/11/2020;B;17:00:00;6234
20/11/2020;A;17:00:00;49330
20/11/2020;B;17:00:00;6399
21/11/2020;A;17:00:00;25537
21/11/2020;B;17:00:00;3172
22/11/2020;A;17:00:00;14618
22/11/2020;B;17:00:00;2020
23/11/2020;A;17:00:00;49980
23/11/2020;B;17:00:00;6352
24/11/2020;A;17:00:00;51388
24/11/2020;B;17:00:00;6289
25/11/2020;A;17:00:00;52741
25/11/2020;B;17:00:00;6622
26/11/2020;A;17:00:00;51752
26/11/2020;B;17:00:00;6889
27/11/2020;A;17:00:00;52154
27/11/2020;B;17:00:00;6432
28/11/2020;A;17:00:00;27565
28/11/2020;B;17:00:00;3233
29/11/2020;A;17:00:00;16631
29/11/2020;B;17:00:00;2185
30/11/2020;A;17:00:00;52083
30/11/2020;B;17:00:00;6558
1/12/2020;A;17:00:00;52723
1/12/2020;B;17:00:00;6756
2/12/2020;A;17:00:00;51778
2/12/2020;B;17:00:00;6652
3/12/2020;A;17:00:00;51974
3/12/2020;B;17:00:00;6680
4/12/2020;A;17:00:00;52392
4/12/2020;B;17:00:00;6597
5/12/2020;A;17:00:00;29168
5/12/2020;B;17:00:00;3665
6/12/2020;A;17:00:00;19104
6/12/2020;B;17:00:00;2359
7/12/2020;A;17:00:00;51355
7/12/2020;B;17:00:00;6442
8/12/2020;A;17:00:00;18327
8/12/2020;B;17:00:00;2398
9/12/2020;A;17:00:00;53041
9/12/2020;B;17:00:00;6712
10/12/2020;A;17:00:00;54303
10/12/2020;B;17:00:00;6793
11/12/2020;A;17:00:00;53299
11/12/2020;B;17:00:00;6811
12/12/2020;A;17:00:00;29509
12/12/2020;B;17:00:00;3733
13/12/2020;A;17:00:00;19034
13/12/2020;B;17:00:00;2406
14/12/2020;A;17:00:00;53576
14/12/2020;B;17:00:00;6734
15/12/2020;A;17:00:00;53392
15/12/2020;B;17:00:00;6561
16/12/2020;A;17:00:00;54258
16/12/2020;B;17:00:00;6932
17/12/2020;A;17:00:00;54330
17/12/2020;B;17:00:00;6890
18/12/2020;A;17:00:00;52247
18/12/2020;B;17:00:00;6503
19/12/2020;A;17:00:00;31625
19/12/2020;B;17:00:00;3945
20/12/2020;A;17:00:00;20285
20/12/2020;B;17:00:00;2422
21/12/2020;A;17:00:00;55497
21/12/2020;B;17:00:00;6737
22/12/2020;A;17:00:00;50370
22/12/2020;B;17:00:00;6059
23/12/2020;A;17:00:00;47265
23/12/2020;B;17:00:00;5719
24/12/2020;A;17:00:00;26700
24/12/2020;B;17:00:00;2866
25/12/2020;A;17:00:00;7924
25/12/2020;B;17:00:00;1154
26/12/2020;A;17:00:00;19235
26/12/2020;B;17:00:00;2532
27/12/2020;A;17:00:00;28412
27/12/2020;B;17:00:00;3572
28/12/2020;A;17:00:00;45462
28/12/2020;B;17:00:00;5509
29/12/2020;A;17:00:00;42613
29/12/2020;B;17:00:00;5599
30/12/2020;A;17:00:00;40051
30/12/2020;B;17:00:00;4949
31/12/2020;A;17:00:00;22156
31/12/2020;B;17:00:00;2553
1/01/2021;A;17:00:00;3269
1/01/2021;B;17:00:00;421
2/01/2021;A;17:00:00;5288
2/01/2021;B;17:00:00;668
3/01/2021;A;17:00:00;13048
3/01/2021;B;17:00:00;1828
4/01/2021;A;17:00:00;40916
4/01/2021;B;17:00:00;5336
5/01/2021;A;17:00:00;42890
5/01/2021;B;17:00:00;5517
6/01/2021;A;17:00:00;37938
6/01/2021;B;17:00:00;4892
7/01/2021;A;17:00:00;43222
7/01/2021;B;17:00:00;5296
8/01/2021;A;17:00:00;53178
8/01/2021;B;17:00:00;6265
9/01/2021;A;17:00:00;7671
9/01/2021;B;17:00:00;897
10/01/2021;A;17:00:00;4321
10/01/2021;B;17:00:00;534
11/01/2021;A;17:00:00;5158
11/01/2021;B;17:00:00;697
12/01/2021;A;17:00:00;48674
12/01/2021;B;17:00:00;5984
13/01/2021;A;17:00:00;47799
13/01/2021;B;17:00:00;5858
14/01/2021;A;17:00:00;48705
14/01/2021;B;17:00:00;6058
15/01/2021;A;17:00:00;50212
15/01/2021;B;17:00:00;6174
16/01/2021;A;17:00:00;13481
16/01/2021;B;17:00:00;1196
17/01/2021;A;17:00:00;5515
17/01/2021;B;17:00:00;756
18/01/2021;A;17:00:00;49934
18/01/2021;B;17:00:00;6243
19/01/2021;A;17:00:00;50655
19/01/2021;B;17:00:00;6301
20/01/2021;A;17:00:00;51296
20/01/2021;B;17:00:00;6169
21/01/2021;A;17:00:00;50227
21/01/2021;B;17:00:00;6179
22/01/2021;A;17:00:00;49950
22/01/2021;B;17:00:00;6278
23/01/2021;A;17:00:00;20613
23/01/2021;B;17:00:00;2770
24/01/2021;A;17:00:00;12929
24/01/2021;B;17:00:00;1851
25/01/2021;A;17:00:00;50478
25/01/2021;B;17:00:00;6115
26/01/2021;A;17:00:00;51836
26/01/2021;B;17:00:00;6256
27/01/2021;A;17:00:00;51332
27/01/2021;B;17:00:00;6334
28/01/2021;A;17:00:00;51608
28/01/2021;B;17:00:00;6220
29/01/2021;A;17:00:00;50624
29/01/2021;B;17:00:00;6191
30/01/2021;A;17:00:00;23731
30/01/2021;B;17:00:00;3173
31/01/2021;A;17:00:00;14325
31/01/2021;B;17:00:00;2150
1/02/2021;A;17:00:00;53212
1/02/2021;B;17:00:00;6318
2/02/2021;A;17:00:00;52978
2/02/2021;B;17:00:00;6383
3/02/2021;A;17:00:00;54213
3/02/2021;B;17:00:00;6605
4/02/2021;A;17:00:00;53007
4/02/2021;B;17:00:00;6324
5/02/2021;A;17:00:00;51479
5/02/2021;B;17:00:00;6212
6/02/2021;A;17:00:00;23222
6/02/2021;B;17:00:00;3271
7/02/2021;A;17:00:00;14376
7/02/2021;B;17:00:00;2087
8/02/2021;A;17:00:00;55999
8/02/2021;B;17:00:00;6572
9/02/2021;A;17:00:00;55243
9/02/2021;B;17:00:00;6579
10/02/2021;A;17:00:00;55845
10/02/2021;B;17:00:00;6498
11/02/2021;A;17:00:00;55922
11/02/2021;B;17:00:00;7008
12/02/2021;A;17:00:00;53182
12/02/2021;B;17:00:00;6661
13/02/2021;A;17:00:00;22977
13/02/2021;B;17:00:00;3476
14/02/2021;A;17:00:00;14411
14/02/2021;B;17:00:00;1943
15/02/2021;A;17:00:00;53833
15/02/2021;B;17:00:00;6685
16/02/2021;A;17:00:00;56085
16/02/2021;B;17:00:00;6922
17/02/2021;A;17:00:00;57664
17/02/2021;B;17:00:00;7320
18/02/2021;A;17:00:00;56594
18/02/2021;B;17:00:00;6959
19/02/2021;A;17:00:00;54705
19/02/2021;B;17:00:00;6868
20/02/2021;A;17:00:00;24998
20/02/2021;B;17:00:00;3219
21/02/2021;A;17:00:00;14799
21/02/2021;B;17:00:00;2078
22/02/2021;A;17:00:00;56485
22/02/2021;B;17:00:00;7137
23/02/2021;A;17:00:00;56606
23/02/2021;B;17:00:00;7153
24/02/2021;A;17:00:00;56312
24/02/2021;B;17:00:00;7207
25/02/2021;A;17:00:00;57875
25/02/2021;B;17:00:00;7020
26/02/2021;A;17:00:00;55920
26/02/2021;B;17:00:00;6927
27/02/2021;A;17:00:00;27124
27/02/2021;B;17:00:00;3675
28/02/2021;A;17:00:00;17522
28/02/2021;B;17:00:00;2907
1/03/2021;A;17:00:00;55806
1/03/2021;B;17:00:00;6926
2/03/2021;A;17:00:00;57605
2/03/2021;B;17:00:00;7408
3/03/2021;A;17:00:00;57408
3/03/2021;B;17:00:00;7315
4/03/2021;A;17:00:00;57723
4/03/2021;B;17:00:00;7107
5/03/2021;A;17:00:00;56902
5/03/2021;B;17:00:00;7195
6/03/2021;A;17:00:00;25556
6/03/2021;B;17:00:00;3795
7/03/2021;A;17:00:00;16097
7/03/2021;B;17:00:00;2279
8/03/2021;A;17:00:00;60275
8/03/2021;B;17:00:00;7638
9/03/2021;A;17:00:00;59966
9/03/2021;B;17:00:00;7524
10/03/2021;A;17:00:00;58099
10/03/2021;B;17:00:00;7506
11/03/2021;A;17:00:00;58788
11/03/2021;B;17:00:00;8050
12/03/2021;A;17:00:00;56881
12/03/2021;B;17:00:00;7115
13/03/2021;A;17:00:00;25380
13/03/2021;B;17:00:00;3460
14/03/2021;A;17:00:00;14440
14/03/2021;B;17:00:00;1995
15/03/2021;A;17:00:00;59007
15/03/2021;B;17:00:00;7532
16/03/2021;A;17:00:00;59352
16/03/2021;B;17:00:00;7190
17/03/2021;A;17:00:00;59724
17/03/2021;B;17:00:00;7876
18/03/2021;A;17:00:00;60329
18/03/2021;B;17:00:00;7756
19/03/2021;A;17:00:00;58489
19/03/2021;B;17:00:00;7408
20/03/2021;A;17:00:00;25074
20/03/2021;B;17:00:00;3525
21/03/2021;A;17:00:00;15430
21/03/2021;B;17:00:00;2395
22/03/2021;A;17:00:00;11372
22/03/2021;B;17:00:00;1980
23/03/2021;A;17:00:00;49498
23/03/2021;B;17:00:00;6760
24/03/2021;A;17:00:00;46460
24/03/2021;B;17:00:00;6696
25/03/2021;A;17:00:00;38588
25/03/2021;B;17:00:00;6835
26/03/2021;A;17:00:00;40605
26/03/2021;B;17:00:00;6682
27/03/2021;A;17:00:00;21823
27/03/2021;B;17:00:00;3384
28/03/2021;A;17:00:00;11838
28/03/2021;B;17:00:00;1920
29/03/2021;A;17:00:00;39940
29/03/2021;B;17:00:00;6463
30/03/2021;A;17:00:00;39648
30/03/2021;B;17:00:00;6276
31/03/2021;A;17:00:00;29898
31/03/2021;B;17:00:00;3517
1/04/2021;A;17:00:00;7864
1/04/2021;B;17:00:00;1282
2/04/2021;A;17:00:00;6550
2/04/2021;B;17:00:00;1178
3/04/2021;A;17:00:00;13003
3/04/2021;B;17:00:00;1909
4/04/2021;A;17:00:00;10968
4/04/2021;B;17:00:00;1667
5/04/2021;A;17:00:00;47824
5/04/2021;B;17:00:00;7225
6/04/2021;A;17:00:00;47909
6/04/2021;B;17:00:00;6828
7/04/2021;A;17:00:00;47042
7/04/2021;B;17:00:00;6340
8/04/2021;A;17:00:00;41674
8/04/2021;B;17:00:00;5848
9/04/2021;A;17:00:00;20799
9/04/2021;B;17:00:00;2487
10/04/2021;A;17:00:00;7649
10/04/2021;B;17:00:00;1023
11/04/2021;A;17:00:00;4676
11/04/2021;B;17:00:00;653
12/04/2021;A;17:00:00;40725
12/04/2021;B;17:00:00;5760
13/04/2021;A;17:00:00;41740
13/04/2021;B;17:00:00;5869
14/04/2021;A;17:00:00;41929
14/04/2021;B;17:00:00;5876
15/04/2021;A;17:00:00;42561
15/04/2021;B;17:00:00;5855
16/04/2021;A;17:00:00;26685
16/04/2021;B;17:00:00;3002
17/04/2021;A;17:00:00;9328
17/04/2021;B;17:00:00;1262
18/04/2021;A;17:00:00;5202
18/04/2021;B;17:00:00;725
19/04/2021;A;17:00:00;43060
19/04/2021;B;17:00:00;5798
20/04/2021;A;17:00:00;43082
20/04/2021;B;17:00:00;5653
21/04/2021;A;17:00:00;42866
21/04/2021;B;17:00:00;5841
22/04/2021;A;17:00:00;43877
22/04/2021;B;17:00:00;5907
23/04/2021;A;17:00:00;28715
23/04/2021;B;17:00:00;3515
24/04/2021;A;17:00:00;10069
24/04/2021;B;17:00:00;1289
25/04/2021;A;17:00:00;5385
25/04/2021;B;17:00:00;744
26/04/2021;A;17:00:00;43696
26/04/2021;B;17:00:00;5854
27/04/2021;A;17:00:00;43328
27/04/2021;B;17:00:00;5801
28/04/2021;A;17:00:00;16296
28/04/2021;B;17:00:00;3141
29/04/2021;A;17:00:00;37113
29/04/2021;B;17:00:00;3181
30/04/2021;A;17:00:00;21706
30/04/2021;B;17:00:00;2958
1/05/2021;A;17:00:00;1537
1/05/2021;B;17:00:00;183
2/05/2021;A;17:00:00;2659
2/05/2021;B;17:00:00;233
3/05/2021;A;17:00:00;39237
3/05/2021;B;17:00:00;5734
4/05/2021;A;17:00:00;43028
4/05/2021;B;17:00:00;5860
5/05/2021;A;17:00:00;21857
5/05/2021;B;17:00:00;2927
6/05/2021;A;17:00:00;37665
6/05/2021;B;17:00:00;5461
7/05/2021;A;17:00:00;38104
7/05/2021;B;17:00:00;5343
8/05/2021;A;17:00:00;10847
8/05/2021;B;17:00:00;1506
9/05/2021;A;17:00:00;6002
9/05/2021;B;17:00:00;864
10/05/2021;A;17:00:00;44524
10/05/2021;B;17:00:00;6242
11/05/2021;A;17:00:00;44401
11/05/2021;B;17:00:00;5956
12/05/2021;A;17:00:00;36217
12/05/2021;B;17:00:00;5180
13/05/2021;A;17:00:00;44587
13/05/2021;B;17:00:00;6241
14/05/2021;A;17:00:00;42950
14/05/2021;B;17:00:00;5887
15/05/2021;A;17:00:00;20293
15/05/2021;B;17:00:00;2792
16/05/2021;A;17:00:00;10933
16/05/2021;B;17:00:00;1637
17/05/2021;A;17:00:00;11813
17/05/2021;B;17:00:00;1777
18/05/2021;A;17:00:00;37181
18/05/2021;B;17:00:00;3032
19/05/2021;A;17:00:00;37650
19/05/2021;B;17:00:00;4973
20/05/2021;A;17:00:00;45998
20/05/2021;B;17:00:00;6169
21/05/2021;A;17:00:00;44890
21/05/2021;B;17:00:00;6027
22/05/2021;A;17:00:00;21671
22/05/2021;B;17:00:00;3134
23/05/2021;A;17:00:00;11915
23/05/2021;B;17:00:00;1785
24/05/2021;A;17:00:00;44899
24/05/2021;B;17:00:00;6267
25/05/2021;A;17:00:00;47115
25/05/2021;B;17:00:00;6516
26/05/2021;A;17:00:00;45512
26/05/2021;B;17:00:00;6242
27/05/2021;A;17:00:00;47355
27/05/2021;B;17:00:00;6509
28/05/2021;A;17:00:00;41857
28/05/2021;B;17:00:00;171
29/05/2021;A;17:00:00;21760
29/05/2021;B;17:00:00;3015
30/05/2021;A;17:00:00;12804
30/05/2021;B;17:00:00;1698
31/05/2021;A;17:00:00;46792
31/05/2021;B;17:00:00;6406
1/06/2021;A;17:00:00;47178
1/06/2021;B;17:00:00;6699
2/06/2021;A;17:00:00;43985
2/06/2021;B;17:00:00;6720
3/06/2021;A;17:00:00;47927
3/06/2021;B;17:00:00;6687
4/06/2021;A;17:00:00;45253
4/06/2021;B;17:00:00;6207
5/06/2021;A;17:00:00;22706
5/06/2021;B;17:00:00;3248
6/06/2021;A;17:00:00;14231
6/06/2021;B;17:00:00;2181
7/06/2021;A;17:00:00;13909
7/06/2021;B;17:00:00;1997
8/06/2021;A;17:00:00;49379
8/06/2021;B;17:00:00;6622
9/06/2021;A;17:00:00;47410
9/06/2021;B;17:00:00;6382
10/06/2021;A;17:00:00;49393
10/06/2021;B;17:00:00;6932
11/06/2021;A;17:00:00;41255
11/06/2021;B;17:00:00;5758
12/06/2021;A;17:00:00;23590
12/06/2021;B;17:00:00;3179
13/06/2021;A;17:00:00;14031
13/06/2021;B;17:00:00;1976
14/06/2021;A;17:00:00;14389
14/06/2021;B;17:00:00;2176
15/06/2021;A;17:00:00;48416
15/06/2021;B;17:00:00;6688
16/06/2021;A;17:00:00;49969
16/06/2021;B;17:00:00;6942
17/06/2021;A;17:00:00;42591
17/06/2021;B;17:00:00;5541
18/06/2021;A;17:00:00;48034
18/06/2021;B;17:00:00;6600
19/06/2021;A;17:00:00;25790
19/06/2021;B;17:00:00;3561
20/06/2021;A;17:00:00;16109
20/06/2021;B;17:00:00;2296
21/06/2021;A;17:00:00;48577
21/06/2021;B;17:00:00;6588
22/06/2021;A;17:00:00;49030
22/06/2021;B;17:00:00;6659
23/06/2021;A;17:00:00;48708
23/06/2021;B;17:00:00;6766
24/06/2021;A;17:00:00;48115
24/06/2021;B;17:00:00;6242
25/06/2021;A;17:00:00;49382
25/06/2021;B;17:00:00;6808
26/06/2021;A;17:00:00;24891
26/06/2021;B;17:00:00;3428
27/06/2021;A;17:00:00;15562
27/06/2021;B;17:00:00;2259
28/06/2021;A;17:00:00;46811
28/06/2021;B;17:00:00;6794
29/06/2021;A;17:00:00;49850
29/06/2021;B;17:00:00;6861
30/06/2021;A;17:00:00;50522
30/06/2021;B;17:00:00;6883
1/07/2021;A;17:00:00;50898
1/07/2021;B;17:00:00;6936
2/07/2021;A;17:00:00;49895
2/07/2021;B;17:00:00;6779
3/07/2021;A;17:00:00;24494
3/07/2021;B;17:00:00;3299
4/07/2021;A;17:00:00;17815
4/07/2021;B;17:00:00;2531
5/07/2021;A;17:00:00;16621
5/07/2021;B;17:00:00;2308
6/07/2021;A;17:00:00;51575
6/07/2021;B;17:00:00;7064
7/07/2021;A;17:00:00;51798
7/07/2021;B;17:00:00;7113
8/07/2021;A;17:00:00;52156
8/07/2021;B;17:00:00;7172
9/07/2021;A;17:00:00;51058
9/07/2021;B;17:00:00;7376
10/07/2021;A;17:00:00;24031
10/07/2021;B;17:00:00;3577
11/07/2021;A;17:00:00;15633
11/07/2021;B;17:00:00;2462
12/07/2021;A;17:00:00;50785
12/07/2021;B;17:00:00;7237
13/07/2021;A;17:00:00;51901
13/07/2021;B;17:00:00;7275
14/07/2021;A;17:00:00;50763
14/07/2021;B;17:00:00;7202
15/07/2021;A;17:00:00;51966
15/07/2021;B;17:00:00;7327
16/07/2021;A;17:00:00;50603
16/07/2021;B;17:00:00;7246
17/07/2021;A;17:00:00;26579
17/07/2021;B;17:00:00;3797
18/07/2021;A;17:00:00;15821
18/07/2021;B;17:00:00;2454
19/07/2021;A;17:00:00;48399
19/07/2021;B;17:00:00;6779
20/07/2021;A;17:00:00;12908
20/07/2021;B;17:00:00;2029
21/07/2021;A;17:00:00;52607
21/07/2021;B;17:00:00;7560
22/07/2021;A;17:00:00;52403
22/07/2021;B;17:00:00;7322
23/07/2021;A;17:00:00;51622
23/07/2021;B;17:00:00;7392
24/07/2021;A;17:00:00;24834
24/07/2021;B;17:00:00;3447
25/07/2021;A;17:00:00;15415
25/07/2021;B;17:00:00;2414
26/07/2021;A;17:00:00;52684
26/07/2021;B;17:00:00;7747
27/07/2021;A;17:00:00;52900
27/07/2021;B;17:00:00;7644
28/07/2021;A;17:00:00;52378
28/07/2021;B;17:00:00;7972
29/07/2021;A;17:00:00;52693
29/07/2021;B;17:00:00;7555
30/07/2021;A;17:00:00;51546
30/07/2021;B;17:00:00;7152
31/07/2021;A;17:00:00;27866
31/07/2021;B;17:00:00;4119
1/08/2021;A;17:00:00;15578
1/08/2021;B;17:00:00;2622
2/08/2021;A;17:00:00;52560
2/08/2021;B;17:00:00;7697
3/08/2021;A;17:00:00;54356
3/08/2021;B;17:00:00;7625
4/08/2021;A;17:00:00;54569
4/08/2021;B;17:00:00;7815
5/08/2021;A;17:00:00;55745
5/08/2021;B;17:00:00;7997
6/08/2021;A;17:00:00;54385
6/08/2021;B;17:00:00;7389
7/08/2021;A;17:00:00;21108
7/08/2021;B;17:00:00;3119
8/08/2021;A;17:00:00;15611
8/08/2021;B;17:00:00;2587
9/08/2021;A;17:00:00;58923
9/08/2021;B;17:00:00;7955
10/08/2021;A;17:00:00;60675
10/08/2021;B;17:00:00;8120
11/08/2021;A;17:00:00;60721
11/08/2021;B;17:00:00;8123
12/08/2021;A;17:00:00;60439
12/08/2021;B;17:00:00;8178
13/08/2021;A;17:00:00;59933
13/08/2021;B;17:00:00;7920
14/08/2021;A;17:00:00;28677
14/08/2021;B;17:00:00;4025
15/08/2021;A;17:00:00;18071
15/08/2021;B;17:00:00;3040
16/08/2021;A;17:00:00;16468
16/08/2021;B;17:00:00;2261
17/08/2021;A;17:00:00;65278
17/08/2021;B;17:00:00;8661
18/08/2021;A;17:00:00;61563
18/08/2021;B;17:00:00;8262
19/08/2021;A;17:00:00;61530
19/08/2021;B;17:00:00;8520
20/08/2021;A;17:00:00;62327
20/08/2021;B;17:00:00;8617
21/08/2021;A;17:00:00;27663
21/08/2021;B;17:00:00;4184
22/08/2021;A;17:00:00;17289
22/08/2021;B;17:00:00;3394
23/08/2021;A;17:00:00;61935
23/08/2021;B;17:00:00;8066
24/08/2021;A;17:00:00;63050
24/08/2021;B;17:00:00;8513
25/08/2021;A;17:00:00;63569
25/08/2021;B;17:00:00;8354
26/08/2021;A;17:00:00;63051
26/08/2021;B;17:00:00;8517
27/08/2021;A;17:00:00;61039
27/08/2021;B;17:00:00;8178
28/08/2021;A;17:00:00;29110
28/08/2021;B;17:00:00;4092
29/08/2021;A;17:00:00;16736
29/08/2021;B;17:00:00;2535
30/08/2021;A;17:00:00;63431
30/08/2021;B;17:00:00;8482
31/08/2021;A;17:00:00;62958
31/08/2021;B;17:00:00;8459
1/09/2021;A;17:00:00;64826
1/09/2021;B;17:00:00;8882
2/09/2021;A;17:00:00;63378
2/09/2021;B;17:00:00;8584
3/09/2021;A;17:00:00;62345
3/09/2021;B;17:00:00;8507
4/09/2021;A;17:00:00;29657
4/09/2021;B;17:00:00;4246
5/09/2021;A;17:00:00;17181
5/09/2021;B;17:00:00;2776
6/09/2021;A;17:00:00;65347
6/09/2021;B;17:00:00;8757
7/09/2021;A;17:00:00;65297
7/09/2021;B;17:00:00;8596
8/09/2021;A;17:00:00;65109
8/09/2021;B;17:00:00;8635
9/09/2021;A;17:00:00;68795
9/09/2021;B;17:00:00;9095
10/09/2021;A;17:00:00;63488
10/09/2021;B;17:00:00;8620
11/09/2021;A;17:00:00;29094
11/09/2021;B;17:00:00;4463
12/09/2021;A;17:00:00;17829
12/09/2021;B;17:00:00;3037
13/09/2021;A;17:00:00;65709
13/09/2021;B;17:00:00;8680
14/09/2021;A;17:00:00;67589
14/09/2021;B;17:00:00;9121
15/09/2021;A;17:00:00;67052
15/09/2021;B;17:00:00;9165
16/09/2021;A;17:00:00;68290
16/09/2021;B;17:00:00;8890
17/09/2021;A;17:00:00;63704
17/09/2021;B;17:00:00;8653
18/09/2021;A;17:00:00;30246
18/09/2021;B;17:00:00;4235
19/09/2021;A;17:00:00;18662
19/09/2021;B;17:00:00;2976
20/09/2021;A;17:00:00;67333
20/09/2021;B;17:00:00;8735
21/09/2021;A;17:00:00;68711
21/09/2021;B;17:00:00;9126
22/09/2021;A;17:00:00;66965
22/09/2021;B;17:00:00;8841
23/09/2021;A;17:00:00;66353
23/09/2021;B;17:00:00;8606
24/09/2021;A;17:00:00;62957
24/09/2021;B;17:00:00;8347
25/09/2021;A;17:00:00;29836
25/09/2021;B;17:00:00;4247
26/09/2021;A;17:00:00;18770
26/09/2021;B;17:00:00;2886
27/09/2021;A;17:00:00;66451
27/09/2021;B;17:00:00;8901
28/09/2021;A;17:00:00;65355
28/09/2021;B;17:00:00;8285
29/09/2021;A;17:00:00;67490
29/09/2021;B;17:00:00;8693
30/09/2021;A;17:00:00;67862
30/09/2021;B;17:00:00;9059
1/10/2021;A;17:00:00;63648
1/10/2021;B;17:00:00;8403
2/10/2021;A;17:00:00;33466
2/10/2021;B;17:00:00;4721
3/10/2021;A;17:00:00;19989
3/10/2021;B;17:00:00;3028
4/10/2021;A;17:00:00;67448
4/10/2021;B;17:00:00;8970
5/10/2021;A;17:00:00;69852
5/10/2021;B;17:00:00;9304
6/10/2021;A;17:00:00;71907
6/10/2021;B;17:00:00;9543
7/10/2021;A;17:00:00;70553
7/10/2021;B;17:00:00;9505
8/10/2021;A;17:00:00;68667
8/10/2021;B;17:00:00;8870
9/10/2021;A;17:00:00;30009
9/10/2021;B;17:00:00;4297
10/10/2021;A;17:00:00;16202
10/10/2021;B;17:00:00;2438
11/10/2021;A;17:00:00;66900
11/10/2021;B;17:00:00;8999
12/10/2021;A;17:00:00;57365
12/10/2021;B;17:00:00;9095
13/10/2021;A;17:00:00;69295
13/10/2021;B;17:00:00;9253
14/10/2021;A;17:00:00;57808
14/10/2021;B;17:00:00;7420
15/10/2021;A;17:00:00;64161
15/10/2021;B;17:00:00;8536
16/10/2021;A;17:00:00;33222
16/10/2021;B;17:00:00;4686
17/10/2021;A;17:00:00;19355
17/10/2021;B;17:00:00;3080
18/10/2021;A;17:00:00;19947
18/10/2021;B;17:00:00;3099
19/10/2021;A;17:00:00;71227
19/10/2021;B;17:00:00;9393
20/10/2021;A;17:00:00;70009
20/10/2021;B;17:00:00;9315
21/10/2021;A;17:00:00;72551
21/10/2021;B;17:00:00;9495
22/10/2021;A;17:00:00;69690
22/10/2021;B;17:00:00;9299
23/10/2021;A;17:00:00;30973
23/10/2021;B;17:00:00;4411
24/10/2021;A;17:00:00;18436
24/10/2021;B;17:00:00;3034
25/10/2021;A;17:00:00;70877
25/10/2021;B;17:00:00;9510
26/10/2021;A;17:00:00;70594
26/10/2021;B;17:00:00;9333
27/10/2021;A;17:00:00;71577
27/10/2021;B;17:00:00;9332
28/10/2021;A;17:00:00;71260
28/10/2021;B;17:00:00;9598
29/10/2021;A;17:00:00;66468
29/10/2021;B;17:00:00;8786
30/10/2021;A;17:00:00;33400
30/10/2021;B;17:00:00;4697
31/10/2021;A;17:00:00;20207
31/10/2021;B;17:00:00;2744
1/11/2021;A;17:00:00;19765
1/11/2021;B;17:00:00;2804
2/11/2021;A;17:00:00;71872
2/11/2021;B;17:00:00;9690
3/11/2021;A;17:00:00;72021
3/11/2021;B;17:00:00;9537
4/11/2021;A;17:00:00;72066
4/11/2021;B;17:00:00;9622
5/11/2021;A;17:00:00;70476
5/11/2021;B;17:00:00;9382
6/11/2021;A;17:00:00;33201
6/11/2021;B;17:00:00;4703
7/11/2021;A;17:00:00;18883
7/11/2021;B;17:00:00;3077
8/11/2021;A;17:00:00;70722
8/11/2021;B;17:00:00;9461
9/11/2021;A;17:00:00;72460
9/11/2021;B;17:00:00;9630
10/11/2021;A;17:00:00;77139
10/11/2021;B;17:00:00;9877
11/11/2021;A;17:00:00;68262
11/11/2021;B;17:00:00;9940
12/11/2021;A;17:00:00;70589
12/11/2021;B;17:00:00;9479
13/11/2021;A;17:00:00;35204
13/11/2021;B;17:00:00;5295
14/11/2021;A;17:00:00;19014
14/11/2021;B;17:00:00;3046
15/11/2021;A;17:00:00;20153
15/11/2021;B;17:00:00;3075
16/11/2021;A;17:00:00;74706
16/11/2021;B;17:00:00;9833
17/11/2021;A;17:00:00;72785
17/11/2021;B;17:00:00;9745
18/11/2021;A;17:00:00;73027
18/11/2021;B;17:00:00;9837
19/11/2021;A;17:00:00;71966
19/11/2021;B;17:00:00;10034
20/11/2021;A;17:00:00;30241
20/11/2021;B;17:00:00;2989
21/11/2021;A;17:00:00;18938
21/11/2021;B;17:00:00;6068
22/11/2021;A;17:00:00;72154
22/11/2021;B;17:00:00;9358
23/11/2021;A;17:00:00;73278
23/11/2021;B;17:00:00;9476
24/11/2021;A;17:00:00;73610
24/11/2021;B;17:00:00;9450
25/11/2021;A;17:00:00;72485
25/11/2021;B;17:00:00;8250
26/11/2021;A;17:00:00;70002
26/11/2021;B;17:00:00;9128
27/11/2021;A;17:00:00;33699
27/11/2021;B;17:00:00;4620
28/11/2021;A;17:00:00;20366
28/11/2021;B;17:00:00;3488
29/11/2021;A;17:00:00;71014
29/11/2021;B;17:00:00;9173
30/11/2021;A;17:00:00;73580
30/11/2021;B;17:00:00;9585
1/12/2021;A;17:00:00;72626
1/12/2021;B;17:00:00;9358
2/12/2021;A;17:00:00;72916
2/12/2021;B;17:00:00;9549
3/12/2021;A;17:00:00;71918
3/12/2021;B;17:00:00;9271
4/12/2021;A;17:00:00;37759
4/12/2021;B;17:00:00;5207
5/12/2021;A;17:00:00;25060
5/12/2021;B;17:00:00;3692
6/12/2021;A;17:00:00;72615
6/12/2021;B;17:00:00;9497
7/12/2021;A;17:00:00;72571
7/12/2021;B;17:00:00;9390
8/12/2021;A;17:00:00;24652
8/12/2021;B;17:00:00;3352
9/12/2021;A;17:00:00;72938
9/12/2021;B;17:00:00;9511
10/12/2021;A;17:00:00;73348
10/12/2021;B;17:00:00;9447
11/12/2021;A;17:00:00;36407
11/12/2021;B;17:00:00;4272
12/12/2021;A;17:00:00;25375
12/12/2021;B;17:00:00;3558
13/12/2021;A;17:00:00;72879
13/12/2021;B;17:00:00;9520
14/12/2021;A;17:00:00;73428
14/12/2021;B;17:00:00;9438
15/12/2021;A;17:00:00;73064
15/12/2021;B;17:00:00;9090
16/12/2021;A;17:00:00;72472
16/12/2021;B;17:00:00;9133
17/12/2021;A;17:00:00;70926
17/12/2021;B;17:00:00;8940
18/12/2021;A;17:00:00;39920
18/12/2021;B;17:00:00;5293
19/12/2021;A;17:00:00;27535
19/12/2021;B;17:00:00;3503
20/12/2021;A;17:00:00;67010
20/12/2021;B;17:00:00;7983
21/12/2021;A;17:00:00;72076
21/12/2021;B;17:00:00;9131
22/12/2021;A;17:00:00;65635
22/12/2021;B;17:00:00;8183
23/12/2021;A;17:00:00;68373
23/12/2021;B;17:00:00;8833
24/12/2021;A;17:00:00;31542
24/12/2021;B;17:00:00;3800
25/12/2021;A;17:00:00;15341
25/12/2021;B;17:00:00;2552
26/12/2021;A;17:00:00;20908
26/12/2021;B;17:00:00;3239
27/12/2021;A;17:00:00;59768
27/12/2021;B;17:00:00;7321
28/12/2021;A;17:00:00;60259
28/12/2021;B;17:00:00;7809
29/12/2021;A;17:00:00;58326
29/12/2021;B;17:00:00;7357
30/12/2021;A;17:00:00;50175
30/12/2021;B;17:00:00;6255
31/12/2021;A;17:00:00;25605
31/12/2021;B;17:00:00;3182
1/01/2022;A;17:00:00;11322
1/01/2022;B;17:00:00;2114
2/01/2022;A;17:00:00;16535
2/01/2022;B;17:00:00;2936
3/01/2022;A;17:00:00;50695
3/01/2022;B;17:00:00;6673
4/01/2022;A;17:00:00;53551
4/01/2022;B;17:00:00;6908
5/01/2022;A;17:00:00;55032
5/01/2022;B;17:00:00;7098
6/01/2022;A;17:00:00;40766
6/01/2022;B;17:00:00;7145
7/01/2022;A;17:00:00;49402
7/01/2022;B;17:00:00;6371
8/01/2022;A;17:00:00;23851
8/01/2022;B;17:00:00;3713
9/01/2022;A;17:00:00;17737
9/01/2022;B;17:00:00;3525
10/01/2022;A;17:00:00;17450
10/01/2022;B;17:00:00;2942
11/01/2022;A;17:00:00;60096
11/01/2022;B;17:00:00;7879
12/01/2022;A;17:00:00;60687
12/01/2022;B;17:00:00;7990
13/01/2022;A;17:00:00;61303
13/01/2022;B;17:00:00;8333
14/01/2022;A;17:00:00;59987
14/01/2022;B;17:00:00;8069
15/01/2022;A;17:00:00;27684
15/01/2022;B;17:00:00;4162
16/01/2022;A;17:00:00;17378
16/01/2022;B;17:00:00;3017
17/01/2022;A;17:00:00;65473
17/01/2022;B;17:00:00;8550
18/01/2022;A;17:00:00;65843
18/01/2022;B;17:00:00;8667
19/01/2022;A;17:00:00;67003
19/01/2022;B;17:00:00;8834
20/01/2022;A;17:00:00;66802
20/01/2022;B;17:00:00;8797
21/01/2022;A;17:00:00;65312
21/01/2022;B;17:00:00;8508
22/01/2022;A;17:00:00;27872
22/01/2022;B;17:00:00;4148
23/01/2022;A;17:00:00;17135
23/01/2022;B;17:00:00;3054
24/01/2022;A;17:00:00;69781
24/01/2022;B;17:00:00;9155
25/01/2022;A;17:00:00;70658
25/01/2022;B;17:00:00;9608
26/01/2022;A;17:00:00;71822
26/01/2022;B;17:00:00;9116
27/01/2022;A;17:00:00;70117
27/01/2022;B;17:00:00;9341
28/01/2022;A;17:00:00;60379
28/01/2022;B;17:00:00;7726
29/01/2022;A;17:00:00;29632
29/01/2022;B;17:00:00;4185
30/01/2022;A;17:00:00;18352
30/01/2022;B;17:00:00;3182
31/01/2022;A;17:00:00;70203
31/01/2022;B;17:00:00;9027
1/02/2022;A;17:00:00;75963
1/02/2022;B;17:00:00;10224
2/02/2022;A;17:00:00;74029
2/02/2022;B;17:00:00;10023
3/02/2022;A;17:00:00;63054
3/02/2022;B;17:00:00;9976
4/02/2022;A;17:00:00;70539
4/02/2022;B;17:00:00;9514
5/02/2022;A;17:00:00;29848
5/02/2022;B;17:00:00;4518
6/02/2022;A;17:00:00;18910
6/02/2022;B;17:00:00;2941
7/02/2022;A;17:00:00;76319
7/02/2022;B;17:00:00;10120
8/02/2022;A;17:00:00;78019
8/02/2022;B;17:00:00;10636
9/02/2022;A;17:00:00;76973
9/02/2022;B;17:00:00;10400
10/02/2022;A;17:00:00;74719
10/02/2022;B;17:00:00;10263
11/02/2022;A;17:00:00;71747
11/02/2022;B;17:00:00;9634
12/02/2022;A;17:00:00;29771
12/02/2022;B;17:00:00;4781
13/02/2022;A;17:00:00;15953
13/02/2022;B;17:00:00;2437
14/02/2022;A;17:00:00;77735
14/02/2022;B;17:00:00;10158
15/02/2022;A;17:00:00;77315
15/02/2022;B;17:00:00;10395
16/02/2022;A;17:00:00;77539
16/02/2022;B;17:00:00;10715
17/02/2022;A;17:00:00;77931
17/02/2022;B;17:00:00;11204
18/02/2022;A;17:00:00;72840
18/02/2022;B;17:00:00;9718
19/02/2022;A;17:00:00;29309
19/02/2022;B;17:00:00;4349
20/02/2022;A;17:00:00;18033
20/02/2022;B;17:00:00;2898
21/02/2022;A;17:00:00;74972
21/02/2022;B;17:00:00;9137
22/02/2022;A;17:00:00;77755
22/02/2022;B;17:00:00;10739
23/02/2022;A;17:00:00;78416
23/02/2022;B;17:00:00;10688
24/02/2022;A;17:00:00;75110
24/02/2022;B;17:00:00;10275
25/02/2022;A;17:00:00;72808
25/02/2022;B;17:00:00;10034
26/02/2022;A;17:00:00;30518
26/02/2022;B;17:00:00;4590
27/02/2022;A;17:00:00;19323
27/02/2022;B;17:00:00;2881
28/02/2022;A;17:00:00;75306
28/02/2022;B;17:00:00;10060
1/03/2022;A;17:00:00;79759
1/03/2022;B;17:00:00;10840
2/03/2022;A;17:00:00;79007
2/03/2022;B;17:00:00;10576
3/03/2022;A;17:00:00;78958
3/03/2022;B;17:00:00;10452
4/03/2022;A;17:00:00;74588
4/03/2022;B;17:00:00;9876
5/03/2022;A;17:00:00;31953
5/03/2022;B;17:00:00;4800
6/03/2022;A;17:00:00;19381
6/03/2022;B;17:00:00;2828
7/03/2022;A;17:00:00;52671
7/03/2022;B;17:00:00;10129
8/03/2022;A;17:00:00;78489
8/03/2022;B;17:00:00;10780
9/03/2022;A;17:00:00;78815
9/03/2022;B;17:00:00;10687
10/03/2022;A;17:00:00;75794
10/03/2022;B;17:00:00;10882
11/03/2022;A;17:00:00;72279
11/03/2022;B;17:00:00;9859
12/03/2022;A;17:00:00;29832
12/03/2022;B;17:00:00;4588
13/03/2022;A;17:00:00;16282
13/03/2022;B;17:00:00;2859
14/03/2022;A;17:00:00;77679
14/03/2022;B;17:00:00;10507
15/03/2022;A;17:00:00;81623
15/03/2022;B;17:00:00;10826
16/03/2022;A;17:00:00;78374
16/03/2022;B;17:00:00;10647
17/03/2022;A;17:00:00;77964
17/03/2022;B;17:00:00;11244
18/03/2022;A;17:00:00;71979
18/03/2022;B;17:00:00;9763
19/03/2022;A;17:00:00;30365
19/03/2022;B;17:00:00;4949
20/03/2022;A;17:00:00;18720
20/03/2022;B;17:00:00;3436
21/03/2022;A;17:00:00;20279
21/03/2022;B;17:00:00;3107
22/03/2022;A;17:00:00;78254
22/03/2022;B;17:00:00;10382
23/03/2022;A;17:00:00;77148
23/03/2022;B;17:00:00;11018
24/03/2022;A;17:00:00;79169
24/03/2022;B;17:00:00;11158
25/03/2022;A;17:00:00;72934
25/03/2022;B;17:00:00;9754
26/03/2022;A;17:00:00;31016
26/03/2022;B;17:00:00;4886
27/03/2022;A;17:00:00;18151
27/03/2022;B;17:00:00;2826
28/03/2022;A;17:00:00;77963
28/03/2022;B;17:00:00;10473
29/03/2022;A;17:00:00;80764
29/03/2022;B;17:00:00;11333
30/03/2022;A;17:00:00;77411
30/03/2022;B;17:00:00;9970
31/03/2022;A;17:00:00;76485
31/03/2022;B;17:00:00;10666
1/04/2022;A;17:00:00;73712
1/04/2022;B;17:00:00;10045
2/04/2022;A;17:00:00;33178
2/04/2022;B;17:00:00;5806
3/04/2022;A;17:00:00;19347
3/04/2022;B;17:00:00;2914
4/04/2022;A;17:00:00;77330
4/04/2022;B;17:00:00;10117
5/04/2022;A;17:00:00;81235
5/04/2022;B;17:00:00;11356
6/04/2022;A;17:00:00;78135
6/04/2022;B;17:00:00;10689
7/04/2022;A;17:00:00;80640
7/04/2022;B;17:00:00;11012
8/04/2022;A;17:00:00;73511
8/04/2022;B;17:00:00;9598
9/04/2022;A;17:00:00;34084
9/04/2022;B;17:00:00;5003
10/04/2022;A;17:00:00;19567
10/04/2022;B;17:00:00;3198
11/04/2022;A;17:00:00;68680
11/04/2022;B;17:00:00;8764
12/04/2022;A;17:00:00;68289
12/04/2022;B;17:00:00;8674
13/04/2022;A;17:00:00;54884
13/04/2022;B;17:00:00;6975
14/04/2022;A;17:00:00;18350
14/04/2022;B;17:00:00;3598
15/04/2022;A;17:00:00;16200
15/04/2022;B;17:00:00;3449
16/04/2022;A;17:00:00;24323
16/04/2022;B;17:00:00;3727
17/04/2022;A;17:00:00;19444
17/04/2022;B;17:00:00;2991
18/04/2022;A;17:00:00;77378
18/04/2022;B;17:00:00;9601
19/04/2022;A;17:00:00;77968
19/04/2022;B;17:00:00;10900
20/04/2022;A;17:00:00;80687
20/04/2022;B;17:00:00;10841
21/04/2022;A;17:00:00;80057
21/04/2022;B;17:00:00;10579
22/04/2022;A;17:00:00;74706
22/04/2022;B;17:00:00;10060
23/04/2022;A;17:00:00;32841
23/04/2022;B;17:00:00;4941
24/04/2022;A;17:00:00;18923
24/04/2022;B;17:00:00;3226
25/04/2022;A;17:00:00;78692
25/04/2022;B;17:00:00;10297
26/04/2022;A;17:00:00;77614
26/04/2022;B;17:00:00;10440
27/04/2022;A;17:00:00;80579
27/04/2022;B;17:00:00;10427
28/04/2022;A;17:00:00;69951
28/04/2022;B;17:00:00;8848
29/04/2022;A;17:00:00;73677
29/04/2022;B;17:00:00;9878
30/04/2022;A;17:00:00;36385
30/04/2022;B;17:00:00;5050
1/05/2022;A;17:00:00;20420
1/05/2022;B;17:00:00;3483
2/05/2022;A;17:00:00;77853
2/05/2022;B;17:00:00;9890
3/05/2022;A;17:00:00;78907
3/05/2022;B;17:00:00;10252
4/05/2022;A;17:00:00;79714
4/05/2022;B;17:00:00;10057
5/05/2022;A;17:00:00;79996
5/05/2022;B;17:00:00;11022
6/05/2022;A;17:00:00;71091
6/05/2022;B;17:00:00;10190
7/05/2022;A;17:00:00;34609
7/05/2022;B;17:00:00;4711
8/05/2022;A;17:00:00;17761
8/05/2022;B;17:00:00;2639
9/05/2022;A;17:00:00;78313
9/05/2022;B;17:00:00;9942
10/05/2022;A;17:00:00;79022
10/05/2022;B;17:00:00;10400
11/05/2022;A;17:00:00;80655
11/05/2022;B;17:00:00;10950
12/05/2022;A;17:00:00;77544
12/05/2022;B;17:00:00;10264
13/05/2022;A;17:00:00;73942
13/05/2022;B;17:00:00;9747
14/05/2022;A;17:00:00;34360
14/05/2022;B;17:00:00;5083
15/05/2022;A;17:00:00;19809
15/05/2022;B;17:00:00;3271
16/05/2022;A;17:00:00;77482
16/05/2022;B;17:00:00;9757
17/05/2022;A;17:00:00;78645
17/05/2022;B;17:00:00;9845
18/05/2022;A;17:00:00;78788
18/05/2022;B;17:00:00;10317
19/05/2022;A;17:00:00;49931
19/05/2022;B;17:00:00;10614
20/05/2022;A;17:00:00;74146
20/05/2022;B;17:00:00;10088
21/05/2022;A;17:00:00;32955
21/05/2022;B;17:00:00;4704
22/05/2022;A;17:00:00;19591
22/05/2022;B;17:00:00;3268
23/05/2022;A;17:00:00;77821
23/05/2022;B;17:00:00;9825
24/05/2022;A;17:00:00;80010
24/05/2022;B;17:00:00;10901
25/05/2022;A;17:00:00;77825
25/05/2022;B;17:00:00;10109
26/05/2022;A;17:00:00;76610
26/05/2022;B;17:00:00;10035
27/05/2022;A;17:00:00;74003
27/05/2022;B;17:00:00;9709
28/05/2022;A;17:00:00;30925
28/05/2022;B;17:00:00;4499
29/05/2022;A;17:00:00;16376
29/05/2022;B;17:00:00;2617
30/05/2022;A;17:00:00;18713
30/05/2022;B;17:00:00;2895
31/05/2022;A;17:00:00;79907
31/05/2022;B;17:00:00;9826
1/06/2022;A;17:00:00;78947
1/06/2022;B;17:00:00;10177
2/06/2022;A;17:00:00;76029
2/06/2022;B;17:00:00;8649
3/06/2022;A;17:00:00;73878
3/06/2022;B;17:00:00;9935
4/06/2022;A;17:00:00;31177
4/06/2022;B;17:00:00;4350
5/06/2022;A;17:00:00;19406
5/06/2022;B;17:00:00;3115
6/06/2022;A;17:00:00;79925
6/06/2022;B;17:00:00;10398
7/06/2022;A;17:00:00;79159
7/06/2022;B;17:00:00;10002
8/06/2022;A;17:00:00;79719
8/06/2022;B;17:00:00;10195
9/06/2022;A;17:00:00;78427
9/06/2022;B;17:00:00;10268
10/06/2022;A;17:00:00;72427
10/06/2022;B;17:00:00;9597
11/06/2022;A;17:00:00;31873
11/06/2022;B;17:00:00;4297
12/06/2022;A;17:00:00;18838
12/06/2022;B;17:00:00;3309
13/06/2022;A;17:00:00;77072
13/06/2022;B;17:00:00;9981
14/06/2022;A;17:00:00;78604
14/06/2022;B;17:00:00;10076
15/06/2022;A;17:00:00;77534
15/06/2022;B;17:00:00;9792
16/06/2022;A;17:00:00;61851
16/06/2022;B;17:00:00;9106
17/06/2022;A;17:00:00;55074
17/06/2022;B;17:00:00;8330
18/06/2022;A;17:00:00;24752
18/06/2022;B;17:00:00;3772
19/06/2022;A;17:00:00;13313
19/06/2022;B;17:00:00;2215
20/06/2022;A;17:00:00;15254
20/06/2022;B;17:00:00;2761
21/06/2022;A;17:00:00;59991
21/06/2022;B;17:00:00;8766
22/06/2022;A;17:00:00;75524
22/06/2022;B;17:00:00;9797
23/06/2022;A;17:00:00;74498
23/06/2022;B;17:00:00;9435
24/06/2022;A;17:00:00;73472
24/06/2022;B;17:00:00;9711
25/06/2022;A;17:00:00;31923
25/06/2022;B;17:00:00;4945
26/06/2022;A;17:00:00;20569
26/06/2022;B;17:00:00;3720
27/06/2022;A;17:00:00;18876
27/06/2022;B;17:00:00;2753
28/06/2022;A;17:00:00;73291
28/06/2022;B;17:00:00;8925
29/06/2022;A;17:00:00;68944
29/06/2022;B;17:00:00;9634
30/06/2022;A;17:00:00;84079
30/06/2022;B;17:00:00;10475
1/07/2022;A;17:00:00;70588
1/07/2022;B;17:00:00;8995
2/07/2022;A;17:00:00;34687
2/07/2022;B;17:00:00;5156
3/07/2022;A;17:00:00;21770
3/07/2022;B;17:00:00;7362
4/07/2022;A;17:00:00;21376
4/07/2022;B;17:00:00;3735
5/07/2022;A;17:00:00;74658
5/07/2022;B;17:00:00;9734
6/07/2022;A;17:00:00;75768
6/07/2022;B;17:00:00;9345
7/07/2022;A;17:00:00;76192
7/07/2022;B;17:00:00;9731
8/07/2022;A;17:00:00;73424
8/07/2022;B;17:00:00;9290
9/07/2022;A;17:00:00;31572
9/07/2022;B;17:00:00;4826
10/07/2022;A;17:00:00;20318
10/07/2022;B;17:00:00;3841
11/07/2022;A;17:00:00;78172
11/07/2022;B;17:00:00;9776
12/07/2022;A;17:00:00;78656
12/07/2022;B;17:00:00;9478
13/07/2022;A;17:00:00;78536
13/07/2022;B;17:00:00;10328
14/07/2022;A;17:00:00;77685
14/07/2022;B;17:00:00;10159
15/07/2022;A;17:00:00;70980
15/07/2022;B;17:00:00;9344
16/07/2022;A;17:00:00;35680
16/07/2022;B;17:00:00;5144
17/07/2022;A;17:00:00;21487
17/07/2022;B;17:00:00;3435
18/07/2022;A;17:00:00;77112
18/07/2022;B;17:00:00;9765
19/07/2022;A;17:00:00;75598
19/07/2022;B;17:00:00;9579
20/07/2022;A;17:00:00;22336
20/07/2022;B;17:00:00;3578
21/07/2022;A;17:00:00;78886
21/07/2022;B;17:00:00;10261
22/07/2022;A;17:00:00;74780
22/07/2022;B;17:00:00;9736
23/07/2022;A;17:00:00;28578
23/07/2022;B;17:00:00;4198
24/07/2022;A;17:00:00;18792
24/07/2022;B;17:00:00;3278
25/07/2022;A;17:00:00;75530
25/07/2022;B;17:00:00;9992
26/07/2022;A;17:00:00;79281
26/07/2022;B;17:00:00;9879
27/07/2022;A;17:00:00;78758
27/07/2022;B;17:00:00;10208
28/07/2022;A;17:00:00;78454
28/07/2022;B;17:00:00;10384
29/07/2022;A;17:00:00;73691
29/07/2022;B;17:00:00;9684
30/07/2022;A;17:00:00;33676
30/07/2022;B;17:00:00;4748
31/07/2022;A;17:00:00;20476
31/07/2022;B;17:00:00;3283
1/08/2022;A;17:00:00;80594
1/08/2022;B;17:00:00;10747
2/08/2022;A;17:00:00;76918
2/08/2022;B;17:00:00;7250
3/08/2022;A;17:00:00;80988
3/08/2022;B;17:00:00;10367
4/08/2022;A;17:00:00;78692
4/08/2022;B;17:00:00;10434
5/08/2022;A;17:00:00;81845
5/08/2022;B;17:00:00;10732
6/08/2022;A;17:00:00;33814
6/08/2022;B;17:00:00;4774
7/08/2022;A;17:00:00;19767
7/08/2022;B;17:00:00;3325
8/08/2022;A;17:00:00;81647
8/08/2022;B;17:00:00;10502
9/08/2022;A;17:00:00;80505
9/08/2022;B;17:00:00;10782
10/08/2022;A;17:00:00;80513
10/08/2022;B;17:00:00;10674
11/08/2022;A;17:00:00;79554
11/08/2022;B;17:00:00;10976
12/08/2022;A;17:00:00;73313
12/08/2022;B;17:00:00;10217
13/08/2022;A;17:00:00;44011
13/08/2022;B;17:00:00;5914
14/08/2022;A;17:00:00;25584
14/08/2022;B;17:00:00;5193
15/08/2022;A;17:00:00;29882
15/08/2022;B;17:00:00;4297
16/08/2022;A;17:00:00;82993
16/08/2022;B;17:00:00;11140
17/08/2022;A;17:00:00;82372
17/08/2022;B;17:00:00;11112
18/08/2022;A;17:00:00;82909
18/08/2022;B;17:00:00;10846
19/08/2022;A;17:00:00;76164
19/08/2022;B;17:00:00;10325
20/08/2022;A;17:00:00;35271
20/08/2022;B;17:00:00;5327
21/08/2022;A;17:00:00;19171
21/08/2022;B;17:00:00;3041
22/08/2022;A;17:00:00;80199
22/08/2022;B;17:00:00;10441
23/08/2022;A;17:00:00;82326
23/08/2022;B;17:00:00;10719
24/08/2022;A;17:00:00;82615
24/08/2022;B;17:00:00;10790
25/08/2022;A;17:00:00;82036
25/08/2022;B;17:00:00;10797
26/08/2022;A;17:00:00;73703
26/08/2022;B;17:00:00;9702
27/08/2022;A;17:00:00;33425
27/08/2022;B;17:00:00;4812
28/08/2022;A;17:00:00;21461
28/08/2022;B;17:00:00;3428
29/08/2022;A;17:00:00;81458
29/08/2022;B;17:00:00;10592
30/08/2022;A;17:00:00;82477
30/08/2022;B;17:00:00;11304
31/08/2022;A;17:00:00;83269
31/08/2022;B;17:00:00;10874
1/09/2022;A;17:00:00;81893
1/09/2022;B;17:00:00;11242
2/09/2022;A;17:00:00;78514
2/09/2022;B;17:00:00;10464
3/09/2022;A;17:00:00;34317
3/09/2022;B;17:00:00;5057
4/09/2022;A;17:00:00;23781
4/09/2022;B;17:00:00;3605
5/09/2022;A;17:00:00;81876
5/09/2022;B;17:00:00;10777
6/09/2022;A;17:00:00;82148
6/09/2022;B;17:00:00;10893
7/09/2022;A;17:00:00;82745
7/09/2022;B;17:00:00;11113
8/09/2022;A;17:00:00;83040
8/09/2022;B;17:00:00;11756
9/09/2022;A;17:00:00;78656
9/09/2022;B;17:00:00;10887
10/09/2022;A;17:00:00;35399
10/09/2022;B;17:00:00;5387
11/09/2022;A;17:00:00;21973
11/09/2022;B;17:00:00;3478
12/09/2022;A;17:00:00;81403
12/09/2022;B;17:00:00;10442
13/09/2022;A;17:00:00;83194
13/09/2022;B;17:00:00;10997
14/09/2022;A;17:00:00;83154
14/09/2022;B;17:00:00;10962
15/09/2022;A;17:00:00;80907
15/09/2022;B;17:00:00;10878
16/09/2022;A;17:00:00;75875
16/09/2022;B;17:00:00;10045
17/09/2022;A;17:00:00;38269
17/09/2022;B;17:00:00;5129
18/09/2022;A;17:00:00;22056
18/09/2022;B;17:00:00;3322
19/09/2022;A;17:00:00;79083
19/09/2022;B;17:00:00;10236
20/09/2022;A;17:00:00;79772
20/09/2022;B;17:00:00;10784
21/09/2022;A;17:00:00;60314
21/09/2022;B;17:00:00;10772
22/09/2022;A;17:00:00;82432
22/09/2022;B;17:00:00;11226
23/09/2022;A;17:00:00;78996
23/09/2022;B;17:00:00;10236
24/09/2022;A;17:00:00;33538
24/09/2022;B;17:00:00;4788
25/09/2022;A;17:00:00;21098
25/09/2022;B;17:00:00;3435
26/09/2022;A;17:00:00;80163
26/09/2022;B;17:00:00;10337
27/09/2022;A;17:00:00;81727
27/09/2022;B;17:00:00;10608
28/09/2022;A;17:00:00;81555
28/09/2022;B;17:00:00;10860
29/09/2022;A;17:00:00;79659
29/09/2022;B;17:00:00;10573
30/09/2022;A;17:00:00;76392
30/09/2022;B;17:00:00;9876
1/10/2022;A;17:00:00;35332
1/10/2022;B;17:00:00;4665
2/10/2022;A;17:00:00;21642
2/10/2022;B;17:00:00;3431
3/10/2022;A;17:00:00;79159
3/10/2022;B;17:00:00;10341
4/10/2022;A;17:00:00;82280
4/10/2022;B;17:00:00;11198
5/10/2022;A;17:00:00;82827
5/10/2022;B;17:00:00;11122
6/10/2022;A;17:00:00;83019
6/10/2022;B;17:00:00;11279
7/10/2022;A;17:00:00;78170
7/10/2022;B;17:00:00;10049
8/10/2022;A;17:00:00;33970
8/10/2022;B;17:00:00;4948
9/10/2022;A;17:00:00;20226
9/10/2022;B;17:00:00;5604
10/10/2022;A;17:00:00;81100
10/10/2022;B;17:00:00;10503
11/10/2022;A;17:00:00;82591
11/10/2022;B;17:00:00;10842
12/10/2022;A;17:00:00;82827
12/10/2022;B;17:00:00;10940
13/10/2022;A;17:00:00;81192
13/10/2022;B;17:00:00;10638
14/10/2022;A;17:00:00;77575
14/10/2022;B;17:00:00;10122
15/10/2022;A;17:00:00;36132
15/10/2022;B;17:00:00;5375
16/10/2022;A;17:00:00;22678
16/10/2022;B;17:00:00;3916
17/10/2022;A;17:00:00;21653
17/10/2022;B;17:00:00;3200
18/10/2022;A;17:00:00;82424
18/10/2022;B;17:00:00;10926
19/10/2022;A;17:00:00;83067
19/10/2022;B;17:00:00;10535
20/10/2022;A;17:00:00;82274
20/10/2022;B;17:00:00;10507
21/10/2022;A;17:00:00;77411
21/10/2022;B;17:00:00;9949
22/10/2022;A;17:00:00;32958
22/10/2022;B;17:00:00;4671
23/10/2022;A;17:00:00;19129
23/10/2022;B;17:00:00;2779
24/10/2022;A;17:00:00;81801
24/10/2022;B;17:00:00;10050
25/10/2022;A;17:00:00;83148
25/10/2022;B;17:00:00;11000
26/10/2022;A;17:00:00;83554
26/10/2022;B;17:00:00;10934
27/10/2022;A;17:00:00;82757
27/10/2022;B;17:00:00;10931
28/10/2022;A;17:00:00;77820
28/10/2022;B;17:00:00;10009
29/10/2022;A;17:00:00;37185
29/10/2022;B;17:00:00;5177
30/10/2022;A;17:00:00;20817
30/10/2022;B;17:00:00;3148
31/10/2022;A;17:00:00;79263
31/10/2022;B;17:00:00;9730
1/11/2022;A;17:00:00;84219
1/11/2022;B;17:00:00;10968
2/11/2022;A;17:00:00;84850
2/11/2022;B;17:00:00;10958
3/11/2022;A;17:00:00;81147
3/11/2022;B;17:00:00;10775
4/11/2022;A;17:00:00;77452
4/11/2022;B;17:00:00;10290
5/11/2022;A;17:00:00;37877
5/11/2022;B;17:00:00;5076
6/11/2022;A;17:00:00;20363
6/11/2022;B;17:00:00;3281
7/11/2022;A;17:00:00;20044
7/11/2022;B;17:00:00;3190
8/11/2022;A;17:00:00;53988
8/11/2022;B;17:00:00;11338
9/11/2022;A;17:00:00;83084
9/11/2022;B;17:00:00;10715
10/11/2022;A;17:00:00;78306
10/11/2022;B;17:00:00;10629
11/11/2022;A;17:00:00;77948
11/11/2022;B;17:00:00;10217
12/11/2022;A;17:00:00;34901
12/11/2022;B;17:00:00;4949
13/11/2022;A;17:00:00;21081
13/11/2022;B;17:00:00;3588
14/11/2022;A;17:00:00;22488
14/11/2022;B;17:00:00;3365
15/11/2022;A;17:00:00;63673
15/11/2022;B;17:00:00;10745
16/11/2022;A;17:00:00;81911
16/11/2022;B;17:00:00;10558
17/11/2022;A;17:00:00;78574
17/11/2022;B;17:00:00;10757
18/11/2022;A;17:00:00;77972
18/11/2022;B;17:00:00;10087
19/11/2022;A;17:00:00;35738
19/11/2022;B;17:00:00;5423
20/11/2022;A;17:00:00;20942
20/11/2022;B;17:00:00;3245
21/11/2022;A;17:00:00;81184
21/11/2022;B;17:00:00;10729
22/11/2022;A;17:00:00;81367
22/11/2022;B;17:00:00;10203
23/11/2022;A;17:00:00;81101
23/11/2022;B;17:00:00;10648
24/11/2022;A;17:00:00;80238
24/11/2022;B;17:00:00;10445
25/11/2022;A;17:00:00;77479
25/11/2022;B;17:00:00;10052
26/11/2022;A;17:00:00;34808
26/11/2022;B;17:00:00;4748
27/11/2022;A;17:00:00;21164
27/11/2022;B;17:00:00;3038
28/11/2022;A;17:00:00;79784
28/11/2022;B;17:00:00;10126
29/11/2022;A;17:00:00;78781
29/11/2022;B;17:00:00;10444
30/11/2022;A;17:00:00;80096
30/11/2022;B;17:00:00;10271
1/12/2022;A;17:00:00;80398
1/12/2022;B;17:00:00;10606
2/12/2022;A;17:00:00;75191
2/12/2022;B;17:00:00;9463
3/12/2022;A;17:00:00;39742
3/12/2022;B;17:00:00;5476
4/12/2022;A;17:00:00;23678
4/12/2022;B;17:00:00;3633
5/12/2022;A;17:00:00;81397
5/12/2022;B;17:00:00;10212
6/12/2022;A;17:00:00;81974
6/12/2022;B;17:00:00;10240
7/12/2022;A;17:00:00;75894
7/12/2022;B;17:00:00;10465
8/12/2022;A;17:00:00;25589
8/12/2022;B;17:00:00;3697
9/12/2022;A;17:00:00;75240
9/12/2022;B;17:00:00;9769
10/12/2022;A;17:00:00;38900
10/12/2022;B;17:00:00;5505
11/12/2022;A;17:00:00;25531
11/12/2022;B;17:00:00;3500
12/12/2022;A;17:00:00;81375
12/12/2022;B;17:00:00;10255
13/12/2022;A;17:00:00;79439
13/12/2022;B;17:00:00;9973
14/12/2022;A;17:00:00;79622
14/12/2022;B;17:00:00;10051
15/12/2022;A;17:00:00;78985
15/12/2022;B;17:00:00;9682
16/12/2022;A;17:00:00;74235
16/12/2022;B;17:00:00;9480
17/12/2022;A;17:00:00;42755
17/12/2022;B;17:00:00;5288
18/12/2022;A;17:00:00;30702
18/12/2022;B;17:00:00;3872
19/12/2022;A;17:00:00;77737
19/12/2022;B;17:00:00;9640
20/12/2022;A;17:00:00;78574
20/12/2022;B;17:00:00;9610
21/12/2022;A;17:00:00;79200
21/12/2022;B;17:00:00;9500
22/12/2022;A;17:00:00;74786
22/12/2022;B;17:00:00;9265
23/12/2022;A;17:00:00;59540
23/12/2022;B;17:00:00;7454
24/12/2022;A;17:00:00;29954
24/12/2022;B;17:00:00;3711
25/12/2022;A;17:00:00;18297
25/12/2022;B;17:00:00;2796
26/12/2022;A;17:00:00;59041
26/12/2022;B;17:00:00;7401
27/12/2022;A;17:00:00;64825
27/12/2022;B;17:00:00;7967
28/12/2022;A;17:00:00;63549
28/12/2022;B;17:00:00;7831
29/12/2022;A;17:00:00;58413
29/12/2022;B;17:00:00;7559
30/12/2022;A;17:00:00;44503
30/12/2022;B;17:00:00;5516
31/12/2022;A;17:00:00;24305
31/12/2022;B;17:00:00;3188
1/01/2023;A;17:00:00;15965
1/01/2024;B;17:00:00;2498
1/02/2023;A;17:00:00;47979
1/02/2023;B;17:00:00;6373
1/03/2023;A;17:00:00;58132
1/03/2023;B;17:00:00;7288
1/04/2023;A;17:00:00;62350
1/04/2023;B;17:00:00;8445
1/05/2023;A;17:00:00;59914
1/05/2023;B;17:00:00;8000
1/06/2023;A;17:00:00;56565
1/06/2023;B;17:00:00;7612
1/07/2023;A;17:00:00;28537
1/07/2023;B;17:00:00;5228
1/08/2023;A;17:00:00;14171
1/08/2023;B;17:00:00;3592
1/09/2023;A;17:00:00;20206
1/09/2023;B;17:00:00;3749
1/10/2023;A;17:00:00;67823
1/10/2023;B;17:00:00;8677
1/11/2023;A;17:00:00;71063
1/11/2023;B;17:00:00;8844
1/12/2023;A;17:00:00;71332
1/12/2023;B;17:00:00;9233
13/01/2023;A;17:00:00;66860
13/01/2023;B;17:00:00;8387
14/01/2023;A;17:00:00;32409
14/01/2023;B;17:00:00;5365
15/01/2023;A;17:00:00;20764
15/01/2023;B;17:00:00;3805
16/01/2023;A;17:00:00;74656
16/01/2023;B;17:00:00;9641
17/01/2023;A;17:00:00;73379
17/01/2023;B;17:00:00;11184
18/01/2023;A;17:00:00;77730
18/01/2023;B;17:00:00;10139
19/01/2023;A;17:00:00;77684
19/01/2023;B;17:00:00;10384
20/01/2023;A;17:00:00;72134
20/01/2023;B;17:00:00;9470
21/01/2023;A;17:00:00;30144
21/01/2023;B;17:00:00;4544
22/01/2023;A;17:00:00;19149
22/01/2023;B;17:00:00;3403
23/01/2023;A;17:00:00;76046
23/01/2023;B;17:00:00;9720
24/01/2023;A;17:00:00;79432
24/01/2023;B;17:00:00;9915
25/01/2023;A;17:00:00;75367
25/01/2023;B;17:00:00;10029
26/01/2023;A;17:00:00;77776
26/01/2023;B;17:00:00;10083
27/01/2023;A;17:00:00;73610
27/01/2023;B;17:00:00;9458
28/01/2023;A;17:00:00;30134
28/01/2023;B;17:00:00;4550
29/01/2023;A;17:00:00;19193
29/01/2023;B;17:00:00;5508
30/01/2023;A;17:00:00;76480
30/01/2023;B;17:00:00;9592
31/01/2023;A;17:00:00;77390
31/01/2023;B;17:00:00;9911
2/01/2023;A;17:00:00;80594
2/01/2023;B;17:00:00;10428
2/02/2023;A;17:00:00;77935
2/02/2023;B;17:00:00;10257
2/03/2023;A;17:00:00;71509
2/03/2023;B;17:00:00;9880
2/04/2023;A;17:00:00;32844
2/04/2023;B;17:00:00;6460
2/05/2023;A;17:00:00;21312
2/05/2023;B;17:00:00;3406
2/06/2023;A;17:00:00;82994
2/06/2023;B;17:00:00;10828
2/07/2023;A;17:00:00;82414
2/07/2023;B;17:00:00;10747
2/08/2023;A;17:00:00;85454
2/08/2023;B;17:00:00;11703
2/09/2023;A;17:00:00;80205
2/09/2023;B;17:00:00;10805
2/10/2023;A;17:00:00;75623
2/10/2023;B;17:00:00;10064
2/11/2023;A;17:00:00;30800
2/11/2023;B;17:00:00;4637
2/12/2023;A;17:00:00;18081
2/12/2023;B;17:00:00;3001
13/02/2023;A;17:00:00;81745
13/02/2023;B;17:00:00;10825
14/02/2023;A;17:00:00;78839
14/02/2023;B;17:00:00;10498
15/02/2023;A;17:00:00;78539
15/02/2023;B;17:00:00;10525
16/02/2023;A;17:00:00;83045
16/02/2023;B;17:00:00;11497
17/02/2023;A;17:00:00;78060
17/02/2023;B;17:00:00;10564
18/02/2023;A;17:00:00;32024
18/02/2023;B;17:00:00;4805
19/02/2023;A;17:00:00;18233
19/02/2023;B;17:00:00;3408
20/02/2023;A;17:00:00;77162
20/02/2023;B;17:00:00;9568
21/02/2023;A;17:00:00;84041
21/02/2023;B;17:00:00;10950
22/02/2023;A;17:00:00;65724
22/02/2023;B;17:00:00;8788
23/02/2023;A;17:00:00;82041
23/02/2023;B;17:00:00;11233
24/02/2023;A;17:00:00;77678
24/02/2023;B;17:00:00;10355
25/02/2023;A;17:00:00;32534
25/02/2023;B;17:00:00;4949
26/02/2023;A;17:00:00;20028
26/02/2023;B;17:00:00;3230
27/02/2023;A;17:00:00;83780
27/02/2023;B;17:00:00;11272
28/02/2023;A;17:00:00;80732
28/02/2023;B;17:00:00;10690
3/01/2023;A;17:00:00;85336
3/01/2023;B;17:00:00;11339
3/02/2023;A;17:00:00;82669
3/02/2023;B;17:00:00;11024
3/03/2023;A;17:00:00;78066
3/03/2023;B;17:00:00;10730
3/04/2023;A;17:00:00;32821
3/04/2023;B;17:00:00;5019
3/05/2023;A;17:00:00;20820
3/05/2023;B;17:00:00;3317
3/06/2023;A;17:00:00;82700
3/06/2023;B;17:00:00;10847
3/07/2023;A;17:00:00;82127
3/07/2023;B;17:00:00;11070
3/08/2023;A;17:00:00;82560
3/08/2023;B;17:00:00;11594
3/09/2023;A;17:00:00;82115
3/09/2023;B;17:00:00;11257
3/10/2023;A;17:00:00;78567
3/10/2023;B;17:00:00;10744
3/11/2023;A;17:00:00;33148
3/11/2023;B;17:00:00;4945
3/12/2023;A;17:00:00;17992
3/12/2023;B;17:00:00;2945
13/03/2023;A;17:00:00;83398
13/03/2023;B;17:00:00;11115
14/03/2023;A;17:00:00;83653
14/03/2023;B;17:00:00;11104
15/03/2023;A;17:00:00;83233
15/03/2023;B;17:00:00;10864
16/03/2023;A;17:00:00;81570
16/03/2023;B;17:00:00;11350
17/03/2023;A;17:00:00;79176
17/03/2023;B;17:00:00;10618
18/03/2023;A;17:00:00;32276
18/03/2023;B;17:00:00;4934
19/03/2023;A;17:00:00;20434
19/03/2023;B;17:00:00;3871
20/03/2023;A;17:00:00;21038
20/03/2023;B;17:00:00;3466
21/03/2023;A;17:00:00;84685
21/03/2023;B;17:00:00;11144
22/03/2023;A;17:00:00;84667
22/03/2023;B;17:00:00;11103
23/03/2023;A;17:00:00;82237
23/03/2023;B;17:00:00;10798
24/03/2023;A;17:00:00;80606
24/03/2023;B;17:00:00;10692
25/03/2023;A;17:00:00;32979
25/03/2023;B;17:00:00;4940
26/03/2023;A;17:00:00;20113
26/03/2023;B;17:00:00;3468
27/03/2023;A;17:00:00;81508
27/03/2023;B;17:00:00;9848
28/03/2023;A;17:00:00;83435
28/03/2023;B;17:00:00;10731
29/03/2023;A;17:00:00;82657
29/03/2023;B;17:00:00;10822
30/03/2023;A;17:00:00;65339
30/03/2023;B;17:00:00;10918
31/03/2023;A;17:00:00;76292
31/03/2023;B;17:00:00;9862
4/01/2023;A;17:00:00;33467
4/01/2023;B;17:00:00;4752
4/02/2023;A;17:00:00;19002
4/02/2023;B;17:00:00;3233
4/03/2023;A;17:00:00;71018
4/03/2023;B;17:00:00;9053
4/04/2023;A;17:00:00;69498
4/04/2023;B;17:00:00;8541
4/05/2023;A;17:00:00;57694
4/05/2023;B;17:00:00;7832
4/06/2023;A;17:00:00;17353
4/06/2023;B;17:00:00;3368
4/07/2023;A;17:00:00;16369
4/07/2023;B;17:00:00;3133
4/08/2023;A;17:00:00;23935
4/08/2023;B;17:00:00;3720
4/09/2023;A;17:00:00;18736
4/09/2023;B;17:00:00;2821
4/10/2023;A;17:00:00;81182
4/10/2023;B;17:00:00;10356
4/11/2023;A;17:00:00;83781
4/11/2023;B;17:00:00;10631
4/12/2023;A;17:00:00;82190
4/12/2023;B;17:00:00;10902
13/04/2023;A;17:00:00;81692
13/04/2023;B;17:00:00;10750
14/04/2023;A;17:00:00;77036
14/04/2023;B;17:00:00;10032
15/04/2023;A;17:00:00;33647
15/04/2023;B;17:00:00;4783
16/04/2023;A;17:00:00;21513
16/04/2023;B;17:00:00;3981
17/04/2023;A;17:00:00;83717
17/04/2023;B;17:00:00;10589
18/04/2023;A;17:00:00;83458
18/04/2023;B;17:00:00;10673
19/04/2023;A;17:00:00;81481
19/04/2023;B;17:00:00;11075
20/04/2023;A;17:00:00;82864
20/04/2023;B;17:00:00;10689
21/04/2023;A;17:00:00;79065
21/04/2023;B;17:00:00;10618
22/04/2023;A;17:00:00;33439
22/04/2023;B;17:00:00;4746
23/04/2023;A;17:00:00;19840
23/04/2023;B;17:00:00;3135
24/04/2023;A;17:00:00;76734
24/04/2023;B;17:00:00;10588
25/04/2023;A;17:00:00;82547
25/04/2023;B;17:00:00;10645
26/04/2023;A;17:00:00;82466
26/04/2023;B;17:00:00;10438
27/04/2023;A;17:00:00;84208
27/04/2023;B;17:00:00;10539
28/04/2023;A;17:00:00;71597
28/04/2023;B;17:00:00;10112
29/04/2023;A;17:00:00;35609
29/04/2023;B;17:00:00;4971
30/04/2023;A;17:00:00;20986
30/04/2023;B;17:00:00;3384
5/01/2023;A;17:00:00;20946
5/01/2023;B;17:00:00;3285
5/02/2023;A;17:00:00;84562
5/02/2023;B;17:00:00;10875
5/03/2023;A;17:00:00;83375
5/03/2023;B;17:00:00;10895
5/04/2023;A;17:00:00;81473
5/04/2023;B;17:00:00;10561
5/05/2023;A;17:00:00;78634
5/05/2023;B;17:00:00;10246
5/06/2023;A;17:00:00;35866
5/06/2023;B;17:00:00;5001
5/07/2023;A;17:00:00;19997
5/07/2023;B;17:00:00;3381
5/08/2023;A;17:00:00;80815
5/08/2023;B;17:00:00;10184
5/09/2023;A;17:00:00;83250
5/09/2023;B;17:00:00;10259
5/10/2023;A;17:00:00;84289
5/10/2023;B;17:00:00;10788
5/11/2023;A;17:00:00;81072
5/11/2023;B;17:00:00;10126
5/12/2023;A;17:00:00;77898
5/12/2023;B;17:00:00;10295
13/05/2023;A;17:00:00;34848
13/05/2023;B;17:00:00;4771
14/05/2023;A;17:00:00;20110
14/05/2023;B;17:00:00;3258
15/05/2023;A;17:00:00;81122
15/05/2023;B;17:00:00;10004
16/05/2023;A;17:00:00;82310
16/05/2023;B;17:00:00;9788
17/05/2023;A;17:00:00;84899
17/05/2023;B;17:00:00;10546
18/05/2023;A;17:00:00;82082
18/05/2023;B;17:00:00;10610
19/05/2023;A;17:00:00;76901
19/05/2023;B;17:00:00;10249
20/05/2023;A;17:00:00;31751
20/05/2023;B;17:00:00;4576
21/05/2023;A;17:00:00;18068
21/05/2023;B;17:00:00;2822
22/05/2023;A;17:00:00;20226
22/05/2023;B;17:00:00;3107
23/05/2023;A;17:00:00;86269
23/05/2023;B;17:00:00;11368
24/05/2023;A;17:00:00;84654
24/05/2023;B;17:00:00;10808
25/05/2023;A;17:00:00;81246
25/05/2023;B;17:00:00;10603
26/05/2023;A;17:00:00;77286
26/05/2023;B;17:00:00;10069
27/05/2023;A;17:00:00;31661
27/05/2023;B;17:00:00;4510
28/05/2023;A;17:00:00;19111
28/05/2023;B;17:00:00;3465
29/05/2023;A;17:00:00;80562
29/05/2023;B;17:00:00;10334
30/05/2023;A;17:00:00;82707
30/05/2023;B;17:00:00;10499
31/05/2023;A;17:00:00;81243
31/05/2023;B;17:00:00;10265
6/01/2023;A;17:00:00;81256
6/01/2023;B;17:00:00;10206
6/02/2023;A;17:00:00;75507
6/02/2023;B;17:00:00;9970
6/03/2023;A;17:00:00;32585
6/03/2023;B;17:00:00;4692
6/04/2023;A;17:00:00;19626
6/04/2023;B;17:00:00;3131
6/05/2023;A;17:00:00;80901
6/05/2023;B;17:00:00;10150
6/06/2023;A;17:00:00;82340
6/06/2023;B;17:00:00;10305
6/07/2023;A;17:00:00;81790
6/07/2023;B;17:00:00;10366
6/08/2023;A;17:00:00;78515
6/08/2023;B;17:00:00;10124
6/09/2023;A;17:00:00;76103
6/09/2023;B;17:00:00;9811
6/10/2023;A;17:00:00;30687
6/10/2023;B;17:00:00;4606
6/11/2023;A;17:00:00;18911
6/11/2023;B;17:00:00;3171
6/12/2023;A;17:00:00;19354
6/12/2023;B;17:00:00;3109
13/06/2023;A;17:00:00;81909
13/06/2023;B;17:00:00;10192
14/06/2023;A;17:00:00;82187
14/06/2023;B;17:00:00;10032
15/06/2023;A;17:00:00;80519
15/06/2023;B;17:00:00;9850
16/06/2023;A;17:00:00;74501
16/06/2023;B;17:00:00;9529
17/06/2023;A;17:00:00;34912
17/06/2023;B;17:00:00;4653
18/06/2023;A;17:00:00;20262
18/06/2023;B;17:00:00;3292
19/06/2023;A;17:00:00;21205
19/06/2023;B;17:00:00;3312
20/06/2023;A;17:00:00;80754
20/06/2023;B;17:00:00;10015
21/06/2023;A;17:00:00;84567
21/06/2023;B;17:00:00;10313
22/06/2023;A;17:00:00;81189
22/06/2023;B;17:00:00;10508
23/06/2023;A;17:00:00;76282
23/06/2023;B;17:00:00;9460
24/06/2023;A;17:00:00;34843
24/06/2023;B;17:00:00;4963
25/06/2023;A;17:00:00;20785
25/06/2023;B;17:00:00;3294
26/06/2023;A;17:00:00;80187
26/06/2023;B;17:00:00;10013
27/06/2023;A;17:00:00;81137
27/06/2023;B;17:00:00;10054
28/06/2023;A;17:00:00;80417
28/06/2023;B;17:00:00;10180
29/06/2023;A;17:00:00;79604
29/06/2023;B;17:00:00;10209
30/06/2023;A;17:00:00;73141
30/06/2023;B;17:00:00;9008
7/01/2023;A;17:00:00;35563
7/01/2023;B;17:00:00;4907
7/02/2023;A;17:00:00;26035
7/02/2023;B;17:00:00;3711
7/03/2023;A;17:00:00;22301
7/03/2023;B;17:00:00;3521
7/04/2023;A;17:00:00;79222
7/04/2023;B;17:00:00;9811
7/05/2023;A;17:00:00;81039
7/05/2023;B;17:00:00;10009
7/06/2023;A;17:00:00;79572
7/06/2023;B;17:00:00;10218
7/07/2023;A;17:00:00;76589
7/07/2023;B;17:00:00;9527
7/08/2023;A;17:00:00;33776
7/08/2023;B;17:00:00;5014
7/09/2023;A;17:00:00;20408
7/09/2023;B;17:00:00;3303
7/10/2023;A;17:00:00;81570
7/10/2023;B;17:00:00;9830
7/11/2023;A;17:00:00;81721
7/11/2023;B;17:00:00;10260
7/12/2023;A;17:00:00;81859
7/12/2023;B;17:00:00;10224
13/07/2023;A;17:00:00;80103
13/07/2023;B;17:00:00;10052
14/07/2023;A;17:00:00;75513
14/07/2023;B;17:00:00;9535
15/07/2023;A;17:00:00;34164
15/07/2023;B;17:00:00;4752
16/07/2023;A;17:00:00;22672
16/07/2023;B;17:00:00;3323
17/07/2023;A;17:00:00;80553
17/07/2023;B;17:00:00;10173
18/07/2023;A;17:00:00;82154
18/07/2023;B;17:00:00;9971
19/07/2023;A;17:00:00;78963
19/07/2023;B;17:00:00;9951
20/07/2023;A;17:00:00;21470
20/07/2023;B;17:00:00;3662
21/07/2023;A;17:00:00;69157
21/07/2023;B;17:00:00;9399
22/07/2023;A;17:00:00;30407
22/07/2023;B;17:00:00;4592
23/07/2023;A;17:00:00;20895
23/07/2023;B;17:00:00;3419
24/07/2023;A;17:00:00;80819
24/07/2023;B;17:00:00;10128
25/07/2023;A;17:00:00;83148
25/07/2023;B;17:00:00;10467
26/07/2023;A;17:00:00;83660
26/07/2023;B;17:00:00;10476
27/07/2023;A;17:00:00;85121
27/07/2023;B;17:00:00;10933
28/07/2023;A;17:00:00;75494
28/07/2023;B;17:00:00;10110
29/07/2023;A;17:00:00;33858
29/07/2023;B;17:00:00;4851
30/07/2023;A;17:00:00;21476
30/07/2023;B;17:00:00;3422
31/07/2023;A;17:00:00;80506
31/07/2023;B;17:00:00;10263
8/01/2023;A;17:00:00;82786
8/01/2023;B;17:00:00;10666
8/02/2023;A;17:00:00;84101
8/02/2023;B;17:00:00;10815
8/03/2023;A;17:00:00;84908
8/03/2023;B;17:00:00;11030
8/04/2023;A;17:00:00;77700
8/04/2023;B;17:00:00;10138
8/05/2023;A;17:00:00;37446
8/05/2023;B;17:00:00;5328
8/06/2023;A;17:00:00;24594
8/06/2023;B;17:00:00;4500
8/07/2023;A;17:00:00;29183
8/07/2023;B;17:00:00;4333
8/08/2023;A;17:00:00;76087
8/08/2023;B;17:00:00;10961
8/09/2023;A;17:00:00;82447
8/09/2023;B;17:00:00;10708
8/10/2023;A;17:00:00;80863
8/10/2023;B;17:00:00;10972
8/11/2023;A;17:00:00;76348
8/11/2023;B;17:00:00;10077
8/12/2023;A;17:00:00;32580
8/12/2023;B;17:00:00;4774
13/08/2023;A;17:00:00;21389
13/08/2023;B;17:00:00;3398
14/08/2023;A;17:00:00;81858
14/08/2023;B;17:00:00;10664
15/08/2023;A;17:00:00;85819
15/08/2023;B;17:00:00;11024
16/08/2023;A;17:00:00;85998
16/08/2023;B;17:00:00;11188
17/08/2023;A;17:00:00;85011
17/08/2023;B;17:00:00;10985
18/08/2023;A;17:00:00;76185
18/08/2023;B;17:00:00;9804
19/08/2023;A;17:00:00;33009
19/08/2023;B;17:00:00;4790
20/08/2023;A;17:00:00;20031
20/08/2023;B;17:00:00;3299
21/08/2023;A;17:00:00;20158
21/08/2023;B;17:00:00;2842
22/08/2023;A;17:00:00;84176
22/08/2023;B;17:00:00;11029
23/08/2023;A;17:00:00;83230
23/08/2023;B;17:00:00;10830
24/08/2023;A;17:00:00;83438
24/08/2023;B;17:00:00;10816
25/08/2023;A;17:00:00;77209
25/08/2023;B;17:00:00;10123
26/08/2023;A;17:00:00;32084
26/08/2023;B;17:00:00;4778
27/08/2023;A;17:00:00;19544
27/08/2023;B;17:00:00;3065
28/08/2023;A;17:00:00;53738
28/08/2023;B;17:00:00;10325
29/08/2023;A;17:00:00;78577
29/08/2023;B;17:00:00;10615
30/08/2023;A;17:00:00;80027
30/08/2023;B;17:00:00;10461
31/08/2023;A;17:00:00;79935
31/08/2023;B;17:00:00;10537
9/01/2023;A;17:00:00;74781
9/01/2023;B;17:00:00;10029
9/02/2023;A;17:00:00;32993
9/02/2023;B;17:00:00;4729
9/03/2023;A;17:00:00;20765
9/03/2023;B;17:00:00;3381
9/04/2023;A;17:00:00;81831
9/04/2023;B;17:00:00;10659
9/05/2023;A;17:00:00;84265
9/05/2023;B;17:00:00;11203
9/06/2023;A;17:00:00;81894
9/06/2023;B;17:00:00;10534
9/07/2023;A;17:00:00;84451
9/07/2023;B;17:00:00;10977
9/08/2023;A;17:00:00;75809
9/08/2023;B;17:00:00;9755
9/09/2023;A;17:00:00;33766
9/09/2023;B;17:00:00;4730
9/10/2023;A;17:00:00;21341
9/10/2023;B;17:00:00;3085
9/11/2023;A;17:00:00;81479
9/11/2023;B;17:00:00;10355
9/12/2023;A;17:00:00;82929
9/12/2023;B;17:00:00;10924
13/09/2023;A;17:00:00;83871
13/09/2023;B;17:00:00;10780
14/09/2023;A;17:00:00;83736
14/09/2023;B;17:00:00;11157
15/09/2023;A;17:00:00;75237
15/09/2023;B;17:00:00;10029
16/09/2023;A;17:00:00;37170
16/09/2023;B;17:00:00;4963
17/09/2023;A;17:00:00;22786
17/09/2023;B;17:00:00;3306
18/09/2023;A;17:00:00;82155
18/09/2023;B;17:00:00;10310
19/09/2023;A;17:00:00;84286
19/09/2023;B;17:00:00;10715
20/09/2023;A;17:00:00;83068
20/09/2023;B;17:00:00;10570
21/09/2023;A;17:00:00;81876
21/09/2023;B;17:00:00;10530
22/09/2023;A;17:00:00;74304
22/09/2023;B;17:00:00;9718
23/09/2023;A;17:00:00;32527
23/09/2023;B;17:00:00;4745
24/09/2023;A;17:00:00;20178
24/09/2023;B;17:00:00;2906
25/09/2023;A;17:00:00;81062
25/09/2023;B;17:00:00;10148
26/09/2023;A;17:00:00;83493
26/09/2023;B;17:00:00;10663
27/09/2023;A;17:00:00;81778
27/09/2023;B;17:00:00;10450
28/09/2023;A;17:00:00;82121
28/09/2023;B;17:00:00;10594
29/09/2023;A;17:00:00;72723
29/09/2023;B;17:00:00;9407
30/09/2023;A;17:00:00;35012
30/09/2023;B;17:00:00;5108
10/01/2023;A;17:00:00;20940
10/01/2023;B;17:00:00;3023
10/02/2023;A;17:00:00;82689
10/02/2023;B;17:00:00;10328
10/03/2023;A;17:00:00;84209
10/03/2023;B;17:00:00;10850
10/04/2023;A;17:00:00;83846
10/04/2023;B;17:00:00;10585
10/05/2023;A;17:00:00;84049
10/05/2023;B;17:00:00;10833
10/06/2023;A;17:00:00;80715
10/06/2023;B;17:00:00;10690
10/07/2023;A;17:00:00;33288
10/07/2023;B;17:00:00;5185
10/08/2023;A;17:00:00;19939
10/08/2023;B;17:00:00;3142
10/09/2023;A;17:00:00;83269
10/09/2023;B;17:00:00;10610
10/10/2023;A;17:00:00;84588
10/10/2023;B;17:00:00;10982
10/11/2023;A;17:00:00;84415
10/11/2023;B;17:00:00;11273
10/12/2023;A;17:00:00;81009
10/12/2023;B;17:00:00;10509
13/10/2023;A;17:00:00;75046
13/10/2023;B;17:00:00;9690
14/10/2023;A;17:00:00;34381
14/10/2023;B;17:00:00;5117
15/10/2023;A;17:00:00;21164
15/10/2023;B;17:00:00;3395
16/10/2023;A;17:00:00;21726
16/10/2023;B;17:00:00;3303
17/10/2023;A;17:00:00;86094
17/10/2023;B;17:00:00;11051
18/10/2023;A;17:00:00;82972
18/10/2023;B;17:00:00;10410
19/10/2023;A;17:00:00;82673
19/10/2023;B;17:00:00;11222
20/10/2023;A;17:00:00;78896
20/10/2023;B;17:00:00;10242
21/10/2023;A;17:00:00;33279
21/10/2023;B;17:00:00;4878
22/10/2023;A;17:00:00;20148
22/10/2023;B;17:00:00;3091
23/10/2023;A;17:00:00;82207
23/10/2023;B;17:00:00;10749
24/10/2023;A;17:00:00;84480
24/10/2023;B;17:00:00;10760
25/10/2023;A;17:00:00;84474
25/10/2023;B;17:00:00;11120
26/10/2023;A;17:00:00;80867
26/10/2023;B;17:00:00;9905
27/10/2023;A;17:00:00;76586
27/10/2023;B;17:00:00;10294
28/10/2023;A;17:00:00;30236
28/10/2023;B;17:00:00;4275
29/10/2023;A;17:00:00;16700
29/10/2023;B;17:00:00;2464
30/10/2023;A;17:00:00;81707
30/10/2023;B;17:00:00;10448
31/10/2023;A;17:00:00;81503
31/10/2023;B;17:00:00;10486
11/01/2023;A;17:00:00;84932
11/01/2023;B;17:00:00;11104
11/02/2023;A;17:00:00;84472
11/02/2023;B;17:00:00;11026
11/03/2023;A;17:00:00;76640
11/03/2023;B;17:00:00;10257
11/04/2023;A;17:00:00;37108
11/04/2023;B;17:00:00;6448
11/05/2023;A;17:00:00;21521
11/05/2023;B;17:00:00;4522
11/06/2023;A;17:00:00;21834
11/06/2023;B;17:00:00;3708
11/07/2023;A;17:00:00;83648
11/07/2023;B;17:00:00;11483
11/08/2023;A;17:00:00;84698
11/08/2023;B;17:00:00;10752
11/09/2023;A;17:00:00;83271
11/09/2023;B;17:00:00;10725
11/10/2023;A;17:00:00;76520
11/10/2023;B;17:00:00;10278
11/11/2023;A;17:00:00;32397
11/11/2023;B;17:00:00;4852
11/12/2023;A;17:00:00;20182
11/12/2023;B;17:00:00;3315
13/11/2023;A;17:00:00;19691
13/11/2023;B;17:00:00;3199
14/11/2023;A;17:00:00;85839
14/11/2023;B;17:00:00;10776
15/11/2023;A;17:00:00;83794
15/11/2023;B;17:00:00;10706
16/11/2023;A;17:00:00;84739
16/11/2023;B;17:00:00;10467
17/11/2023;A;17:00:00;78194
17/11/2023;B;17:00:00;10079
18/11/2023;A;17:00:00;36596
18/11/2023;B;17:00:00;4833
19/11/2023;A;17:00:00;21730
19/11/2023;B;17:00:00;3317
20/11/2023;A;17:00:00;83199
20/11/2023;B;17:00:00;10536
21/11/2023;A;17:00:00;85273
21/11/2023;B;17:00:00;11240
22/11/2023;A;17:00:00;85201
22/11/2023;B;17:00:00;10602
23/11/2023;A;17:00:00;85949
23/11/2023;B;17:00:00;11019
24/11/2023;A;17:00:00;75154
24/11/2023;B;17:00:00;7579
25/11/2023;A;17:00:00;35438
25/11/2023;B;17:00:00;5045
26/11/2023;A;17:00:00;22100
26/11/2023;B;17:00:00;3302
27/11/2023;A;17:00:00;81899
27/11/2023;B;17:00:00;10281
28/11/2023;A;17:00:00;83970
28/11/2023;B;17:00:00;10272
29/11/2023;A;17:00:00;83030
29/11/2023;B;17:00:00;10391
30/11/2023;A;17:00:00;82498
30/11/2023;B;17:00:00;10300
12/01/2023;A;17:00:00;76278
12/01/2023;B;17:00:00;9898
12/02/2023;A;17:00:00;38832
12/02/2023;B;17:00:00;5400
12/03/2023;A;17:00:00;25817
12/03/2023;B;17:00:00;3591
12/04/2023;A;17:00:00;83618
12/04/2023;B;17:00:00;10089
12/05/2023;A;17:00:00;84609
12/05/2023;B;17:00:00;10462
12/06/2023;A;17:00:00;83777
12/06/2023;B;17:00:00;10606
12/07/2023;A;17:00:00;77696
12/07/2023;B;17:00:00;9822
12/08/2023;A;17:00:00;28041
12/08/2023;B;17:00:00;4188
12/09/2023;A;17:00:00;36521
12/09/2023;B;17:00:00;5532
12/10/2023;A;17:00:00;24659
12/10/2023;B;17:00:00;3395
12/11/2023;A;17:00:00;83905
12/11/2023;B;17:00:00;10173
12/12/2023;A;17:00:00;84347
12/12/2023;B;17:00:00;10218
13/12/2023;A;17:00:00;87134
13/12/2023;B;17:00:00;10573
14/12/2023;A;17:00:00;165612
14/12/2023;B;17:00:00;20154
15/12/2023;A;17:00:00;73567
15/12/2023;B;17:00:00;9552
16/12/2023;A;17:00:00;41976
16/12/2023;B;17:00:00;5836
17/12/2023;A;17:00:00;31790
17/12/2023;B;17:00:00;4121
18/12/2023;A;17:00:00;81179
18/12/2023;B;17:00:00;9823
19/12/2023;A;17:00:00;83497
19/12/2023;B;17:00:00;10095
20/12/2023;A;17:00:00;82393
20/12/2023;B;17:00:00;9998
21/12/2023;A;17:00:00;77974
21/12/2023;B;17:00:00;9611
22/12/2023;A;17:00:00;67511
22/12/2023;B;17:00:00;8242
23/12/2023;A;17:00:00;37552
23/12/2023;B;17:00:00;4507
24/12/2023;A;17:00:00;24056
24/12/2023;B;17:00:00;3136
25/12/2023;A;17:00:00;18447
25/12/2023;B;17:00:00;2715
26/12/2023;A;17:00:00;67356
26/12/2023;B;17:00:00;8200
27/12/2023;A;17:00:00;67585
27/12/2023;B;17:00:00;8445
28/12/2023;A;17:00:00;64786
28/12/2023;B;17:00:00;8476
29/12/2023;A;17:00:00;53501
29/12/2023;B;17:00:00;6812
30/12/2023;A;17:00:00;30457
30/12/2023;B;17:00:00;4142
31/12/2023;A;17:00:00;20818
31/12/2023;B;17:00:00;3151
1/01/2024;A;17:00:00;15376
1/01/2024;B;17:00:00;2587
2/01/2024;A;17:00:00;50130
2/01/2024;B;17:00:00;6697
3/01/2024;A;17:00:00;57211
3/01/2024;B;17:00:00;7309
4/01/2024;A;17:00:00;57868
4/01/2024;B;17:00:00;7797
5/01/2024;A;17:00:00;53883
5/01/2024;B;17:00:00;7401
6/01/2024;A;17:00:00;27467
6/01/2024;B;17:00:00;4759
7/01/2024;A;17:00:00;20562
7/01/2024;B;17:00:00;4077
8/01/2024;A;17:00:00;20084
8/01/2024;B;17:00:00;3434
9/01/2024;A;17:00:00;67723
9/01/2024;B;17:00:00;8199
10/01/2024;A;17:00:00;68782
10/01/2024;B;17:00:00;8393
11/01/2024;A;17:00:00;67661
11/01/2024;B;17:00:00;8604
12/01/2024;A;17:00:00;64043
12/01/2024;B;17:00:00;8135
13/01/2024;A;17:00:00;26926
13/01/2024;B;17:00:00;3891
14/01/2024;A;17:00:00;18586
14/01/2024;B;17:00:00;3075
15/01/2024;A;17:00:00;73897
15/01/2024;B;17:00:00;8842
16/01/2024;A;17:00:00;77178
16/01/2024;B;17:00:00;9476
17/01/2024;A;17:00:00;76743
17/01/2024;B;17:00:00;9438
18/01/2024;A;17:00:00;76179
18/01/2024;B;17:00:00;9490
19/01/2024;A;17:00:00;68913
19/01/2024;B;17:00:00;8814
20/01/2024;A;17:00:00;28702
20/01/2024;B;17:00:00;4308
21/01/2024;A;17:00:00;18792
21/01/2024;B;17:00:00;3044
22/01/2024;A;17:00:00;78223
22/01/2024;B;17:00:00;9642
23/01/2024;A;17:00:00;77885
23/01/2024;B;17:00:00;9936
24/01/2024;A;17:00:00;78643
24/01/2024;B;17:00:00;10001
25/01/2024;A;17:00:00;79585
25/01/2024;B;17:00:00;10179
26/01/2024;A;17:00:00;72131
26/01/2024;B;17:00:00;9149
27/01/2024;A;17:00:00;29352
27/01/2024;B;17:00:00;3902
28/01/2024;A;17:00:00;18628
28/01/2024;B;17:00:00;2942
29/01/2024;A;17:00:00;78885
29/01/2024;B;17:00:00;9805
30/01/2024;A;17:00:00;79272
30/01/2024;B;17:00:00;9942
31/01/2024;A;17:00:00;79147
31/01/2024;B;17:00:00;9974
1/02/2024;A;17:00:00;78131
1/02/2024;B;17:00:00;9946
2/02/2024;A;17:00:00;73489
2/02/2024;B;17:00:00;9493
3/02/2024;A;17:00:00;30505
3/02/2024;B;17:00:00;4436
4/02/2024;A;17:00:00;19338
4/02/2024;B;17:00:00;3123
5/02/2024;A;17:00:00;82015
5/02/2024;B;17:00:00;10743
6/02/2024;A;17:00:00;82910
6/02/2024;B;17:00:00;10928
7/02/2024;A;17:00:00;83256
7/02/2024;B;17:00:00;10904
8/02/2024;A;17:00:00;82111
8/02/2024;B;17:00:00;10948
9/02/2024;A;17:00:00;75178
9/02/2024;B;17:00:00;10401
10/02/2024;A;17:00:00;29517
10/02/2024;B;17:00:00;4334
11/02/2024;A;17:00:00;19436
11/02/2024;B;17:00:00;3158
12/02/2024;A;17:00:00;82355
12/02/2024;B;17:00:00;10537
13/02/2024;A;17:00:00;83456
13/02/2024;B;17:00:00;10925
14/02/2024;A;17:00:00;83144
14/02/2024;B;17:00:00;11027
15/02/2024;A;17:00:00;80478
15/02/2024;B;17:00:00;10866
16/02/2024;A;17:00:00;74515
16/02/2024;B;17:00:00;10140
17/02/2024;A;17:00:00;31331
17/02/2024;B;17:00:00;4721
18/02/2024;A;17:00:00;19343
18/02/2024;B;17:00:00;3003
19/02/2024;A;17:00:00;81414
19/02/2024;B;17:00:00;10634
20/02/2024;A;17:00:00;84479
20/02/2024;B;17:00:00;11270
21/02/2024;A;17:00:00;83827
21/02/2024;B;17:00:00;10954
22/02/2024;A;17:00:00;84292
22/02/2024;B;17:00:00;11235
23/02/2024;A;17:00:00;75725
23/02/2024;B;17:00:00;10334
24/02/2024;A;17:00:00;30464
24/02/2024;B;17:00:00;4754
25/02/2024;A;17:00:00;18986
25/02/2024;B;17:00:00;2996
26/02/2024;A;17:00:00;77353
26/02/2024;B;17:00:00;11376
27/02/2024;A;17:00:00;84275
27/02/2024;B;17:00:00;11064
28/02/2024;A;17:00:00;83000
28/02/2024;B;17:00:00;10738
29/02/2024;A;17:00:00;80773
29/02/2024;B;17:00:00;10794
1/03/2024;A;17:00:00;76111
1/03/2024;B;17:00:00;10212
2/03/2024;A;17:00:00;33150
2/03/2024;B;17:00:00;4626
3/03/2024;A;17:00:00;20212
3/03/2024;B;17:00:00;3312
4/03/2024;A;17:00:00;83679
4/03/2024;B;17:00:00;10850
5/03/2024;A;17:00:00;83872
5/03/2024;B;17:00:00;10821
6/03/2024;A;17:00:00;82589
6/03/2024;B;17:00:00;10781
7/03/2024;A;17:00:00;81270
7/03/2024;B;17:00:00;10880
8/03/2024;A;17:00:00;77626
8/03/2024;B;17:00:00;10194
9/03/2024;A;17:00:00;31164
9/03/2024;B;17:00:00;4380
10/03/2024;A;17:00:00;18169
10/03/2024;B;17:00:00;2783
11/03/2024;A;17:00:00;82604
11/03/2024;B;17:00:00;10587
12/03/2024;A;17:00:00;82768
12/03/2024;B;17:00:00;10883
13/03/2024;A;17:00:00;82578
13/03/2024;B;17:00:00;10746
14/03/2024;A;17:00:00;81920
14/03/2024;B;17:00:00;10930
15/03/2024;A;17:00:00;73830
15/03/2024;B;17:00:00;10326
16/03/2024;A;17:00:00;33227
16/03/2024;B;17:00:00;4527
17/03/2024;A;17:00:00;19934
17/03/2024;B;17:00:00;2947
18/03/2024;A;17:00:00;81793
18/03/2024;B;17:00:00;10585
19/03/2024;A;17:00:00;83319
19/03/2024;B;17:00:00;10672
20/03/2024;A;17:00:00;78646
20/03/2024;B;17:00:00;10627
21/03/2024;A;17:00:00;81694
21/03/2024;B;17:00:00;10806
22/03/2024;A;17:00:00;73038
22/03/2024;B;17:00:00;9756
23/03/2024;A;17:00:00;31217
23/03/2024;B;17:00:00;4527
24/03/2024;A;17:00:00;17819
24/03/2024;B;17:00:00;3027
25/03/2024;A;17:00:00;19019
25/03/2024;B;17:00:00;3319
26/03/2024;A;17:00:00;56602
26/03/2024;B;17:00:00;7450
27/03/2024;A;17:00:00;50946
27/03/2024;B;17:00:00;6515
28/03/2024;A;17:00:00;16244
28/03/2024;B;17:00:00;3295
29/03/2024;A;17:00:00;14754
29/03/2024;B;17:00:00;2844
30/03/2024;A;17:00:00;24375
30/03/2024;B;17:00:00;3526
31/03/2024;A;17:00:00;18649
31/03/2024;B;17:00:00;2412
1/04/2024;A;17:00:00;79659
1/04/2024;B;17:00:00;9829
2/04/2024;A;17:00:00;83160
2/04/2024;B;17:00:00;10705
3/04/2024;A;17:00:00;82808
3/04/2024;B;17:00:00;10741
4/04/2024;A;17:00:00;81512
4/04/2024;B;17:00:00;10586
5/04/2024;A;17:00:00;74129
5/04/2024;B;17:00:00;9919
6/04/2024;A;17:00:00;30085
6/04/2024;B;17:00:00;4378
7/04/2024;A;17:00:00;18659
7/04/2024;B;17:00:00;3011
8/04/2024;A;17:00:00;80276
8/04/2024;B;17:00:00;10158
9/04/2024;A;17:00:00;82329
9/04/2024;B;17:00:00;10557
10/04/2024;A;17:00:00;80686
10/04/2024;B;17:00:00;10582
11/04/2024;A;17:00:00;80696
11/04/2024;B;17:00:00;10442
12/04/2024;A;17:00:00;72139
12/04/2024;B;17:00:00;9611
13/04/2024;A;17:00:00;29003
13/04/2024;B;17:00:00;4169
14/04/2024;A;17:00:00;18784
14/04/2024;B;17:00:00;2970
15/04/2024;A;17:00:00;80650
15/04/2024;B;17:00:00;10008
16/04/2024;A;17:00:00;80519
16/04/2024;B;17:00:00;10715
17/04/2024;A;17:00:00;84570
17/04/2024;B;17:00:00;11135
18/04/2024;A;17:00:00;70131
18/04/2024;B;17:00:00;10701
19/04/2024;A;17:00:00;74726
19/04/2024;B;17:00:00;9754
20/04/2024;A;17:00:00;30935
20/04/2024;B;17:00:00;4407
21/04/2024;A;17:00:00;19664
21/04/2024;B;17:00:00;2932
22/04/2024;A;17:00:00;82756
22/04/2024;B;17:00:00;10514
23/04/2024;A;17:00:00;84978
23/04/2024;B;17:00:00;11101
24/04/2024;A;17:00:00;83706
24/04/2024;B;17:00:00;11083
25/04/2024;A;17:00:00;83513
25/04/2024;B;17:00:00;10911
26/04/2024;A;17:00:00;73784
26/04/2024;B;17:00:00;9902
27/04/2024;A;17:00:00;32317
27/04/2024;B;17:00:00;4576
28/04/2024;A;17:00:00;18387
28/04/2024;B;17:00:00;2785
29/04/2024;A;17:00:00;82911
29/04/2024;B;17:00:00;10595
30/04/2024;A;17:00:00;79924
30/04/2024;B;17:00:00;10158
1/05/2024;A;17:00:00;19649
1/05/2024;B;17:00:00;2946
2/05/2024;A;17:00:00;83611
2/05/2024;B;17:00:00;10964
3/05/2024;A;17:00:00;76249
3/05/2024;B;17:00:00;10010
4/05/2024;A;17:00:00;34344
4/05/2024;B;17:00:00;4838
5/05/2024;A;17:00:00;20142
5/05/2024;B;17:00:00;3377
6/05/2024;A;17:00:00;81977
6/05/2024;B;17:00:00;10499
7/05/2024;A;17:00:00;84073
7/05/2024;B;17:00:00;10682
8/05/2024;A;17:00:00;83530
8/05/2024;B;17:00:00;10828
9/05/2024;A;17:00:00;84074
9/05/2024;B;17:00:00;11145
10/05/2024;A;17:00:00;74174
10/05/2024;B;17:00:00;9962
11/05/2024;A;17:00:00;32841
11/05/2024;B;17:00:00;4623
12/05/2024;A;17:00:00;17285
12/05/2024;B;17:00:00;2932
13/05/2024;A;17:00:00;18780
13/05/2024;B;17:00:00;2770
14/05/2024;A;17:00:00;84573
14/05/2024;B;17:00:00;10854
15/05/2024;A;17:00:00;83240
15/05/2024;B;17:00:00;10697
16/05/2024;A;17:00:00;83494
16/05/2024;B;17:00:00;10507
17/05/2024;A;17:00:00;75566
17/05/2024;B;17:00:00;9808
18/05/2024;A;17:00:00;31537
18/05/2024;B;17:00:00;4562
19/05/2024;A;17:00:00;19754
19/05/2024;B;17:00:00;2902
20/05/2024;A;17:00:00;81712
20/05/2024;B;17:00:00;10470
21/05/2024;A;17:00:00;84499
21/05/2024;B;17:00:00;11167
22/05/2024;A;17:00:00;79439
22/05/2024;B;17:00:00;10736
23/05/2024;A;17:00:00;81098
23/05/2024;B;17:00:00;10389
24/05/2024;A;17:00:00;73492
24/05/2024;B;17:00:00;9689
25/05/2024;A;17:00:00;30107
25/05/2024;B;17:00:00;4512
26/05/2024;A;17:00:00;19331
26/05/2024;B;17:00:00;3225
27/05/2024;A;17:00:00;80385
27/05/2024;B;17:00:00;10236
28/05/2024;A;17:00:00;83296
28/05/2024;B;17:00:00;10636
29/05/2024;A;17:00:00;85074
29/05/2024;B;17:00:00;10971
30/05/2024;A;17:00:00;79496
30/05/2024;B;17:00:00;11249
31/05/2024;A;17:00:00;72262
31/05/2024;B;17:00:00;9394
1/06/2024;A;17:00:00;31444
1/06/2024;B;17:00:00;4513
2/06/2024;A;17:00:00;18482
2/06/2024;B;17:00:00;3450
3/06/2024;A;17:00:00;19542
3/06/2024;B;17:00:00;2935
4/06/2024;A;17:00:00;83937
4/06/2024;B;17:00:00;10948
5/06/2024;A;17:00:00;82023
5/06/2024;B;17:00:00;10331
6/06/2024;A;17:00:00;82059
6/06/2024;B;17:00:00;10762
7/06/2024;A;17:00:00;74013
7/06/2024;B;17:00:00;9655
8/06/2024;A;17:00:00;29957
8/06/2024;B;17:00:00;4240
9/06/2024;A;17:00:00;17659
9/06/2024;B;17:00:00;2742
10/06/2024;A;17:00:00;19180
10/06/2024;B;17:00:00;2844
11/06/2024;A;17:00:00;82287
11/06/2024;B;17:00:00;10386
12/06/2024;A;17:00:00;80720
12/06/2024;B;17:00:00;10216
13/06/2024;A;17:00:00;80912
13/06/2024;B;17:00:00;10559
14/06/2024;A;17:00:00;75912
14/06/2024;B;17:00:00;9750
15/06/2024;A;17:00:00;34034
15/06/2024;B;17:00:00;4377
16/06/2024;A;17:00:00;20128
16/06/2024;B;17:00:00;2996
17/06/2024;A;17:00:00;79936
17/06/2024;B;17:00:00;9903
18/06/2024;A;17:00:00;83197
18/06/2024;B;17:00:00;9946
19/06/2024;A;17:00:00;80012
19/06/2024;B;17:00:00;10151
20/06/2024;A;17:00:00;81271
20/06/2024;B;17:00:00;10206
21/06/2024;A;17:00:00;72958
21/06/2024;B;17:00:00;9501
22/06/2024;A;17:00:00;32001
22/06/2024;B;17:00:00;4635
23/06/2024;A;17:00:00;19645
23/06/2024;B;17:00:00;3004
24/06/2024;A;17:00:00;73848
24/06/2024;B;17:00:00;9014
25/06/2024;A;17:00:00;84483
25/06/2024;B;17:00:00;9441
26/06/2024;A;17:00:00;80773
26/06/2024;B;17:00:00;10095
27/06/2024;A;17:00:00;78520
27/06/2024;B;17:00:00;9744
28/06/2024;A;17:00:00;65670
28/06/2024;B;17:00:00;8285
29/06/2024;A;17:00:00;33779
29/06/2024;B;17:00:00;4576
30/06/2024;A;17:00:00;18167
30/06/2024;B;17:00:00;8309
1/07/2024;A;17:00:00;21350
1/07/2024;B;17:00:00;3096
2/07/2024;A;17:00:00;81506
2/07/2024;B;17:00:00;9887
3/07/2024;A;17:00:00;80126
3/07/2024;B;17:00:00;9979
4/07/2024;A;17:00:00;79313
4/07/2024;B;17:00:00;10063
5/07/2024;A;17:00:00;73218
5/07/2024;B;17:00:00;8976
6/07/2024;A;17:00:00;29723
6/07/2024;B;17:00:00;3663
7/07/2024;A;17:00:00;19720
7/07/2024;B;17:00:00;2925
8/07/2024;A;17:00:00;79823
8/07/2024;B;17:00:00;10059
9/07/2024;A;17:00:00;81895
9/07/2024;B;17:00:00;10413
10/07/2024;A;17:00:00;86110
10/07/2024;B;17:00:00;10756
11/07/2024;A;17:00:00;80917
11/07/2024;B;17:00:00;10648
12/07/2024;A;17:00:00;76928
12/07/2024;B;17:00:00;10468
13/07/2024;A;17:00:00;31666
13/07/2024;B;17:00:00;4628
14/07/2024;A;17:00:00;25592
14/07/2024;B;17:00:00;4219
15/07/2024;A;17:00:00;73039
15/07/2024;B;17:00:00;9147
16/07/2024;A;17:00:00;77596
16/07/2024;B;17:00:00;10084
17/07/2024;A;17:00:00;80833
17/07/2024;B;17:00:00;10175
18/07/2024;A;17:00:00;80204
18/07/2024;B;17:00:00;10724
19/07/2024;A;17:00:00;70567
19/07/2024;B;17:00:00;9331
20/07/2024;A;17:00:00;25165
20/07/2024;B;17:00:00;3685
21/07/2024;A;17:00:00;19724
21/07/2024;B;17:00:00;2974
22/07/2024;A;17:00:00;79991
22/07/2024;B;17:00:00;10071
23/07/2024;A;17:00:00;81327
23/07/2024;B;17:00:00;10699
24/07/2024;A;17:00:00;81829
24/07/2024;B;17:00:00;10571
25/07/2024;A;17:00:00;80233
25/07/2024;B;17:00:00;10469
26/07/2024;A;17:00:00;72005
26/07/2024;B;17:00:00;9558
27/07/2024;A;17:00:00;29851
27/07/2024;B;17:00:00;4548
28/07/2024;A;17:00:00;19032
28/07/2024;B;17:00:00;2945
29/07/2024;A;17:00:00;80551
29/07/2024;B;17:00:00;10650
30/07/2024;A;17:00:00;82912
30/07/2024;B;17:00:00;10809
31/07/2024;A;17:00:00;81535
31/07/2024;B;17:00:00;10472
1/08/2024;A;17:00:00;80991
1/08/2024;B;17:00:00;10989
2/08/2024;A;17:00:00;73186
2/08/2024;B;17:00:00;9774
3/08/2024;A;17:00:00;32733
3/08/2024;B;17:00:00;4904
4/08/2024;A;17:00:00;20724
4/08/2024;B;17:00:00;3042
5/08/2024;A;17:00:00;83988
5/08/2024;B;17:00:00;10925
6/08/2024;A;17:00:00;86342
6/08/2024;B;17:00:00;11471
7/08/2024;A;17:00:00;23181
7/08/2024;B;17:00:00;3344
8/08/2024;A;17:00:00;85712
8/08/2024;B;17:00:00;11794
9/08/2024;A;17:00:00;77150
9/08/2024;B;17:00:00;10607
10/08/2024;A;17:00:00;36540
10/08/2024;B;17:00:00;8057
11/08/2024;A;17:00:00;23908
11/08/2024;B;17:00:00;4063
12/08/2024;A;17:00:00;84828
12/08/2024;B;17:00:00;11176
13/08/2024;A;17:00:00;86111
13/08/2024;B;17:00:00;11261
14/08/2024;A;17:00:00;74347
14/08/2024;B;17:00:00;10907
15/08/2024;A;17:00:00;81691
15/08/2024;B;17:00:00;11041
16/08/2024;A;17:00:00;74527
16/08/2024;B;17:00:00;10056
17/08/2024;A;17:00:00;32638
17/08/2024;B;17:00:00;5008
18/08/2024;A;17:00:00;22006
18/08/2024;B;17:00:00;3834
19/08/2024;A;17:00:00;20832
19/08/2024;B;17:00:00;2949
20/08/2024;A;17:00:00;84744
20/08/2024;B;17:00:00;11311
21/08/2024;A;17:00:00;84726
21/08/2024;B;17:00:00;11215
22/08/2024;A;17:00:00;83965
22/08/2024;B;17:00:00;11290
23/08/2024;A;17:00:00;76567
23/08/2024;B;17:00:00;10203
24/08/2024;A;17:00:00;30699
24/08/2024;B;17:00:00;4339
25/08/2024;A;17:00:00;19527
25/08/2024;B;17:00:00;2885
26/08/2024;A;17:00:00;83287
26/08/2024;B;17:00:00;10506
27/08/2024;A;17:00:00;84939
27/08/2024;B;17:00:00;10890
28/08/2024;A;17:00:00;84468
28/08/2024;B;17:00:00;10432
29/08/2024;A;17:00:00;82549
29/08/2024;B;17:00:00;10573
30/08/2024;A;17:00:00;73661
30/08/2024;B;17:00:00;9677
31/08/2024;A;17:00:00;35268
31/08/2024;B;17:00:00;4716
1/09/2024;A;17:00:00;20481
1/09/2024;B;17:00:00;3078
2/09/2024;A;17:00:00;82776
2/09/2024;B;17:00:00;10723
3/09/2024;A;17:00:00;86168
3/09/2024;B;17:00:00;11144
4/09/2024;A;17:00:00;80555
4/09/2024;B;17:00:00;10695
5/09/2024;A;17:00:00;77022
5/09/2024;B;17:00:00;10290
6/09/2024;A;17:00:00;69624
6/09/2024;B;17:00:00;9444
7/09/2024;A;17:00:00;32025
7/09/2024;B;17:00:00;4401
8/09/2024;A;17:00:00;20589
8/09/2024;B;17:00:00;3029
9/09/2024;A;17:00:00;83925
9/09/2024;B;17:00:00;10529
10/09/2024;A;17:00:00;82413
10/09/2024;B;17:00:00;10449
11/09/2024;A;17:00:00;84882
11/09/2024;B;17:00:00;11027
12/09/2024;A;17:00:00;83022
12/09/2024;B;17:00:00;11058
13/09/2024;A;17:00:00;74455
13/09/2024;B;17:00:00;10125
14/09/2024;A;17:00:00;33007
14/09/2024;B;17:00:00;4539
15/09/2024;A;17:00:00;23136
15/09/2024;B;17:00:00;3109
16/09/2024;A;17:00:00;82582
16/09/2024;B;17:00:00;10453
17/09/2024;A;17:00:00;85094
17/09/2024;B;17:00:00;11107
18/09/2024;A;17:00:00;84641
18/09/2024;B;17:00:00;10815
19/09/2024;A;17:00:00;84644
19/09/2024;B;17:00:00;10787
20/09/2024;A;17:00:00;75412
20/09/2024;B;17:00:00;10337
21/09/2024;A;17:00:00;32836
21/09/2024;B;17:00:00;4415
22/09/2024;A;17:00:00;18666
22/09/2024;B;17:00:00;2784
23/09/2024;A;17:00:00;84813
23/09/2024;B;17:00:00;10491
24/09/2024;A;17:00:00;84559
24/09/2024;B;17:00:00;10704
25/09/2024;A;17:00:00;87612
25/09/2024;B;17:00:00;11110
26/09/2024;A;17:00:00;87376
26/09/2024;B;17:00:00;11107
27/09/2024;A;17:00:00;72204
27/09/2024;B;17:00:00;9285
28/09/2024;A;17:00:00;31683
28/09/2024;B;17:00:00;4617
29/09/2024;A;17:00:00;18602
29/09/2024;B;17:00:00;2867
30/09/2024;A;17:00:00;83063
30/09/2024;B;17:00:00;10268
1/10/2024;A;17:00:00;85424
1/10/2024;B;17:00:00;10829
2/10/2024;A;17:00:00;85587
2/10/2024;B;17:00:00;10556
3/10/2024;A;17:00:00;83260
3/10/2024;B;17:00:00;10915
4/10/2024;A;17:00:00;74233
4/10/2024;B;17:00:00;9288
5/10/2024;A;17:00:00;33724
5/10/2024;B;17:00:00;4814
6/10/2024;A;17:00:00;20073
6/10/2024;B;17:00:00;5088
7/10/2024;A;17:00:00;80644
7/10/2024;B;17:00:00;10978
8/10/2024;A;17:00:00;86656
8/10/2024;B;17:00:00;10917
9/10/2024;A;17:00:00;86715
9/10/2024;B;17:00:00;11308
10/10/2024;A;17:00:00;84746
10/10/2024;B;17:00:00;11014
11/10/2024;A;17:00:00;73755
11/10/2024;B;17:00:00;9563
12/10/2024;A;17:00:00;32859
12/10/2024;B;17:00:00;4715
13/10/2024;A;17:00:00;19580
13/10/2024;B;17:00:00;3086
14/10/2024;A;17:00:00;20262
14/10/2024;B;17:00:00;2879
15/10/2024;A;17:00:00;87312
15/10/2024;B;17:00:00;11325
16/10/2024;A;17:00:00;85439
16/10/2024;B;17:00:00;10799
17/10/2024;A;17:00:00;84239
17/10/2024;B;17:00:00;11212
18/10/2024;A;17:00:00;76946
18/10/2024;B;17:00:00;10023
19/10/2024;A;17:00:00;35917
19/10/2024;B;17:00:00;5034
20/10/2024;A;17:00:00;20663
20/10/2024;B;17:00:00;2919
21/10/2024;A;17:00:00;47222
21/10/2024;B;17:00:00;9560
22/10/2024;A;17:00:00;84195
22/10/2024;B;17:00:00;10899
23/10/2024;A;17:00:00;86709
23/10/2024;B;17:00:00;11123
24/10/2024;A;17:00:00;83704
24/10/2024;B;17:00:00;10986
25/10/2024;A;17:00:00;75133
25/10/2024;B;17:00:00;9995
26/10/2024;A;17:00:00;32594
26/10/2024;B;17:00:00;4952
27/10/2024;A;17:00:00;20032
27/10/2024;B;17:00:00;2965
28/10/2024;A;17:00:00;85716
28/10/2024;B;17:00:00;10786
29/10/2024;A;17:00:00;87024
29/10/2024;B;17:00:00;11501
30/10/2024;A;17:00:00;87648
30/10/2024;B;17:00:00;11211
31/10/2024;A;17:00:00;77290
31/10/2024;B;17:00:00;9906
1/01/2019;A;18:00:00;20248
2/01/2019;A;18:00:00;47621
3/01/2019;A;18:00:00;50230
4/01/2019;A;18:00:00;50314
5/01/2019;A;18:00:00;30747
6/01/2019;A;18:00:00;26052
7/01/2019;A;18:00:00;23823
8/01/2019;A;18:00:00;52635
9/01/2019;A;18:00:00;54036
10/01/2019;A;18:00:00;54741
11/01/2019;A;18:00:00;53218
12/01/2019;A;18:00:00;29931
13/01/2019;A;18:00:00;22915
14/01/2019;A;18:00:00;55967
15/01/2019;A;18:00:00;60581
16/01/2019;A;18:00:00;61075
17/01/2019;A;18:00:00;61366
18/01/2019;A;18:00:00;57745
19/01/2019;A;18:00:00;30541
20/01/2019;A;18:00:00;23568
21/01/2019;A;18:00:00;60816
22/01/2019;A;18:00:00;60909
23/01/2019;A;18:00:00;61403
24/01/2019;A;18:00:00;59603
25/01/2019;A;18:00:00;57582
26/01/2019;A;18:00:00;30280
27/01/2019;A;18:00:00;22715
28/01/2019;A;18:00:00;59415
29/01/2019;A;18:00:00;63289
30/01/2019;A;18:00:00;62046
31/01/2019;A;18:00:00;61910
1/02/2019;A;18:00:00;57349
2/02/2019;A;18:00:00;33115
3/02/2019;A;18:00:00;24525
4/02/2019;A;18:00:00;62183
5/02/2019;A;18:00:00;63304
6/02/2019;A;18:00:00;60487
7/02/2019;A;18:00:00;60152
8/02/2019;A;18:00:00;58812
9/02/2019;A;18:00:00;32169
10/02/2019;A;18:00:00;22047
11/02/2019;A;18:00:00;61830
12/02/2019;A;18:00:00;61631
13/02/2019;A;18:00:00;61418
14/02/2019;A;18:00:00;64049
15/02/2019;A;18:00:00;57492
16/02/2019;A;18:00:00;31724
17/02/2019;A;18:00:00;25166
18/02/2019;A;18:00:00;63062
19/02/2019;A;18:00:00;64733
20/02/2019;A;18:00:00;61578
21/02/2019;A;18:00:00;64851
22/02/2019;A;18:00:00;58871
23/02/2019;A;18:00:00;29062
24/02/2019;A;18:00:00;21514
25/02/2019;A;18:00:00;63977
26/02/2019;A;18:00:00;61818
27/02/2019;A;18:00:00;63005
28/02/2019;A;18:00:00;65157
1/03/2019;A;18:00:00;61329
2/03/2019;A;18:00:00;33750
3/03/2019;A;18:00:00;22653
4/03/2019;A;18:00:00;65719
5/03/2019;A;18:00:00;66465
6/03/2019;A;18:00:00;65246
7/03/2019;A;18:00:00;64653
8/03/2019;A;18:00:00;64655
9/03/2019;A;18:00:00;31589
10/03/2019;A;18:00:00;21117
11/03/2019;A;18:00:00;62377
12/03/2019;A;18:00:00;61870
13/03/2019;A;18:00:00;63812
14/03/2019;A;18:00:00;61243
15/03/2019;A;18:00:00;60173
16/03/2019;A;18:00:00;33754
17/03/2019;A;18:00:00;24361
18/03/2019;A;18:00:00;66626
19/03/2019;A;18:00:00;67372
20/03/2019;A;18:00:00;66003
21/03/2019;A;18:00:00;60699
22/03/2019;A;18:00:00;65456
23/03/2019;A;18:00:00;31418
24/03/2019;A;18:00:00;18387
25/03/2019;A;18:00:00;20132
26/03/2019;A;18:00:00;63670
27/03/2019;A;18:00:00;65360
28/03/2019;A;18:00:00;62497
29/03/2019;A;18:00:00;64707
30/03/2019;A;18:00:00;36227
31/03/2019;A;18:00:00;23867
1/04/2019;A;18:00:00;59915
2/04/2019;A;18:00:00;65729
3/04/2019;A;18:00:00;62864
4/04/2019;A;18:00:00;63320
5/04/2019;A;18:00:00;56867
6/04/2019;A;18:00:00;31528
7/04/2019;A;18:00:00;22058
8/04/2019;A;18:00:00;61107
9/04/2019;A;18:00:00;63151
10/04/2019;A;18:00:00;63570
11/04/2019;A;18:00:00;65341
12/04/2019;A;18:00:00;60612
13/04/2019;A;18:00:00;32817
14/04/2019;A;18:00:00;19681
15/04/2019;A;18:00:00;57077
16/04/2019;A;18:00:00;55621
17/04/2019;A;18:00:00;46250
18/04/2019;A;18:00:00;20740
19/04/2019;A;18:00:00;17028
20/04/2019;A;18:00:00;21861
21/04/2019;A;18:00:00;20293
22/04/2019;A;18:00:00;64487
23/04/2019;A;18:00:00;66366
24/04/2019;A;18:00:00;62306
25/04/2019;A;18:00:00;77168
26/04/2019;A;18:00:00;62655
27/04/2019;A;18:00:00;31369
28/04/2019;A;18:00:00;23193
29/04/2019;A;18:00:00;62536
30/04/2019;A;18:00:00;66477
1/05/2019;A;18:00:00;24628
2/05/2019;A;18:00:00;65970
3/05/2019;A;18:00:00;61339
4/05/2019;A;18:00:00;34814
5/05/2019;A;18:00:00;24341
6/05/2019;A;18:00:00;64522
7/05/2019;A;18:00:00;65593
8/05/2019;A;18:00:00;63903
9/05/2019;A;18:00:00;64330
10/05/2019;A;18:00:00;62810
11/05/2019;A;18:00:00;32947
12/05/2019;A;18:00:00;22530
13/05/2019;A;18:00:00;62555
14/05/2019;A;18:00:00;64037
15/05/2019;A;18:00:00;64113
16/05/2019;A;18:00:00;62888
17/05/2019;A;18:00:00;60514
18/05/2019;A;18:00:00;34552
19/05/2019;A;18:00:00;21210
20/05/2019;A;18:00:00;62128
21/05/2019;A;18:00:00;62665
22/05/2019;A;18:00:00;63343
23/05/2019;A;18:00:00;63271
24/05/2019;A;18:00:00;58931
25/05/2019;A;18:00:00;30664
26/05/2019;A;18:00:00;22773
27/05/2019;A;18:00:00;64312
28/05/2019;A;18:00:00;62286
29/05/2019;A;18:00:00;67575
30/05/2019;A;18:00:00;64844
31/05/2019;A;18:00:00;59168
1/06/2019;A;18:00:00;32709
2/06/2019;A;18:00:00;21314
3/06/2019;A;18:00:00;22043
4/06/2019;A;18:00:00;69393
5/06/2019;A;18:00:00;64513
6/06/2019;A;18:00:00;63726
7/06/2019;A;18:00:00;60667
8/06/2019;A;18:00:00;31648
9/06/2019;A;18:00:00;21938
10/06/2019;A;18:00:00;63388
11/06/2019;A;18:00:00;63945
12/06/2019;A;18:00:00;63050
13/06/2019;A;18:00:00;64031
14/06/2019;A;18:00:00;60446
15/06/2019;A;18:00:00;28596
16/06/2019;A;18:00:00;23674
17/06/2019;A;18:00:00;62953
18/06/2019;A;18:00:00;63946
19/06/2019;A;18:00:00;56109
20/06/2019;A;18:00:00;63460
21/06/2019;A;18:00:00;59765
22/06/2019;A;18:00:00;32554
23/06/2019;A;18:00:00;22466
24/06/2019;A;18:00:00;23055
25/06/2019;A;18:00:00;63245
26/06/2019;A;18:00:00;64567
27/06/2019;A;18:00:00;65124
28/06/2019;A;18:00:00;45588
29/06/2019;A;18:00:00;32725
30/06/2019;A;18:00:00;29422
1/07/2019;A;18:00:00;20483
2/07/2019;A;18:00:00;66502
3/07/2019;A;18:00:00;64025
4/07/2019;A;18:00:00;63441
5/07/2019;A;18:00:00;61229
6/07/2019;A;18:00:00;33167
7/07/2019;A;18:00:00;23389
8/07/2019;A;18:00:00;62917
9/07/2019;A;18:00:00;62982
10/07/2019;A;18:00:00;67344
11/07/2019;A;18:00:00;62855
12/07/2019;A;18:00:00;58970
13/07/2019;A;18:00:00;32095
14/07/2019;A;18:00:00;24162
15/07/2019;A;18:00:00;64773
16/07/2019;A;18:00:00;65183
17/07/2019;A;18:00:00;64035
18/07/2019;A;18:00:00;64882
19/07/2019;A;18:00:00;63019
20/07/2019;A;18:00:00;28118
21/07/2019;A;18:00:00;28526
22/07/2019;A;18:00:00;64757
23/07/2019;A;18:00:00;65184
24/07/2019;A;18:00:00;65855
25/07/2019;A;18:00:00;65485
26/07/2019;A;18:00:00;63019
27/07/2019;A;18:00:00;32326
28/07/2019;A;18:00:00;24664
29/07/2019;A;18:00:00;64292
30/07/2019;A;18:00:00;66768
31/07/2019;A;18:00:00;66027
1/08/2019;A;18:00:00;64716
2/08/2019;A;18:00:00;66284
3/08/2019;A;18:00:00;35980
4/08/2019;A;18:00:00;26933
5/08/2019;A;18:00:00;68085
6/08/2019;A;18:00:00;74788
7/08/2019;A;18:00:00;27914
8/08/2019;A;18:00:00;70261
9/08/2019;A;18:00:00;64904
10/08/2019;A;18:00:00;37704
11/08/2019;A;18:00:00;30144
12/08/2019;A;18:00:00;67000
13/08/2019;A;18:00:00;65812
14/08/2019;A;18:00:00;63807
15/08/2019;A;18:00:00;66713
16/08/2019;A;18:00:00;67030
17/08/2019;A;18:00:00;32640
18/08/2019;A;18:00:00;22957
19/08/2019;A;18:00:00;24112
20/08/2019;A;18:00:00;67839
21/08/2019;A;18:00:00;66723
22/08/2019;A;18:00:00;65836
23/08/2019;A;18:00:00;62741
24/08/2019;A;18:00:00;31675
25/08/2019;A;18:00:00;21417
26/08/2019;A;18:00:00;65133
27/08/2019;A;18:00:00;65913
28/08/2019;A;18:00:00;66757
29/08/2019;A;18:00:00;65819
30/08/2019;A;18:00:00;65193
31/08/2019;A;18:00:00;34559
1/09/2019;A;18:00:00;26239
2/09/2019;A;18:00:00;65611
3/09/2019;A;18:00:00;67444
4/09/2019;A;18:00:00;4829
5/09/2019;A;18:00:00;66704
6/09/2019;A;18:00:00;64157
7/09/2019;A;18:00:00;36155
8/09/2019;A;18:00:00;24710
9/09/2019;A;18:00:00;65510
10/09/2019;A;18:00:00;68006
11/09/2019;A;18:00:00;67455
12/09/2019;A;18:00:00;65965
13/09/2019;A;18:00:00;65158
14/09/2019;A;18:00:00;39396
15/09/2019;A;18:00:00;25976
16/09/2019;A;18:00:00;67702
17/09/2019;A;18:00:00;67580
18/09/2019;A;18:00:00;67777
19/09/2019;A;18:00:00;68302
20/09/2019;A;18:00:00;63459
21/09/2019;A;18:00:00;33922
22/09/2019;A;18:00:00;23897
23/09/2019;A;18:00:00;68218
24/09/2019;A;18:00:00;66748
25/09/2019;A;18:00:00;65637
26/09/2019;A;18:00:00;69103
27/09/2019;A;18:00:00;65152
28/09/2019;A;18:00:00;33998
29/09/2019;A;18:00:00;24896
30/09/2019;A;18:00:00;68376
1/10/2019;A;18:00:00;73495
2/10/2019;A;18:00:00;66834
3/10/2019;A;18:00:00;69049
4/10/2019;A;18:00:00;66783
5/10/2019;A;18:00:00;36027
6/10/2019;A;18:00:00;25069
7/10/2019;A;18:00:00;67623
8/10/2019;A;18:00:00;67444
9/10/2019;A;18:00:00;66013
10/10/2019;A;18:00:00;66651
11/10/2019;A;18:00:00;63024
12/10/2019;A;18:00:00;33015
13/10/2019;A;18:00:00;22368
14/10/2019;A;18:00:00;23774
15/10/2019;A;18:00:00;70213
16/10/2019;A;18:00:00;67876
17/10/2019;A;18:00:00;66365
18/10/2019;A;18:00:00;65307
19/10/2019;A;18:00:00;34514
20/10/2019;A;18:00:00;25550
21/10/2019;A;18:00:00;68258
22/10/2019;A;18:00:00;67994
23/10/2019;A;18:00:00;72271
24/10/2019;A;18:00:00;67865
25/10/2019;A;18:00:00;64461
26/10/2019;A;18:00:00;35005
27/10/2019;A;18:00:00;20266
28/10/2019;A;18:00:00;64233
29/10/2019;A;18:00:00;73298
30/10/2019;A;18:00:00;87223
31/10/2019;A;18:00:00;62191
1/11/2019;A;18:00:00;67462
2/11/2019;A;18:00:00;35611
3/11/2019;A;18:00:00;21522
4/11/2019;A;18:00:00;23118
5/11/2019;A;18:00:00;71137
6/11/2019;A;18:00:00;72248
7/11/2019;A;18:00:00;69167
8/11/2019;A;18:00:00;63781
9/11/2019;A;18:00:00;38062
10/11/2019;A;18:00:00;20603
11/11/2019;A;18:00:00;26906
12/11/2019;A;18:00:00;70451
13/11/2019;A;18:00:00;68773
14/11/2019;A;18:00:00;68080
15/11/2019;A;18:00:00;66157
16/11/2019;A;18:00:00;37712
17/11/2019;A;18:00:00;23894
18/11/2019;A;18:00:00;69945
19/11/2019;A;18:00:00;70301
20/11/2019;A;18:00:00;32738
21/11/2019;A;18:00:00;26081
22/11/2019;A;18:00:00;70350
23/11/2019;A;18:00:00;36393
24/11/2019;A;18:00:00;23340
25/11/2019;A;18:00:00;70355
26/11/2019;A;18:00:00;74176
27/11/2019;A;18:00:00;64894
28/11/2019;A;18:00:00;68311
29/11/2019;A;18:00:00;67820
30/11/2019;A;18:00:00;44582
1/12/2019;A;18:00:00;29020
2/12/2019;A;18:00:00;71561
3/12/2019;A;18:00:00;71797
4/12/2019;A;18:00:00;63836
5/12/2019;A;18:00:00;73960
6/12/2019;A;18:00:00;68868
7/12/2019;A;18:00:00;41443
8/12/2019;A;18:00:00;34106
9/12/2019;A;18:00:00;70552
10/12/2019;A;18:00:00;72784
11/12/2019;A;18:00:00;71698
12/12/2019;A;18:00:00;71484
13/12/2019;A;18:00:00;71072
14/12/2019;A;18:00:00;49315
15/12/2019;A;18:00:00;37603
16/12/2019;A;18:00:00;79984
17/12/2019;A;18:00:00;72664
18/12/2019;A;18:00:00;70724
19/12/2019;A;18:00:00;71689
20/12/2019;A;18:00:00;70384
21/12/2019;A;18:00:00;48655
22/12/2019;A;18:00:00;36445
23/12/2019;A;18:00:00;63470
24/12/2019;A;18:00:00;34597
25/12/2019;A;18:00:00;22895
26/12/2019;A;18:00:00;57637
27/12/2019;A;18:00:00;57770
28/12/2019;A;18:00:00;39298
29/12/2019;A;18:00:00;26078
30/12/2019;A;18:00:00;51618
31/12/2019;A;18:00:00;29551
1/01/2019;B;18:00:00;2581
2/01/2019;B;18:00:00;5792
3/01/2019;B;18:00:00;6231
4/01/2019;B;18:00:00;6140
5/01/2019;B;18:00:00;4495
6/01/2019;B;18:00:00;3659
7/01/2019;B;18:00:00;3464
8/01/2019;B;18:00:00;6234
9/01/2019;B;18:00:00;6547
10/01/2019;B;18:00:00;6712
11/01/2019;B;18:00:00;7047
12/01/2019;B;18:00:00;4455
13/01/2019;B;18:00:00;2465
14/01/2019;B;18:00:00;7162
15/01/2019;B;18:00:00;7724
16/01/2019;B;18:00:00;7674
17/01/2019;B;18:00:00;7654
18/01/2019;B;18:00:00;7349
19/01/2019;B;18:00:00;4566
20/01/2019;B;18:00:00;3310
21/01/2019;B;18:00:00;7644
22/01/2019;B;18:00:00;7693
23/01/2019;B;18:00:00;7753
24/01/2019;B;18:00:00;7593
25/01/2019;B;18:00:00;7747
26/01/2019;B;18:00:00;4417
27/01/2019;B;18:00:00;3038
28/01/2019;B;18:00:00;7875
29/01/2019;B;18:00:00;8220
30/01/2019;B;18:00:00;8227
31/01/2019;B;18:00:00;8391
1/02/2019;B;18:00:00;7607
2/02/2019;B;18:00:00;4772
3/02/2019;B;18:00:00;3319
4/02/2019;B;18:00:00;8023
5/02/2019;B;18:00:00;8541
6/02/2019;B;18:00:00;8190
7/02/2019;B;18:00:00;8056
8/02/2019;B;18:00:00;8158
9/02/2019;B;18:00:00;4556
10/02/2019;B;18:00:00;7226
11/02/2019;B;18:00:00;8124
12/02/2019;B;18:00:00;8244
13/02/2019;B;18:00:00;8302
14/02/2019;B;18:00:00;8403
15/02/2019;B;18:00:00;7556
16/02/2019;B;18:00:00;4556
17/02/2019;B;18:00:00;3595
18/02/2019;B;18:00:00;7974
19/02/2019;B;18:00:00;8592
20/02/2019;B;18:00:00;8198
21/02/2019;B;18:00:00;8954
22/02/2019;B;18:00:00;8539
23/02/2019;B;18:00:00;4246
24/02/2019;B;18:00:00;2943
25/02/2019;B;18:00:00;8411
26/02/2019;B;18:00:00;8007
27/02/2019;B;18:00:00;8493
28/02/2019;B;18:00:00;7731
1/03/2019;B;18:00:00;8431
2/03/2019;B;18:00:00;5034
3/03/2019;B;18:00:00;3137
4/03/2019;B;18:00:00;8920
5/03/2019;B;18:00:00;8656
6/03/2019;B;18:00:00;8729
7/03/2019;B;18:00:00;8844
8/03/2019;B;18:00:00;8818
9/03/2019;B;18:00:00;4632
10/03/2019;B;18:00:00;3489
11/03/2019;B;18:00:00;8219
12/03/2019;B;18:00:00;8172
13/03/2019;B;18:00:00;8704
14/03/2019;B;18:00:00;8353
15/03/2019;B;18:00:00;8362
16/03/2019;B;18:00:00;6226
17/03/2019;B;18:00:00;3331
18/03/2019;B;18:00:00;8717
19/03/2019;B;18:00:00;8849
20/03/2019;B;18:00:00;8720
21/03/2019;B;18:00:00;8187
22/03/2019;B;18:00:00;9155
23/03/2019;B;18:00:00;4618
24/03/2019;B;18:00:00;4574
25/03/2019;B;18:00:00;2913
26/03/2019;B;18:00:00;8087
27/03/2019;B;18:00:00;8511
28/03/2019;B;18:00:00;9270
29/03/2019;B;18:00:00;8895
30/03/2019;B;18:00:00;5076
31/03/2019;B;18:00:00;3280
1/04/2019;B;18:00:00;7263
2/04/2019;B;18:00:00;8714
3/04/2019;B;18:00:00;8028
4/04/2019;B;18:00:00;8731
5/04/2019;B;18:00:00;7441
6/04/2019;B;18:00:00;4061
7/04/2019;B;18:00:00;3166
8/04/2019;B;18:00:00;7980
9/04/2019;B;18:00:00;8077
10/04/2019;B;18:00:00;8415
11/04/2019;B;18:00:00;8371
12/04/2019;B;18:00:00;7830
13/04/2019;B;18:00:00;4611
14/04/2019;B;18:00:00;2770
15/04/2019;B;18:00:00;7053
16/04/2019;B;18:00:00;6602
17/04/2019;B;18:00:00;5724
18/04/2019;B;18:00:00;3227
19/04/2019;B;18:00:00;2444
20/04/2019;B;18:00:00;3158
21/04/2019;B;18:00:00;2677
22/04/2019;B;18:00:00;7920
23/04/2019;B;18:00:00;8591
24/04/2019;B;18:00:00;7773
25/04/2019;B;18:00:00;10732
26/04/2019;B;18:00:00;8640
27/04/2019;B;18:00:00;4399
28/04/2019;B;18:00:00;3319
29/04/2019;B;18:00:00;8024
30/04/2019;B;18:00:00;8599
1/05/2019;B;18:00:00;3552
2/05/2019;B;18:00:00;8717
3/05/2019;B;18:00:00;8258
4/05/2019;B;18:00:00;4773
5/05/2019;B;18:00:00;5523
6/05/2019;B;18:00:00;8226
7/05/2019;B;18:00:00;8394
8/05/2019;B;18:00:00;8276
9/05/2019;B;18:00:00;8366
10/05/2019;B;18:00:00;8176
11/05/2019;B;18:00:00;4384
12/05/2019;B;18:00:00;2959
13/05/2019;B;18:00:00;7775
14/05/2019;B;18:00:00;8513
15/05/2019;B;18:00:00;8367
16/05/2019;B;18:00:00;8433
17/05/2019;B;18:00:00;8385
18/05/2019;B;18:00:00;4708
19/05/2019;B;18:00:00;3795
20/05/2019;B;18:00:00;7659
21/05/2019;B;18:00:00;8308
22/05/2019;B;18:00:00;7844
23/05/2019;B;18:00:00;8579
24/05/2019;B;18:00:00;7658
25/05/2019;B;18:00:00;4317
26/05/2019;B;18:00:00;3193
27/05/2019;B;18:00:00;8097
28/05/2019;B;18:00:00;7805
29/05/2019;B;18:00:00;8243
30/05/2019;B;18:00:00;8062
31/05/2019;B;18:00:00;7815
1/06/2019;B;18:00:00;4605
2/06/2019;B;18:00:00;3057
3/06/2019;B;18:00:00;2854
4/06/2019;B;18:00:00;8519
5/06/2019;B;18:00:00;8115
6/06/2019;B;18:00:00;7663
7/06/2019;B;18:00:00;7685
8/06/2019;B;18:00:00;4736
9/06/2019;B;18:00:00;3122
10/06/2019;B;18:00:00;7569
11/06/2019;B;18:00:00;7874
12/06/2019;B;18:00:00;7966
13/06/2019;B;18:00:00;8055
14/06/2019;B;18:00:00;7905
15/06/2019;B;18:00:00;3333
16/06/2019;B;18:00:00;2771
17/06/2019;B;18:00:00;7569
18/06/2019;B;18:00:00;7784
19/06/2019;B;18:00:00;7359
20/06/2019;B;18:00:00;7547
21/06/2019;B;18:00:00;7548
22/06/2019;B;18:00:00;4325
23/06/2019;B;18:00:00;2717
24/06/2019;B;18:00:00;2932
25/06/2019;B;18:00:00;7714
26/06/2019;B;18:00:00;7836
27/06/2019;B;18:00:00;8175
28/06/2019;B;18:00:00;5341
29/06/2019;B;18:00:00;4280
30/06/2019;B;18:00:00;3535
1/07/2019;B;18:00:00;2282
2/07/2019;B;18:00:00;8347
3/07/2019;B;18:00:00;7812
4/07/2019;B;18:00:00;7820
5/07/2019;B;18:00:00;7676
6/07/2019;B;18:00:00;4504
7/07/2019;B;18:00:00;3215
8/07/2019;B;18:00:00;7769
9/07/2019;B;18:00:00;7859
10/07/2019;B;18:00:00;8198
11/07/2019;B;18:00:00;7839
12/07/2019;B;18:00:00;7598
13/07/2019;B;18:00:00;4856
14/07/2019;B;18:00:00;3453
15/07/2019;B;18:00:00;7867
16/07/2019;B;18:00:00;8113
17/07/2019;B;18:00:00;8134
18/07/2019;B;18:00:00;8162
19/07/2019;B;18:00:00;8189
20/07/2019;B;18:00:00;4385
21/07/2019;B;18:00:00;3882
22/07/2019;B;18:00:00;8000
23/07/2019;B;18:00:00;8410
24/07/2019;B;18:00:00;8532
25/07/2019;B;18:00:00;8272
26/07/2019;B;18:00:00;8285
27/07/2019;B;18:00:00;4852
28/07/2019;B;18:00:00;3425
29/07/2019;B;18:00:00;7888
30/07/2019;B;18:00:00;8750
31/07/2019;B;18:00:00;8615
1/08/2019;B;18:00:00;8701
2/08/2019;B;18:00:00;9080
3/08/2019;B;18:00:00;5139
4/08/2019;B;18:00:00;4305
5/08/2019;B;18:00:00;8863
6/08/2019;B;18:00:00;9443
7/08/2019;B;18:00:00;4170
8/08/2019;B;18:00:00;9211
9/08/2019;B;18:00:00;8862
10/08/2019;B;18:00:00;5150
11/08/2019;B;18:00:00;4262
12/08/2019;B;18:00:00;8494
13/08/2019;B;18:00:00;8553
14/08/2019;B;18:00:00;8889
15/08/2019;B;18:00:00;8438
16/08/2019;B;18:00:00;9290
17/08/2019;B;18:00:00;4831
18/08/2019;B;18:00:00;3281
19/08/2019;B;18:00:00;3292
20/08/2019;B;18:00:00;8725
21/08/2019;B;18:00:00;8620
22/08/2019;B;18:00:00;8627
23/08/2019;B;18:00:00;8400
24/08/2019;B;18:00:00;4677
25/08/2019;B;18:00:00;3689
26/08/2019;B;18:00:00;8346
27/08/2019;B;18:00:00;8679
28/08/2019;B;18:00:00;8443
29/08/2019;B;18:00:00;8342
30/08/2019;B;18:00:00;8551
31/08/2019;B;18:00:00;4801
1/09/2019;B;18:00:00;3712
2/09/2019;B;18:00:00;8084
3/09/2019;B;18:00:00;8740
4/09/2019;B;18:00:00;644
5/09/2019;B;18:00:00;8560
6/09/2019;B;18:00:00;8165
7/09/2019;B;18:00:00;5501
8/09/2019;B;18:00:00;4590
9/09/2019;B;18:00:00;8068
10/09/2019;B;18:00:00;8557
11/09/2019;B;18:00:00;8608
12/09/2019;B;18:00:00;8139
13/09/2019;B;18:00:00;8254
14/09/2019;B;18:00:00;5127
15/09/2019;B;18:00:00;3479
16/09/2019;B;18:00:00;8301
17/09/2019;B;18:00:00;8836
18/09/2019;B;18:00:00;8847
19/09/2019;B;18:00:00;8771
20/09/2019;B;18:00:00;8251
21/09/2019;B;18:00:00;4676
22/09/2019;B;18:00:00;3196
23/09/2019;B;18:00:00;8408
24/09/2019;B;18:00:00;8389
25/09/2019;B;18:00:00;8183
26/09/2019;B;18:00:00;8889
27/09/2019;B;18:00:00;8805
28/09/2019;B;18:00:00;4852
29/09/2019;B;18:00:00;3728
30/09/2019;B;18:00:00;8398
1/10/2019;B;18:00:00;9168
2/10/2019;B;18:00:00;8342
3/10/2019;B;18:00:00;7774
4/10/2019;B;18:00:00;8664
5/10/2019;B;18:00:00;4876
6/10/2019;B;18:00:00;8435
7/10/2019;B;18:00:00;8622
8/10/2019;B;18:00:00;8639
9/10/2019;B;18:00:00;8339
10/10/2019;B;18:00:00;8599
11/10/2019;B;18:00:00;9022
12/10/2019;B;18:00:00;5356
13/10/2019;B;18:00:00;4445
14/10/2019;B;18:00:00;3219
15/10/2019;B;18:00:00;9360
16/10/2019;B;18:00:00;9068
17/10/2019;B;18:00:00;9323
18/10/2019;B;18:00:00;8768
19/10/2019;B;18:00:00;5237
20/10/2019;B;18:00:00;4247
21/10/2019;B;18:00:00;8490
22/10/2019;B;18:00:00;9070
23/10/2019;B;18:00:00;9320
24/10/2019;B;18:00:00;9240
25/10/2019;B;18:00:00;8761
26/10/2019;B;18:00:00;5295
27/10/2019;B;18:00:00;2793
28/10/2019;B;18:00:00;8168
29/10/2019;B;18:00:00;9314
30/10/2019;B;18:00:00;11173
31/10/2019;B;18:00:00;7698
1/11/2019;B;18:00:00;9077
2/11/2019;B;18:00:00;4441
3/11/2019;B;18:00:00;3176
4/11/2019;B;18:00:00;3325
5/11/2019;B;18:00:00;8797
6/11/2019;B;18:00:00;9459
7/11/2019;B;18:00:00;8511
8/11/2019;B;18:00:00;8197
9/11/2019;B;18:00:00;5130
10/11/2019;B;18:00:00;2830
11/11/2019;B;18:00:00;3528
12/11/2019;B;18:00:00;9197
13/11/2019;B;18:00:00;9172
14/11/2019;B;18:00:00;8752
15/11/2019;B;18:00:00;8313
16/11/2019;B;18:00:00;4870
17/11/2019;B;18:00:00;3518
18/11/2019;B;18:00:00;8268
19/11/2019;B;18:00:00;8672
20/11/2019;B;18:00:00;4562
21/11/2019;B;18:00:00;3187
22/11/2019;B;18:00:00;9780
23/11/2019;B;18:00:00;4654
24/11/2019;B;18:00:00;3576
25/11/2019;B;18:00:00;8434
26/11/2019;B;18:00:00;9132
27/11/2019;B;18:00:00;7946
28/11/2019;B;18:00:00;8332
29/11/2019;B;18:00:00;8845
30/11/2019;B;18:00:00;5701
1/12/2019;B;18:00:00;4061
2/12/2019;B;18:00:00;8343
3/12/2019;B;18:00:00;8925
4/12/2019;B;18:00:00;8077
5/12/2019;B;18:00:00;9014
6/12/2019;B;18:00:00;8676
7/12/2019;B;18:00:00;5673
8/12/2019;B;18:00:00;4774
9/12/2019;B;18:00:00;8617
10/12/2019;B;18:00:00;9182
11/12/2019;B;18:00:00;8421
12/12/2019;B;18:00:00;8227
13/12/2019;B;18:00:00;9065
14/12/2019;B;18:00:00;6679
15/12/2019;B;18:00:00;4642
16/12/2019;B;18:00:00;9835
17/12/2019;B;18:00:00;8293
18/12/2019;B;18:00:00;8180
19/12/2019;B;18:00:00;8413
20/12/2019;B;18:00:00;8541
21/12/2019;B;18:00:00;5633
22/12/2019;B;18:00:00;4330
23/12/2019;B;18:00:00;7321
24/12/2019;B;18:00:00;4009
25/12/2019;B;18:00:00;3045
26/12/2019;B;18:00:00;7281
27/12/2019;B;18:00:00;7192
28/12/2019;B;18:00:00;5407
29/12/2019;B;18:00:00;3297
30/12/2019;B;18:00:00;6546
31/12/2019;B;18:00:00;3453
1/01/2020;A;18:00:00;20582
1/01/2020;B;18:00:00;3083
2/01/2020;A;18:00:00;47205
2/01/2020;B;18:00:00;5881
3/01/2020;A;18:00:00;48328
3/01/2020;B;18:00:00;6597
4/01/2020;A;18:00:00;35662
4/01/2020;B;18:00:00;5511
5/01/2020;A;18:00:00;29369
5/01/2020;B;18:00:00;5208
6/01/2020;A;18:00:00;26846
6/01/2020;B;18:00:00;4464
7/01/2020;A;18:00:00;58632
7/01/2020;B;18:00:00;6989
8/01/2020;A;18:00:00;57820
8/01/2020;B;18:00:00;6676
9/01/2020;A;18:00:00;55839
9/01/2020;B;18:00:00;6899
10/01/2020;A;18:00:00;55210
10/01/2020;B;18:00:00;6808
11/01/2020;A;18:00:00;30706
11/01/2020;B;18:00:00;4403
12/01/2020;A;18:00:00;22355
12/01/2020;B;18:00:00;3850
13/01/2020;A;18:00:00;59814
13/01/2020;B;18:00:00;6929
14/01/2020;A;18:00:00;61002
14/01/2020;B;18:00:00;7326
15/01/2020;A;18:00:00;61888
15/01/2020;B;18:00:00;7332
16/01/2020;A;18:00:00;62176
16/01/2020;B;18:00:00;7324
17/01/2020;A;18:00:00;58795
17/01/2020;B;18:00:00;7708
18/01/2020;A;18:00:00;32198
18/01/2020;B;18:00:00;4812
19/01/2020;A;18:00:00;23708
19/01/2020;B;18:00:00;3509
20/01/2020;A;18:00:00;62325
20/01/2020;B;18:00:00;7415
21/01/2020;A;18:00:00;66314
21/01/2020;B;18:00:00;7685
22/01/2020;A;18:00:00;65593
22/01/2020;B;18:00:00;8676
23/01/2020;A;18:00:00;63106
23/01/2020;B;18:00:00;8150
24/01/2020;A;18:00:00;59426
24/01/2020;B;18:00:00;7617
25/01/2020;A;18:00:00;31553
25/01/2020;B;18:00:00;4564
26/01/2020;A;18:00:00;22031
26/01/2020;B;18:00:00;3472
27/01/2020;A;18:00:00;62787
27/01/2020;B;18:00:00;7656
28/01/2020;A;18:00:00;63789
28/01/2020;B;18:00:00;8194
29/01/2020;A;18:00:00;63326
29/01/2020;B;18:00:00;8363
30/01/2020;A;18:00:00;63943
30/01/2020;B;18:00:00;8392
31/01/2020;A;18:00:00;62517
31/01/2020;B;18:00:00;8408
1/02/2020;A;18:00:00;36015
1/02/2020;B;18:00:00;4879
2/02/2020;A;18:00:00;24112
2/02/2020;B;18:00:00;3797
3/02/2020;A;18:00:00;66205
3/02/2020;B;18:00:00;8397
4/02/2020;A;18:00:00;68245
4/02/2020;B;18:00:00;8442
5/02/2020;A;18:00:00;68894
5/02/2020;B;18:00:00;9047
6/02/2020;A;18:00:00;68214
6/02/2020;B;18:00:00;9127
7/02/2020;A;18:00:00;62912
7/02/2020;B;18:00:00;9983
8/02/2020;A;18:00:00;32387
8/02/2020;B;18:00:00;4705
9/02/2020;A;18:00:00;22659
9/02/2020;B;18:00:00;3413
10/02/2020;A;18:00:00;65725
10/02/2020;B;18:00:00;8347
11/02/2020;A;18:00:00;66421
11/02/2020;B;18:00:00;8325
12/02/2020;A;18:00:00;65993
12/02/2020;B;18:00:00;8898
13/02/2020;A;18:00:00;64666
13/02/2020;B;18:00:00;8575
14/02/2020;A;18:00:00;62073
14/02/2020;B;18:00:00;8298
15/02/2020;A;18:00:00;34873
15/02/2020;B;18:00:00;4961
16/02/2020;A;18:00:00;23170
16/02/2020;B;18:00:00;3571
17/02/2020;A;18:00:00;130892
17/02/2020;B;18:00:00;16618
18/02/2020;A;18:00:00;133630
18/02/2020;B;18:00:00;17840
19/02/2020;A;18:00:00;65401
19/02/2020;B;18:00:00;8524
20/02/2020;A;18:00:00;64553
20/02/2020;B;18:00:00;8568
21/02/2020;A;18:00:00;61652
21/02/2020;B;18:00:00;8161
22/02/2020;A;18:00:00;29112
22/02/2020;B;18:00:00;4258
23/02/2020;A;18:00:00;23187
23/02/2020;B;18:00:00;3251
24/02/2020;A;18:00:00;65860
24/02/2020;B;18:00:00;8853
25/02/2020;A;18:00:00;65684
25/02/2020;B;18:00:00;8513
26/02/2020;A;18:00:00;66404
26/02/2020;B;18:00:00;8557
27/02/2020;A;18:00:00;64999
27/02/2020;B;18:00:00;9010
28/02/2020;A;18:00:00;65803
28/02/2020;B;18:00:00;9246
29/02/2020;A;18:00:00;35195
29/02/2020;B;18:00:00;8826
1/03/2020;A;18:00:00;25129
1/03/2020;B;18:00:00;3377
2/03/2020;A;18:00:00;69621
2/03/2020;B;18:00:00;8998
3/03/2020;A;18:00:00;70692
3/03/2020;B;18:00:00;9094
4/03/2020;A;18:00:00;71471
4/03/2020;B;18:00:00;9726
5/03/2020;A;18:00:00;70432
5/03/2020;B;18:00:00;9534
6/03/2020;A;18:00:00;64181
6/03/2020;B;18:00:00;8534
7/03/2020;A;18:00:00;33711
7/03/2020;B;18:00:00;4640
8/03/2020;A;18:00:00;24501
8/03/2020;B;18:00:00;3349
9/03/2020;A;18:00:00;65600
9/03/2020;B;18:00:00;8319
10/03/2020;A;18:00:00;67330
10/03/2020;B;18:00:00;8875
11/03/2020;A;18:00:00;64202
11/03/2020;B;18:00:00;8499
12/03/2020;A;18:00:00;62756
12/03/2020;B;18:00:00;8063
13/03/2020;A;18:00:00;59985
13/03/2020;B;18:00:00;7784
14/03/2020;A;18:00:00;29101
14/03/2020;B;18:00:00;3967
15/03/2020;A;18:00:00;18535
15/03/2020;B;18:00:00;2720
16/03/2020;A;18:00:00;46106
16/03/2020;B;18:00:00;5597
17/03/2020;A;18:00:00;38714
17/03/2020;B;18:00:00;4740
18/03/2020;A;18:00:00;35571
18/03/2020;B;18:00:00;4276
19/03/2020;A;18:00:00;32830
19/03/2020;B;18:00:00;4041
20/03/2020;A;18:00:00;20264
20/03/2020;B;18:00:00;2665
21/03/2020;A;18:00:00;4839
21/03/2020;B;18:00:00;652
22/03/2020;A;18:00:00;4077
22/03/2020;B;18:00:00;505
23/03/2020;A;18:00:00;4592
23/03/2020;B;18:00:00;628
24/03/2020;A;18:00:00;8920
24/03/2020;B;18:00:00;990
25/03/2020;A;18:00:00;6563
25/03/2020;B;18:00:00;702
26/03/2020;A;18:00:00;6234
26/03/2020;B;18:00:00;693
27/03/2020;A;18:00:00;6184
27/03/2020;B;18:00:00;680
28/03/2020;A;18:00:00;4333
28/03/2020;B;18:00:00;581
29/03/2020;A;18:00:00;3181
29/03/2020;B;18:00:00;540
30/03/2020;A;18:00:00;6393
30/03/2020;B;18:00:00;702
31/03/2020;A;18:00:00;6258
31/03/2020;B;18:00:00;750
1/04/2020;A;18:00:00;6549
1/04/2020;B;18:00:00;717
2/04/2020;A;18:00:00;6206
2/04/2020;B;18:00:00;689
3/04/2020;A;18:00:00;6130
3/04/2020;B;18:00:00;815
4/04/2020;A;18:00:00;4416
4/04/2020;B;18:00:00;630
5/04/2020;A;18:00:00;3509
5/04/2020;B;18:00:00;510
6/04/2020;A;18:00:00;6413
6/04/2020;B;18:00:00;756
7/04/2020;A;18:00:00;6301
7/04/2020;B;18:00:00;775
8/04/2020;A;18:00:00;6422
8/04/2020;B;18:00:00;801
9/04/2020;A;18:00:00;3591
9/04/2020;B;18:00:00;498
10/04/2020;A;18:00:00;2903
10/04/2020;B;18:00:00;390
11/04/2020;A;18:00:00;4203
11/04/2020;B;18:00:00;604
12/04/2020;A;18:00:00;3151
12/04/2020;B;18:00:00;522
13/04/2020;A;18:00:00;6831
13/04/2020;B;18:00:00;784
14/04/2020;A;18:00:00;6425
14/04/2020;B;18:00:00;785
15/04/2020;A;18:00:00;6800
15/04/2020;B;18:00:00;760
16/04/2020;A;18:00:00;6779
16/04/2020;B;18:00:00;799
17/04/2020;A;18:00:00;6804
17/04/2020;B;18:00:00;826
18/04/2020;A;18:00:00;4601
18/04/2020;B;18:00:00;639
19/04/2020;A;18:00:00;3160
19/04/2020;B;18:00:00;501
20/04/2020;A;18:00:00;7160
20/04/2020;B;18:00:00;866
21/04/2020;A;18:00:00;7293
21/04/2020;B;18:00:00;883
22/04/2020;A;18:00:00;7177
22/04/2020;B;18:00:00;945
23/04/2020;A;18:00:00;7226
23/04/2020;B;18:00:00;927
24/04/2020;A;18:00:00;7427
24/04/2020;B;18:00:00;947
25/04/2020;A;18:00:00;4843
25/04/2020;B;18:00:00;653
26/04/2020;A;18:00:00;3515
26/04/2020;B;18:00:00;532
27/04/2020;A;18:00:00;8613
27/04/2020;B;18:00:00;962
28/04/2020;A;18:00:00;8200
28/04/2020;B;18:00:00;1007
29/04/2020;A;18:00:00;9085
29/04/2020;B;18:00:00;979
30/04/2020;A;18:00:00;9128
30/04/2020;B;18:00:00;1066
1/05/2020;A;18:00:00;4317
1/05/2020;B;18:00:00;573
2/05/2020;A;18:00:00;5253
2/05/2020;B;18:00:00;785
3/05/2020;A;18:00:00;3520
3/05/2020;B;18:00:00;546
4/05/2020;A;18:00:00;10506
4/05/2020;B;18:00:00;1191
5/05/2020;A;18:00:00;10253
5/05/2020;B;18:00:00;1246
6/05/2020;A;18:00:00;11609
6/05/2020;B;18:00:00;1206
7/05/2020;A;18:00:00;11268
7/05/2020;B;18:00:00;1243
8/05/2020;A;18:00:00;11293
8/05/2020;B;18:00:00;1341
9/05/2020;A;18:00:00;7051
9/05/2020;B;18:00:00;1106
10/05/2020;A;18:00:00;4377
10/05/2020;B;18:00:00;689
11/05/2020;A;18:00:00;13231
11/05/2020;B;18:00:00;1428
12/05/2020;A;18:00:00;12429
12/05/2020;B;18:00:00;1430
13/05/2020;A;18:00:00;12601
13/05/2020;B;18:00:00;1482
14/05/2020;A;18:00:00;12149
14/05/2020;B;18:00:00;1445
15/05/2020;A;18:00:00;12884
15/05/2020;B;18:00:00;1518
16/05/2020;A;18:00:00;6206
16/05/2020;B;18:00:00;957
17/05/2020;A;18:00:00;4148
17/05/2020;B;18:00:00;675
18/05/2020;A;18:00:00;13854
18/05/2020;B;18:00:00;1598
19/05/2020;A;18:00:00;14438
19/05/2020;B;18:00:00;1588
20/05/2020;A;18:00:00;14138
20/05/2020;B;18:00:00;1614
21/05/2020;A;18:00:00;14613
21/05/2020;B;18:00:00;1638
22/05/2020;A;18:00:00;14132
22/05/2020;B;18:00:00;1630
23/05/2020;A;18:00:00;6833
23/05/2020;B;18:00:00;872
24/05/2020;A;18:00:00;4111
24/05/2020;B;18:00:00;647
25/05/2020;A;18:00:00;4340
25/05/2020;B;18:00:00;636
26/05/2020;A;18:00:00;17549
26/05/2020;B;18:00:00;1711
27/05/2020;A;18:00:00;15930
27/05/2020;B;18:00:00;1702
28/05/2020;A;18:00:00;15816
28/05/2020;B;18:00:00;1706
29/05/2020;A;18:00:00;15451
29/05/2020;B;18:00:00;1703
30/05/2020;A;18:00:00;7974
30/05/2020;B;18:00:00;1024
31/05/2020;A;18:00:00;4338
31/05/2020;B;18:00:00;634
1/06/2020;A;18:00:00;18152
1/06/2020;B;18:00:00;2066
2/06/2020;A;18:00:00;19211
2/06/2020;B;18:00:00;2332
3/06/2020;A;18:00:00;19098
3/06/2020;B;18:00:00;2197
4/06/2020;A;18:00:00;18706
4/06/2020;B;18:00:00;2238
5/06/2020;A;18:00:00;19192
5/06/2020;B;18:00:00;2263
6/06/2020;A;18:00:00;9203
6/06/2020;B;18:00:00;1220
7/06/2020;A;18:00:00;5211
7/06/2020;B;18:00:00;737
8/06/2020;A;18:00:00;20181
8/06/2020;B;18:00:00;2381
9/06/2020;A;18:00:00;19184
9/06/2020;B;18:00:00;2440
10/06/2020;A;18:00:00;20350
10/06/2020;B;18:00:00;2409
11/06/2020;A;18:00:00;18766
11/06/2020;B;18:00:00;2296
12/06/2020;A;18:00:00;20482
12/06/2020;B;18:00:00;2624
14/06/2020;A;18:00:00;5391
14/06/2020;B;18:00:00;727
15/06/2020;A;18:00:00;5619
15/06/2020;B;18:00:00;795
16/06/2020;A;18:00:00;21886
16/06/2020;B;18:00:00;2684
17/06/2020;A;18:00:00;22411
17/06/2020;B;18:00:00;2653
18/06/2020;A;18:00:00;22084
18/06/2020;B;18:00:00;2693
19/06/2020;A;18:00:00;21815
19/06/2020;B;18:00:00;2653
20/06/2020;A;18:00:00;11248
20/06/2020;B;18:00:00;1372
21/06/2020;A;18:00:00;5387
21/06/2020;B;18:00:00;694
22/06/2020;A;18:00:00;5925
22/06/2020;B;18:00:00;811
23/06/2020;A;18:00:00;22119
23/06/2020;B;18:00:00;2736
24/06/2020;A;18:00:00;21282
24/06/2020;B;18:00:00;2693
25/06/2020;A;18:00:00;22727
25/06/2020;B;18:00:00;2692
26/06/2020;A;18:00:00;21922
26/06/2020;B;18:00:00;2631
27/06/2020;A;18:00:00;11078
27/06/2020;B;18:00:00;1455
28/06/2020;A;18:00:00;5748
28/06/2020;B;18:00:00;829
29/06/2020;A;18:00:00;5902
29/06/2020;B;18:00:00;837
30/06/2020;A;18:00:00;21568
30/06/2020;B;18:00:00;2543
1/07/2020;A;18:00:00;21967
1/07/2020;B;18:00:00;2783
2/07/2020;A;18:00:00;22124
2/07/2020;B;18:00:00;2688
3/07/2020;A;18:00:00;21834
3/07/2020;B;18:00:00;2606
4/07/2020;A;18:00:00;11241
4/07/2020;B;18:00:00;1291
5/07/2020;A;18:00:00;6284
5/07/2020;B;18:00:00;859
6/07/2020;A;18:00:00;21354
6/07/2020;B;18:00:00;2650
7/07/2020;A;18:00:00;21470
7/07/2020;B;18:00:00;2518
8/07/2020;A;18:00:00;21324
8/07/2020;B;18:00:00;2790
9/07/2020;A;18:00:00;21533
9/07/2020;B;18:00:00;2658
10/07/2020;A;18:00:00;21220
10/07/2020;B;18:00:00;2462
11/07/2020;A;18:00:00;10728
11/07/2020;B;18:00:00;1358
12/07/2020;A;18:00:00;5846
12/07/2020;B;18:00:00;780
13/07/2020;A;18:00:00;19049
13/07/2020;B;18:00:00;2365
14/07/2020;A;18:00:00;19694
14/07/2020;B;18:00:00;2456
15/07/2020;A;18:00:00;20805
15/07/2020;B;18:00:00;2625
16/07/2020;A;18:00:00;21037
16/07/2020;B;18:00:00;2585
17/07/2020;A;18:00:00;7232
17/07/2020;B;18:00:00;815
18/07/2020;A;18:00:00;4333
18/07/2020;B;18:00:00;506
19/07/2020;A;18:00:00;2784
19/07/2020;B;18:00:00;364
20/07/2020;A;18:00:00;3056
20/07/2020;B;18:00:00;388
21/07/2020;A;18:00:00;22702
21/07/2020;B;18:00:00;2787
22/07/2020;A;18:00:00;22634
22/07/2020;B;18:00:00;2840
23/07/2020;A;18:00:00;22323
23/07/2020;B;18:00:00;2783
24/07/2020;A;18:00:00;9595
24/07/2020;B;18:00:00;1038
25/07/2020;A;18:00:00;4874
25/07/2020;B;18:00:00;581
26/07/2020;A;18:00:00;3142
26/07/2020;B;18:00:00;442
27/07/2020;A;18:00:00;24079
27/07/2020;B;18:00:00;2882
28/07/2020;A;18:00:00;24217
28/07/2020;B;18:00:00;2856
29/07/2020;A;18:00:00;24256
29/07/2020;B;18:00:00;2800
30/07/2020;A;18:00:00;23709
30/07/2020;B;18:00:00;2679
31/07/2020;A;18:00:00;9902
31/07/2020;B;18:00:00;1017
1/08/2020;A;18:00:00;5200
1/08/2020;B;18:00:00;676
2/08/2020;A;18:00:00;3413
2/08/2020;B;18:00:00;469
3/08/2020;A;18:00:00;23974
3/08/2020;B;18:00:00;2828
4/08/2020;A;18:00:00;24421
4/08/2020;B;18:00:00;2937
5/08/2020;A;18:00:00;24859
5/08/2020;B;18:00:00;3043
6/08/2020;A;18:00:00;24583
6/08/2020;B;18:00:00;3023
7/08/2020;A;18:00:00;4478
7/08/2020;B;18:00:00;583
9/08/2020;A;18:00:00;3296
9/08/2020;B;18:00:00;464
10/08/2020;A;18:00:00;24243
10/08/2020;B;18:00:00;2945
11/08/2020;A;18:00:00;23761
11/08/2020;B;18:00:00;2815
12/08/2020;A;18:00:00;24327
12/08/2020;B;18:00:00;2930
13/08/2020;A;18:00:00;24520
13/08/2020;B;18:00:00;2053
14/08/2020;A;18:00:00;21826
14/08/2020;B;18:00:00;2775
15/08/2020;A;18:00:00;6097
15/08/2020;B;18:00:00;761
16/08/2020;A;18:00:00;3531
16/08/2020;B;18:00:00;426
17/08/2020;A;18:00:00;3859
17/08/2020;B;18:00:00;507
18/08/2020;A;18:00:00;25454
18/08/2020;B;18:00:00;2953
19/08/2020;A;18:00:00;24744
19/08/2020;B;18:00:00;2837
20/08/2020;A;18:00:00;48942
20/08/2020;B;18:00:00;5798
21/08/2020;A;18:00:00;22878
21/08/2020;B;18:00:00;2720
22/08/2020;A;18:00:00;10874
22/08/2020;B;18:00:00;1343
23/08/2020;A;18:00:00;5319
23/08/2020;B;18:00:00;659
24/08/2020;A;18:00:00;23580
24/08/2020;B;18:00:00;2702
25/08/2020;A;18:00:00;24350
25/08/2020;B;18:00:00;2757
26/08/2020;A;18:00:00;24380
26/08/2020;B;18:00:00;2827
27/08/2020;A;18:00:00;24781
27/08/2020;B;18:00:00;2950
28/08/2020;A;18:00:00;23353
28/08/2020;B;18:00:00;2763
29/08/2020;A;18:00:00;10928
29/08/2020;B;18:00:00;1363
30/08/2020;A;18:00:00;6275
30/08/2020;B;18:00:00;842
31/08/2020;A;18:00:00;24610
31/08/2020;B;18:00:00;2888
1/09/2020;A;18:00:00;26531
1/09/2020;B;18:00:00;3218
2/09/2020;A;18:00:00;27684
2/09/2020;B;18:00:00;3319
3/09/2020;A;18:00:00;25107
3/09/2020;B;18:00:00;3157
4/09/2020;A;18:00:00;26500
4/09/2020;B;18:00:00;3240
5/09/2020;A;18:00:00;15370
5/09/2020;B;18:00:00;1943
6/09/2020;A;18:00:00;9711
6/09/2020;B;18:00:00;1210
7/09/2020;A;18:00:00;25593
7/09/2020;B;18:00:00;3398
8/09/2020;A;18:00:00;26160
8/09/2020;B;18:00:00;3535
9/09/2020;A;18:00:00;26243
9/09/2020;B;18:00:00;3417
10/09/2020;A;18:00:00;30358
10/09/2020;B;18:00:00;3738
11/09/2020;A;18:00:00;28140
11/09/2020;B;18:00:00;3490
12/09/2020;A;18:00:00;15871
12/09/2020;B;18:00:00;1984
13/09/2020;A;18:00:00;10369
13/09/2020;B;18:00:00;1390
14/09/2020;A;18:00:00;27922
14/09/2020;B;18:00:00;3506
15/09/2020;A;18:00:00;29728
15/09/2020;B;18:00:00;3827
16/09/2020;A;18:00:00;29328
16/09/2020;B;18:00:00;3568
17/09/2020;A;18:00:00;29251
17/09/2020;B;18:00:00;3583
18/09/2020;A;18:00:00;29353
18/09/2020;B;18:00:00;3895
19/09/2020;A;18:00:00;17876
19/09/2020;B;18:00:00;2266
20/09/2020;A;18:00:00;10972
20/09/2020;B;18:00:00;1417
21/09/2020;A;18:00:00;29689
21/09/2020;B;18:00:00;3672
22/09/2020;A;18:00:00;30775
22/09/2020;B;18:00:00;3873
23/09/2020;A;18:00:00;30432
23/09/2020;B;18:00:00;3834
24/09/2020;A;18:00:00;31312
24/09/2020;B;18:00:00;3882
25/09/2020;A;18:00:00;31318
25/09/2020;B;18:00:00;3942
26/09/2020;A;18:00:00;18520
26/09/2020;B;18:00:00;2266
27/09/2020;A;18:00:00;11542
27/09/2020;B;18:00:00;1633
28/09/2020;A;18:00:00;30425
28/09/2020;B;18:00:00;3783
29/09/2020;A;18:00:00;31696
29/09/2020;B;18:00:00;4002
30/09/2020;A;18:00:00;33330
30/09/2020;B;18:00:00;4092
1/10/2020;A;18:00:00;33286
1/10/2020;B;18:00:00;4063
2/10/2020;A;18:00:00;31934
2/10/2020;B;18:00:00;4149
3/10/2020;A;18:00:00;19085
3/10/2020;B;18:00:00;2444
4/10/2020;A;18:00:00;12327
4/10/2020;B;18:00:00;1603
5/10/2020;A;18:00:00;33157
5/10/2020;B;18:00:00;4169
6/10/2020;A;18:00:00;33144
6/10/2020;B;18:00:00;4006
7/10/2020;A;18:00:00;32679
7/10/2020;B;18:00:00;4221
8/10/2020;A;18:00:00;32515
8/10/2020;B;18:00:00;4029
9/10/2020;A;18:00:00;32542
9/10/2020;B;18:00:00;4131
10/10/2020;A;18:00:00;19489
10/10/2020;B;18:00:00;2629
11/10/2020;A;18:00:00;11852
11/10/2020;B;18:00:00;1574
12/10/2020;A;18:00:00;11591
12/10/2020;B;18:00:00;1493
13/10/2020;A;18:00:00;34262
13/10/2020;B;18:00:00;4227
14/10/2020;A;18:00:00;33991
14/10/2020;B;18:00:00;4332
15/10/2020;A;18:00:00;34867
15/10/2020;B;18:00:00;4244
16/10/2020;A;18:00:00;34008
16/10/2020;B;18:00:00;4379
17/10/2020;A;18:00:00;20135
17/10/2020;B;18:00:00;2516
18/10/2020;A;18:00:00;11540
18/10/2020;B;18:00:00;1568
19/10/2020;A;18:00:00;34245
19/10/2020;B;18:00:00;4124
20/10/2020;A;18:00:00;36617
20/10/2020;B;18:00:00;4440
21/10/2020;A;18:00:00;34455
21/10/2020;B;18:00:00;4041
22/10/2020;A;18:00:00;34517
22/10/2020;B;18:00:00;4148
23/10/2020;A;18:00:00;34609
23/10/2020;B;18:00:00;4056
24/10/2020;A;18:00:00;19519
24/10/2020;B;18:00:00;2513
25/10/2020;A;18:00:00;12238
25/10/2020;B;18:00:00;1684
26/10/2020;A;18:00:00;34288
26/10/2020;B;18:00:00;4247
27/10/2020;A;18:00:00;32223
27/10/2020;B;18:00:00;4132
28/10/2020;A;18:00:00;34408
28/10/2020;B;18:00:00;4338
29/10/2020;A;18:00:00;35916
29/10/2020;B;18:00:00;5105
30/10/2020;A;18:00:00;34600
30/10/2020;B;18:00:00;4162
31/10/2020;A;18:00:00;17640
31/10/2020;B;18:00:00;2278
1/11/2020;A;18:00:00;9776
1/11/2020;B;18:00:00;1379
2/11/2020;A;18:00:00;11040
2/11/2020;B;18:00:00;1594
3/11/2020;A;18:00:00;37080
3/11/2020;B;18:00:00;4618
4/11/2020;A;18:00:00;36531
4/11/2020;B;18:00:00;4557
5/11/2020;A;18:00:00;36531
5/11/2020;B;18:00:00;4517
6/11/2020;A;18:00:00;37106
6/11/2020;B;18:00:00;4559
7/11/2020;A;18:00:00;20002
7/11/2020;B;18:00:00;2726
8/11/2020;A;18:00:00;12815
8/11/2020;B;18:00:00;1749
9/11/2020;A;18:00:00;35124
9/11/2020;B;18:00:00;4264
10/11/2020;A;18:00:00;35845
10/11/2020;B;18:00:00;4591
11/11/2020;A;18:00:00;37228
11/11/2020;B;18:00:00;4758
13/11/2020;A;18:00:00;33464
13/11/2020;B;18:00:00;4555
14/11/2020;A;18:00:00;22851
14/11/2020;B;18:00:00;2762
15/11/2020;A;18:00:00;12632
15/11/2020;B;18:00:00;1735
16/11/2020;A;18:00:00;13155
16/11/2020;B;18:00:00;1637
17/11/2020;A;18:00:00;35496
17/11/2020;B;18:00:00;4654
18/11/2020;A;18:00:00;39280
18/11/2020;B;18:00:00;4802
19/11/2020;A;18:00:00;38740
19/11/2020;B;18:00:00;4903
20/11/2020;A;18:00:00;37262
20/11/2020;B;18:00:00;4622
21/11/2020;A;18:00:00;23650
21/11/2020;B;18:00:00;2935
22/11/2020;A;18:00:00;14141
22/11/2020;B;18:00:00;1990
23/11/2020;A;18:00:00;39254
23/11/2020;B;18:00:00;4709
24/11/2020;A;18:00:00;38859
24/11/2020;B;18:00:00;4626
25/11/2020;A;18:00:00;40688
25/11/2020;B;18:00:00;4925
26/11/2020;A;18:00:00;37607
26/11/2020;B;18:00:00;4713
27/11/2020;A;18:00:00;40771
27/11/2020;B;18:00:00;4866
28/11/2020;A;18:00:00;25839
28/11/2020;B;18:00:00;2898
29/11/2020;A;18:00:00;15185
29/11/2020;B;18:00:00;1979
30/11/2020;A;18:00:00;41902
30/11/2020;B;18:00:00;5050
1/12/2020;A;18:00:00;43254
1/12/2020;B;18:00:00;4980
2/12/2020;A;18:00:00;42425
2/12/2020;B;18:00:00;5136
3/12/2020;A;18:00:00;43078
3/12/2020;B;18:00:00;5178
4/12/2020;A;18:00:00;42157
4/12/2020;B;18:00:00;5251
5/12/2020;A;18:00:00;28142
5/12/2020;B;18:00:00;3457
6/12/2020;A;18:00:00;18121
6/12/2020;B;18:00:00;2415
7/12/2020;A;18:00:00;42509
7/12/2020;B;18:00:00;5378
8/12/2020;A;18:00:00;16722
8/12/2020;B;18:00:00;2219
9/12/2020;A;18:00:00;44624
9/12/2020;B;18:00:00;5394
10/12/2020;A;18:00:00;44956
10/12/2020;B;18:00:00;5596
11/12/2020;A;18:00:00;44033
11/12/2020;B;18:00:00;5445
12/12/2020;A;18:00:00;28202
12/12/2020;B;18:00:00;3521
13/12/2020;A;18:00:00;19121
13/12/2020;B;18:00:00;2477
14/12/2020;A;18:00:00;42877
14/12/2020;B;18:00:00;5093
15/12/2020;A;18:00:00;45150
15/12/2020;B;18:00:00;5441
16/12/2020;A;18:00:00;45715
16/12/2020;B;18:00:00;5485
17/12/2020;A;18:00:00;44302
17/12/2020;B;18:00:00;5310
18/12/2020;A;18:00:00;44392
18/12/2020;B;18:00:00;5423
19/12/2020;A;18:00:00;29930
19/12/2020;B;18:00:00;3451
20/12/2020;A;18:00:00;20515
20/12/2020;B;18:00:00;2467
21/12/2020;A;18:00:00;48100
21/12/2020;B;18:00:00;5414
22/12/2020;A;18:00:00;41478
22/12/2020;B;18:00:00;4800
23/12/2020;A;18:00:00;39139
23/12/2020;B;18:00:00;4682
24/12/2020;A;18:00:00;25598
24/12/2020;B;18:00:00;3130
25/12/2020;A;18:00:00;8548
25/12/2020;B;18:00:00;1068
26/12/2020;A;18:00:00;19249
26/12/2020;B;18:00:00;2320
27/12/2020;A;18:00:00;26212
27/12/2020;B;18:00:00;3246
28/12/2020;A;18:00:00;35665
28/12/2020;B;18:00:00;4122
29/12/2020;A;18:00:00;37908
29/12/2020;B;18:00:00;4546
30/12/2020;A;18:00:00;32140
30/12/2020;B;18:00:00;4030
31/12/2020;A;18:00:00;20879
31/12/2020;B;18:00:00;2698
1/01/2021;A;18:00:00;3314
1/01/2021;B;18:00:00;432
2/01/2021;A;18:00:00;5531
2/01/2021;B;18:00:00;686
3/01/2021;A;18:00:00;12094
3/01/2021;B;18:00:00;1679
4/01/2021;A;18:00:00;32794
4/01/2021;B;18:00:00;3868
5/01/2021;A;18:00:00;34586
5/01/2021;B;18:00:00;4033
6/01/2021;A;18:00:00;36360
6/01/2021;B;18:00:00;4286
7/01/2021;A;18:00:00;34098
7/01/2021;B;18:00:00;4191
8/01/2021;A;18:00:00;36633
8/01/2021;B;18:00:00;4945
9/01/2021;A;18:00:00;6234
9/01/2021;B;18:00:00;744
10/01/2021;A;18:00:00;4040
10/01/2021;B;18:00:00;542
11/01/2021;A;18:00:00;5084
11/01/2021;B;18:00:00;576
12/01/2021;A;18:00:00;37718
12/01/2021;B;18:00:00;4575
13/01/2021;A;18:00:00;37925
13/01/2021;B;18:00:00;4647
14/01/2021;A;18:00:00;37955
14/01/2021;B;18:00:00;4571
15/01/2021;A;18:00:00;43202
15/01/2021;B;18:00:00;5325
16/01/2021;A;18:00:00;9686
16/01/2021;B;18:00:00;1049
17/01/2021;A;18:00:00;5395
17/01/2021;B;18:00:00;729
18/01/2021;A;18:00:00;39371
18/01/2021;B;18:00:00;4810
19/01/2021;A;18:00:00;38690
19/01/2021;B;18:00:00;4611
20/01/2021;A;18:00:00;38685
20/01/2021;B;18:00:00;4814
21/01/2021;A;18:00:00;38486
21/01/2021;B;18:00:00;4788
22/01/2021;A;18:00:00;36877
22/01/2021;B;18:00:00;4719
23/01/2021;A;18:00:00;19618
23/01/2021;B;18:00:00;2555
24/01/2021;A;18:00:00;13072
24/01/2021;B;18:00:00;1768
25/01/2021;A;18:00:00;37815
25/01/2021;B;18:00:00;4850
26/01/2021;A;18:00:00;38339
26/01/2021;B;18:00:00;4903
27/01/2021;A;18:00:00;38131
27/01/2021;B;18:00:00;4867
28/01/2021;A;18:00:00;39034
28/01/2021;B;18:00:00;4929
29/01/2021;A;18:00:00;38230
29/01/2021;B;18:00:00;4935
30/01/2021;A;18:00:00;22523
30/01/2021;B;18:00:00;2787
31/01/2021;A;18:00:00;14595
31/01/2021;B;18:00:00;2087
1/02/2021;A;18:00:00;38795
1/02/2021;B;18:00:00;5038
2/02/2021;A;18:00:00;39801
2/02/2021;B;18:00:00;4992
3/02/2021;A;18:00:00;39459
3/02/2021;B;18:00:00;5024
4/02/2021;A;18:00:00;39729
4/02/2021;B;18:00:00;4897
5/02/2021;A;18:00:00;39356
5/02/2021;B;18:00:00;5281
6/02/2021;A;18:00:00;22086
6/02/2021;B;18:00:00;2894
7/02/2021;A;18:00:00;13970
7/02/2021;B;18:00:00;1989
8/02/2021;A;18:00:00;37614
8/02/2021;B;18:00:00;4730
9/02/2021;A;18:00:00;39415
9/02/2021;B;18:00:00;4856
10/02/2021;A;18:00:00;39762
10/02/2021;B;18:00:00;5092
11/02/2021;A;18:00:00;39988
11/02/2021;B;18:00:00;4978
12/02/2021;A;18:00:00;39271
12/02/2021;B;18:00:00;4908
13/02/2021;A;18:00:00;21001
13/02/2021;B;18:00:00;2731
14/02/2021;A;18:00:00;13975
14/02/2021;B;18:00:00;1980
15/02/2021;A;18:00:00;41524
15/02/2021;B;18:00:00;5150
16/02/2021;A;18:00:00;41131
16/02/2021;B;18:00:00;5104
17/02/2021;A;18:00:00;38872
17/02/2021;B;18:00:00;5039
18/02/2021;A;18:00:00;41100
18/02/2021;B;18:00:00;5069
19/02/2021;A;18:00:00;41335
19/02/2021;B;18:00:00;5356
20/02/2021;A;18:00:00;22544
20/02/2021;B;18:00:00;3083
21/02/2021;A;18:00:00;14650
21/02/2021;B;18:00:00;2094
22/02/2021;A;18:00:00;40271
22/02/2021;B;18:00:00;5098
23/02/2021;A;18:00:00;41115
23/02/2021;B;18:00:00;5260
24/02/2021;A;18:00:00;41503
24/02/2021;B;18:00:00;5152
25/02/2021;A;18:00:00;41821
25/02/2021;B;18:00:00;5236
26/02/2021;A;18:00:00;40728
26/02/2021;B;18:00:00;5259
27/02/2021;A;18:00:00;24808
27/02/2021;B;18:00:00;3405
28/02/2021;A;18:00:00;15898
28/02/2021;B;18:00:00;2516
1/03/2021;A;18:00:00;41421
1/03/2021;B;18:00:00;5291
2/03/2021;A;18:00:00;43568
2/03/2021;B;18:00:00;5265
3/03/2021;A;18:00:00;41914
3/03/2021;B;18:00:00;5419
4/03/2021;A;18:00:00;42946
4/03/2021;B;18:00:00;5287
5/03/2021;A;18:00:00;41852
5/03/2021;B;18:00:00;5392
6/03/2021;A;18:00:00;24258
6/03/2021;B;18:00:00;3209
7/03/2021;A;18:00:00;15954
7/03/2021;B;18:00:00;2157
8/03/2021;A;18:00:00;44684
8/03/2021;B;18:00:00;5603
9/03/2021;A;18:00:00;42258
9/03/2021;B;18:00:00;5479
10/03/2021;A;18:00:00;41879
10/03/2021;B;18:00:00;5147
11/03/2021;A;18:00:00;42087
11/03/2021;B;18:00:00;5857
12/03/2021;A;18:00:00;42068
12/03/2021;B;18:00:00;5389
13/03/2021;A;18:00:00;23737
13/03/2021;B;18:00:00;3168
14/03/2021;A;18:00:00;14262
14/03/2021;B;18:00:00;2069
15/03/2021;A;18:00:00;42128
15/03/2021;B;18:00:00;5312
16/03/2021;A;18:00:00;44448
16/03/2021;B;18:00:00;6084
17/03/2021;A;18:00:00;44968
17/03/2021;B;18:00:00;5465
18/03/2021;A;18:00:00;42336
18/03/2021;B;18:00:00;5249
19/03/2021;A;18:00:00;41713
19/03/2021;B;18:00:00;5490
20/03/2021;A;18:00:00;23999
20/03/2021;B;18:00:00;3253
21/03/2021;A;18:00:00;12397
21/03/2021;B;18:00:00;1500
22/03/2021;A;18:00:00;10358
22/03/2021;B;18:00:00;1670
23/03/2021;A;18:00:00;35588
23/03/2021;B;18:00:00;4867
24/03/2021;A;18:00:00;34450
24/03/2021;B;18:00:00;5050
25/03/2021;A;18:00:00;37185
25/03/2021;B;18:00:00;5358
26/03/2021;A;18:00:00;35180
26/03/2021;B;18:00:00;5195
27/03/2021;A;18:00:00;20204
27/03/2021;B;18:00:00;3067
28/03/2021;A;18:00:00;11380
28/03/2021;B;18:00:00;1933
29/03/2021;A;18:00:00;35889
29/03/2021;B;18:00:00;4902
30/03/2021;A;18:00:00;35878
30/03/2021;B;18:00:00;4816
31/03/2021;A;18:00:00;13665
31/03/2021;B;18:00:00;1622
1/04/2021;A;18:00:00;4854
1/04/2021;B;18:00:00;720
2/04/2021;A;18:00:00;4593
2/04/2021;B;18:00:00;606
3/04/2021;A;18:00:00;6971
3/04/2021;B;18:00:00;939
4/04/2021;A;18:00:00;6513
4/04/2021;B;18:00:00;872
5/04/2021;A;18:00:00;30065
5/04/2021;B;18:00:00;3340
6/04/2021;A;18:00:00;27106
6/04/2021;B;18:00:00;3355
7/04/2021;A;18:00:00;23991
7/04/2021;B;18:00:00;3053
8/04/2021;A;18:00:00;33757
8/04/2021;B;18:00:00;4014
9/04/2021;A;18:00:00;12231
9/04/2021;B;18:00:00;1530
10/04/2021;A;18:00:00;6657
10/04/2021;B;18:00:00;912
11/04/2021;A;18:00:00;4493
11/04/2021;B;18:00:00;671
12/04/2021;A;18:00:00;36954
12/04/2021;B;18:00:00;4806
13/04/2021;A;18:00:00;35617
13/04/2021;B;18:00:00;4539
14/04/2021;A;18:00:00;35715
14/04/2021;B;18:00:00;4557
15/04/2021;A;18:00:00;35344
15/04/2021;B;18:00:00;4767
16/04/2021;A;18:00:00;18095
16/04/2021;B;18:00:00;2036
17/04/2021;A;18:00:00;7557
17/04/2021;B;18:00:00;1057
18/04/2021;A;18:00:00;5153
18/04/2021;B;18:00:00;725
19/04/2021;A;18:00:00;36403
19/04/2021;B;18:00:00;4675
20/04/2021;A;18:00:00;35309
20/04/2021;B;18:00:00;4511
21/04/2021;A;18:00:00;36083
21/04/2021;B;18:00:00;4578
22/04/2021;A;18:00:00;36095
22/04/2021;B;18:00:00;4532
23/04/2021;A;18:00:00;19629
23/04/2021;B;18:00:00;2323
24/04/2021;A;18:00:00;8241
24/04/2021;B;18:00:00;1164
25/04/2021;A;18:00:00;5264
25/04/2021;B;18:00:00;739
26/04/2021;A;18:00:00;36573
26/04/2021;B;18:00:00;4561
27/04/2021;A;18:00:00;36046
27/04/2021;B;18:00:00;4347
28/04/2021;A;18:00:00;31805
28/04/2021;B;18:00:00;3330
29/04/2021;A;18:00:00;30919
29/04/2021;B;18:00:00;4308
30/04/2021;A;18:00:00;16814
30/04/2021;B;18:00:00;2096
1/05/2021;A;18:00:00;12
1/05/2021;B;18:00:00;
2/05/2021;A;18:00:00;1963
2/05/2021;B;18:00:00;290
3/05/2021;A;18:00:00;31013
3/05/2021;B;18:00:00;3380
4/05/2021;A;18:00:00;30915
4/05/2021;B;18:00:00;3842
5/05/2021;A;18:00:00;14209
5/05/2021;B;18:00:00;1924
6/05/2021;A;18:00:00;31885
6/05/2021;B;18:00:00;4072
7/05/2021;A;18:00:00;30700
7/05/2021;B;18:00:00;4082
8/05/2021;A;18:00:00;7961
8/05/2021;B;18:00:00;1129
9/05/2021;A;18:00:00;5524
9/05/2021;B;18:00:00;789
10/05/2021;A;18:00:00;35198
10/05/2021;B;18:00:00;4449
11/05/2021;A;18:00:00;34655
11/05/2021;B;18:00:00;4493
12/05/2021;A;18:00:00;26380
12/05/2021;B;18:00:00;3656
13/05/2021;A;18:00:00;35740
13/05/2021;B;18:00:00;4669
14/05/2021;A;18:00:00;34553
14/05/2021;B;18:00:00;4349
15/05/2021;A;18:00:00;19028
15/05/2021;B;18:00:00;2340
16/05/2021;A;18:00:00;10001
16/05/2021;B;18:00:00;1451
17/05/2021;A;18:00:00;10388
17/05/2021;B;18:00:00;1453
18/05/2021;A;18:00:00;36204
18/05/2021;B;18:00:00;4451
19/05/2021;A;18:00:00;27529
19/05/2021;B;18:00:00;3717
20/05/2021;A;18:00:00;34659
20/05/2021;B;18:00:00;4625
21/05/2021;A;18:00:00;34184
21/05/2021;B;18:00:00;4543
22/05/2021;A;18:00:00;19031
22/05/2021;B;18:00:00;2714
23/05/2021;A;18:00:00;11116
23/05/2021;B;18:00:00;1679
24/05/2021;A;18:00:00;37070
24/05/2021;B;18:00:00;4330
25/05/2021;A;18:00:00;36339
25/05/2021;B;18:00:00;4525
26/05/2021;A;18:00:00;34511
26/05/2021;B;18:00:00;4371
27/05/2021;A;18:00:00;38027
27/05/2021;B;18:00:00;4575
28/05/2021;A;18:00:00;30052
28/05/2021;B;18:00:00;156
29/05/2021;A;18:00:00;19493
29/05/2021;B;18:00:00;2662
30/05/2021;A;18:00:00;12376
30/05/2021;B;18:00:00;1787
31/05/2021;A;18:00:00;38966
31/05/2021;B;18:00:00;4889
1/06/2021;A;18:00:00;40207
1/06/2021;B;18:00:00;4903
2/06/2021;A;18:00:00;34671
2/06/2021;B;18:00:00;4518
3/06/2021;A;18:00:00;36747
3/06/2021;B;18:00:00;4634
4/06/2021;A;18:00:00;38911
4/06/2021;B;18:00:00;4887
5/06/2021;A;18:00:00;21299
5/06/2021;B;18:00:00;2983
6/06/2021;A;18:00:00;12817
6/06/2021;B;18:00:00;1695
7/06/2021;A;18:00:00;12853
7/06/2021;B;18:00:00;1794
8/06/2021;A;18:00:00;38222
8/06/2021;B;18:00:00;4289
9/06/2021;A;18:00:00;39995
9/06/2021;B;18:00:00;4677
10/06/2021;A;18:00:00;39054
10/06/2021;B;18:00:00;4593
11/06/2021;A;18:00:00;40062
11/06/2021;B;18:00:00;5509
12/06/2021;A;18:00:00;21249
12/06/2021;B;18:00:00;2750
13/06/2021;A;18:00:00;12528
13/06/2021;B;18:00:00;1777
14/06/2021;A;18:00:00;12727
14/06/2021;B;18:00:00;1898
15/06/2021;A;18:00:00;42815
15/06/2021;B;18:00:00;5040
16/06/2021;A;18:00:00;42726
16/06/2021;B;18:00:00;5018
17/06/2021;A;18:00:00;34637
17/06/2021;B;18:00:00;4716
18/06/2021;A;18:00:00;40309
18/06/2021;B;18:00:00;4950
19/06/2021;A;18:00:00;25163
19/06/2021;B;18:00:00;3525
20/06/2021;A;18:00:00;12548
20/06/2021;B;18:00:00;1790
21/06/2021;A;18:00:00;39613
21/06/2021;B;18:00:00;4620
22/06/2021;A;18:00:00;40140
22/06/2021;B;18:00:00;4778
23/06/2021;A;18:00:00;39431
23/06/2021;B;18:00:00;4692
24/06/2021;A;18:00:00;41883
24/06/2021;B;18:00:00;5329
25/06/2021;A;18:00:00;40080
25/06/2021;B;18:00:00;4808
26/06/2021;A;18:00:00;22456
26/06/2021;B;18:00:00;3016
27/06/2021;A;18:00:00;14925
27/06/2021;B;18:00:00;2284
28/06/2021;A;18:00:00;39912
28/06/2021;B;18:00:00;4720
29/06/2021;A;18:00:00;41190
29/06/2021;B;18:00:00;4923
30/06/2021;A;18:00:00;41965
30/06/2021;B;18:00:00;5099
1/07/2021;A;18:00:00;42938
1/07/2021;B;18:00:00;4992
2/07/2021;A;18:00:00;42652
2/07/2021;B;18:00:00;5208
3/07/2021;A;18:00:00;20446
3/07/2021;B;18:00:00;2779
4/07/2021;A;18:00:00;17952
4/07/2021;B;18:00:00;2416
5/07/2021;A;18:00:00;15030
5/07/2021;B;18:00:00;2068
6/07/2021;A;18:00:00;43865
6/07/2021;B;18:00:00;5361
7/07/2021;A;18:00:00;44495
7/07/2021;B;18:00:00;5539
8/07/2021;A;18:00:00;44310
8/07/2021;B;18:00:00;5457
9/07/2021;A;18:00:00;44482
9/07/2021;B;18:00:00;5265
10/07/2021;A;18:00:00;22601
10/07/2021;B;18:00:00;3378
11/07/2021;A;18:00:00;15218
11/07/2021;B;18:00:00;2255
12/07/2021;A;18:00:00;42588
12/07/2021;B;18:00:00;5181
13/07/2021;A;18:00:00;43233
13/07/2021;B;18:00:00;4930
14/07/2021;A;18:00:00;43915
14/07/2021;B;18:00:00;5393
15/07/2021;A;18:00:00;43229
15/07/2021;B;18:00:00;5096
16/07/2021;A;18:00:00;43769
16/07/2021;B;18:00:00;5543
17/07/2021;A;18:00:00;25417
17/07/2021;B;18:00:00;3480
18/07/2021;A;18:00:00;15481
18/07/2021;B;18:00:00;2266
19/07/2021;A;18:00:00;39759
19/07/2021;B;18:00:00;5123
20/07/2021;A;18:00:00;12228
20/07/2021;B;18:00:00;1585
21/07/2021;A;18:00:00;45723
21/07/2021;B;18:00:00;5578
22/07/2021;A;18:00:00;44558
22/07/2021;B;18:00:00;5443
23/07/2021;A;18:00:00;44777
23/07/2021;B;18:00:00;5492
24/07/2021;A;18:00:00;22982
24/07/2021;B;18:00:00;3065
25/07/2021;A;18:00:00;13421
25/07/2021;B;18:00:00;2073
26/07/2021;A;18:00:00;45371
26/07/2021;B;18:00:00;5416
27/07/2021;A;18:00:00;46112
27/07/2021;B;18:00:00;5551
28/07/2021;A;18:00:00;46320
28/07/2021;B;18:00:00;5939
29/07/2021;A;18:00:00;44103
29/07/2021;B;18:00:00;5289
30/07/2021;A;18:00:00;45437
30/07/2021;B;18:00:00;5905
31/07/2021;A;18:00:00;25745
31/07/2021;B;18:00:00;3430
1/08/2021;A;18:00:00;15037
1/08/2021;B;18:00:00;2499
2/08/2021;A;18:00:00;44800
2/08/2021;B;18:00:00;5421
3/08/2021;A;18:00:00;41825
3/08/2021;B;18:00:00;5605
4/08/2021;A;18:00:00;44410
4/08/2021;B;18:00:00;5770
5/08/2021;A;18:00:00;45133
5/08/2021;B;18:00:00;5720
6/08/2021;A;18:00:00;45065
6/08/2021;B;18:00:00;5749
7/08/2021;A;18:00:00;19232
7/08/2021;B;18:00:00;2755
8/08/2021;A;18:00:00;15471
8/08/2021;B;18:00:00;2571
9/08/2021;A;18:00:00;43230
9/08/2021;B;18:00:00;5496
10/08/2021;A;18:00:00;44890
10/08/2021;B;18:00:00;5890
11/08/2021;A;18:00:00;44145
11/08/2021;B;18:00:00;5934
12/08/2021;A;18:00:00;45125
12/08/2021;B;18:00:00;6047
13/08/2021;A;18:00:00;46128
13/08/2021;B;18:00:00;6394
14/08/2021;A;18:00:00;28098
14/08/2021;B;18:00:00;3857
15/08/2021;A;18:00:00;14399
15/08/2021;B;18:00:00;2247
16/08/2021;A;18:00:00;15895
16/08/2021;B;18:00:00;2760
17/08/2021;A;18:00:00;46652
17/08/2021;B;18:00:00;6138
18/08/2021;A;18:00:00;48663
18/08/2021;B;18:00:00;6608
19/08/2021;A;18:00:00;47314
19/08/2021;B;18:00:00;6252
20/08/2021;A;18:00:00;47110
20/08/2021;B;18:00:00;6383
21/08/2021;A;18:00:00;25706
21/08/2021;B;18:00:00;3598
22/08/2021;A;18:00:00;17370
22/08/2021;B;18:00:00;3590
23/08/2021;A;18:00:00;45139
23/08/2021;B;18:00:00;5703
24/08/2021;A;18:00:00;45907
24/08/2021;B;18:00:00;5821
25/08/2021;A;18:00:00;46901
25/08/2021;B;18:00:00;5972
26/08/2021;A;18:00:00;47903
26/08/2021;B;18:00:00;6301
27/08/2021;A;18:00:00;47146
27/08/2021;B;18:00:00;6143
28/08/2021;A;18:00:00;27846
28/08/2021;B;18:00:00;3791
29/08/2021;A;18:00:00;16819
29/08/2021;B;18:00:00;2535
30/08/2021;A;18:00:00;47091
30/08/2021;B;18:00:00;5889
31/08/2021;A;18:00:00;49034
31/08/2021;B;18:00:00;6156
1/09/2021;A;18:00:00;49439
1/09/2021;B;18:00:00;6104
2/09/2021;A;18:00:00;48738
2/09/2021;B;18:00:00;6273
3/09/2021;A;18:00:00;50058
3/09/2021;B;18:00:00;6647
4/09/2021;A;18:00:00;27241
4/09/2021;B;18:00:00;3660
5/09/2021;A;18:00:00;17140
5/09/2021;B;18:00:00;2652
6/09/2021;A;18:00:00;46218
6/09/2021;B;18:00:00;6046
7/09/2021;A;18:00:00;48008
7/09/2021;B;18:00:00;6239
8/09/2021;A;18:00:00;48529
8/09/2021;B;18:00:00;6547
9/09/2021;A;18:00:00;48155
9/09/2021;B;18:00:00;6200
10/09/2021;A;18:00:00;48699
10/09/2021;B;18:00:00;6652
11/09/2021;A;18:00:00;26535
11/09/2021;B;18:00:00;3814
12/09/2021;A;18:00:00;17062
12/09/2021;B;18:00:00;2793
13/09/2021;A;18:00:00;47180
13/09/2021;B;18:00:00;6174
14/09/2021;A;18:00:00;48405
14/09/2021;B;18:00:00;6236
15/09/2021;A;18:00:00;49800
15/09/2021;B;18:00:00;6429
16/09/2021;A;18:00:00;51206
16/09/2021;B;18:00:00;6356
17/09/2021;A;18:00:00;50358
17/09/2021;B;18:00:00;6553
18/09/2021;A;18:00:00;28864
18/09/2021;B;18:00:00;3987
19/09/2021;A;18:00:00;17225
19/09/2021;B;18:00:00;2654
20/09/2021;A;18:00:00;46738
20/09/2021;B;18:00:00;5755
21/09/2021;A;18:00:00;48003
21/09/2021;B;18:00:00;6173
22/09/2021;A;18:00:00;50223
22/09/2021;B;18:00:00;6807
23/09/2021;A;18:00:00;49842
23/09/2021;B;18:00:00;6589
24/09/2021;A;18:00:00;51141
24/09/2021;B;18:00:00;6632
25/09/2021;A;18:00:00;27238
25/09/2021;B;18:00:00;3885
26/09/2021;A;18:00:00;18651
26/09/2021;B;18:00:00;2897
27/09/2021;A;18:00:00;47660
27/09/2021;B;18:00:00;6256
28/09/2021;A;18:00:00;47615
28/09/2021;B;18:00:00;6124
29/09/2021;A;18:00:00;48033
29/09/2021;B;18:00:00;6169
30/09/2021;A;18:00:00;51918
30/09/2021;B;18:00:00;6359
1/10/2021;A;18:00:00;49373
1/10/2021;B;18:00:00;6194
2/10/2021;A;18:00:00;30940
2/10/2021;B;18:00:00;4202
3/10/2021;A;18:00:00;20608
3/10/2021;B;18:00:00;3143
4/10/2021;A;18:00:00;48960
4/10/2021;B;18:00:00;6035
5/10/2021;A;18:00:00;52871
5/10/2021;B;18:00:00;6674
6/10/2021;A;18:00:00;51970
6/10/2021;B;18:00:00;6687
7/10/2021;A;18:00:00;48401
7/10/2021;B;18:00:00;6109
8/10/2021;A;18:00:00;51876
8/10/2021;B;18:00:00;6736
9/10/2021;A;18:00:00;27567
9/10/2021;B;18:00:00;3712
10/10/2021;A;18:00:00;16766
10/10/2021;B;18:00:00;2621
11/10/2021;A;18:00:00;48996
11/10/2021;B;18:00:00;6260
12/10/2021;A;18:00:00;52049
12/10/2021;B;18:00:00;6326
13/10/2021;A;18:00:00;48907
13/10/2021;B;18:00:00;6372
14/10/2021;A;18:00:00;46224
14/10/2021;B;18:00:00;6306
15/10/2021;A;18:00:00;51276
15/10/2021;B;18:00:00;6577
16/10/2021;A;18:00:00;30528
16/10/2021;B;18:00:00;4268
17/10/2021;A;18:00:00;18101
17/10/2021;B;18:00:00;2912
18/10/2021;A;18:00:00;19227
18/10/2021;B;18:00:00;2784
19/10/2021;A;18:00:00;52828
19/10/2021;B;18:00:00;6998
20/10/2021;A;18:00:00;53648
20/10/2021;B;18:00:00;6956
21/10/2021;A;18:00:00;53055
21/10/2021;B;18:00:00;6927
22/10/2021;A;18:00:00;50867
22/10/2021;B;18:00:00;6653
23/10/2021;A;18:00:00;28294
23/10/2021;B;18:00:00;3647
24/10/2021;A;18:00:00;17766
24/10/2021;B;18:00:00;2854
25/10/2021;A;18:00:00;49177
25/10/2021;B;18:00:00;6090
26/10/2021;A;18:00:00;52663
26/10/2021;B;18:00:00;6805
27/10/2021;A;18:00:00;53178
27/10/2021;B;18:00:00;6544
28/10/2021;A;18:00:00;53089
28/10/2021;B;18:00:00;6712
29/10/2021;A;18:00:00;55798
29/10/2021;B;18:00:00;7240
30/10/2021;A;18:00:00;32062
30/10/2021;B;18:00:00;4068
31/10/2021;A;18:00:00;21025
31/10/2021;B;18:00:00;2810
1/11/2021;A;18:00:00;18083
1/11/2021;B;18:00:00;2581
2/11/2021;A;18:00:00;55273
2/11/2021;B;18:00:00;6925
3/11/2021;A;18:00:00;54606
3/11/2021;B;18:00:00;6932
4/11/2021;A;18:00:00;54901
4/11/2021;B;18:00:00;6861
5/11/2021;A;18:00:00;53856
5/11/2021;B;18:00:00;6938
6/11/2021;A;18:00:00;31170
6/11/2021;B;18:00:00;4277
7/11/2021;A;18:00:00;18478
7/11/2021;B;18:00:00;2887
8/11/2021;A;18:00:00;52712
8/11/2021;B;18:00:00;6240
9/11/2021;A;18:00:00;54078
9/11/2021;B;18:00:00;6791
10/11/2021;A;18:00:00;55736
10/11/2021;B;18:00:00;7347
11/11/2021;A;18:00:00;56799
11/11/2021;B;18:00:00;6831
12/11/2021;A;18:00:00;53071
12/11/2021;B;18:00:00;6973
13/11/2021;A;18:00:00;32229
13/11/2021;B;18:00:00;4322
14/11/2021;A;18:00:00;18417
14/11/2021;B;18:00:00;6041
15/11/2021;A;18:00:00;18001
15/11/2021;B;18:00:00;2450
16/11/2021;A;18:00:00;52769
16/11/2021;B;18:00:00;6489
17/11/2021;A;18:00:00;55814
17/11/2021;B;18:00:00;7010
18/11/2021;A;18:00:00;55195
18/11/2021;B;18:00:00;7068
19/11/2021;A;18:00:00;54298
19/11/2021;B;18:00:00;6847
20/11/2021;A;18:00:00;31458
20/11/2021;B;18:00:00;4344
21/11/2021;A;18:00:00;18869
21/11/2021;B;18:00:00;4951
22/11/2021;A;18:00:00;52980
22/11/2021;B;18:00:00;6604
23/11/2021;A;18:00:00;53311
23/11/2021;B;18:00:00;6913
24/11/2021;A;18:00:00;54111
24/11/2021;B;18:00:00;6963
25/11/2021;A;18:00:00;54520
25/11/2021;B;18:00:00;6522
26/11/2021;A;18:00:00;54440
26/11/2021;B;18:00:00;7116
27/11/2021;A;18:00:00;32849
27/11/2021;B;18:00:00;4393
28/11/2021;A;18:00:00;19118
28/11/2021;B;18:00:00;3200
29/11/2021;A;18:00:00;46819
29/11/2021;B;18:00:00;6645
30/11/2021;A;18:00:00;56993
30/11/2021;B;18:00:00;7280
1/12/2021;A;18:00:00;56352
1/12/2021;B;18:00:00;6883
2/12/2021;A;18:00:00;57118
2/12/2021;B;18:00:00;7190
3/12/2021;A;18:00:00;59713
3/12/2021;B;18:00:00;7202
4/12/2021;A;18:00:00;36695
4/12/2021;B;18:00:00;4717
5/12/2021;A;18:00:00;23711
5/12/2021;B;18:00:00;3551
6/12/2021;A;18:00:00;56433
6/12/2021;B;18:00:00;7115
7/12/2021;A;18:00:00;58893
7/12/2021;B;18:00:00;7265
8/12/2021;A;18:00:00;23246
8/12/2021;B;18:00:00;3468
9/12/2021;A;18:00:00;57450
9/12/2021;B;18:00:00;7268
10/12/2021;A;18:00:00;57895
10/12/2021;B;18:00:00;7365
11/12/2021;A;18:00:00;33132
11/12/2021;B;18:00:00;4283
12/12/2021;A;18:00:00;24495
12/12/2021;B;18:00:00;3507
13/12/2021;A;18:00:00;59657
13/12/2021;B;18:00:00;7367
14/12/2021;A;18:00:00;58072
14/12/2021;B;18:00:00;7150
15/12/2021;A;18:00:00;57810
15/12/2021;B;18:00:00;7150
16/12/2021;A;18:00:00;59196
16/12/2021;B;18:00:00;7358
17/12/2021;A;18:00:00;55658
17/12/2021;B;18:00:00;6764
18/12/2021;A;18:00:00;40969
18/12/2021;B;18:00:00;5091
19/12/2021;A;18:00:00;28723
19/12/2021;B;18:00:00;3565
20/12/2021;A;18:00:00;60100
20/12/2021;B;18:00:00;7704
21/12/2021;A;18:00:00;60319
21/12/2021;B;18:00:00;7202
22/12/2021;A;18:00:00;54237
22/12/2021;B;18:00:00;6220
23/12/2021;A;18:00:00;58288
23/12/2021;B;18:00:00;6915
24/12/2021;A;18:00:00;30746
24/12/2021;B;18:00:00;3699
25/12/2021;A;18:00:00;16856
25/12/2021;B;18:00:00;2589
26/12/2021;A;18:00:00;19390
26/12/2021;B;18:00:00;2848
27/12/2021;A;18:00:00;45578
27/12/2021;B;18:00:00;5692
28/12/2021;A;18:00:00;46933
28/12/2021;B;18:00:00;5916
29/12/2021;A;18:00:00;46246
29/12/2021;B;18:00:00;5547
30/12/2021;A;18:00:00;42454
30/12/2021;B;18:00:00;5163
31/12/2021;A;18:00:00;24287
31/12/2021;B;18:00:00;2926
1/01/2022;A;18:00:00;12716
1/01/2022;B;18:00:00;2204
2/01/2022;A;18:00:00;16547
2/01/2022;B;18:00:00;2876
3/01/2022;A;18:00:00;37714
3/01/2022;B;18:00:00;5099
4/01/2022;A;18:00:00;40616
4/01/2022;B;18:00:00;5158
5/01/2022;A;18:00:00;38986
5/01/2022;B;18:00:00;5301
6/01/2022;A;18:00:00;41531
6/01/2022;B;18:00:00;5099
7/01/2022;A;18:00:00;36713
7/01/2022;B;18:00:00;4854
8/01/2022;A;18:00:00;22635
8/01/2022;B;18:00:00;3304
9/01/2022;A;18:00:00;17167
9/01/2022;B;18:00:00;3416
10/01/2022;A;18:00:00;17235
10/01/2022;B;18:00:00;2845
11/01/2022;A;18:00:00;43612
11/01/2022;B;18:00:00;5471
12/01/2022;A;18:00:00;45270
12/01/2022;B;18:00:00;5536
13/01/2022;A;18:00:00;45503
13/01/2022;B;18:00:00;5895
14/01/2022;A;18:00:00;45368
14/01/2022;B;18:00:00;5916
15/01/2022;A;18:00:00;26058
15/01/2022;B;18:00:00;3584
16/01/2022;A;18:00:00;17418
16/01/2022;B;18:00:00;2884
17/01/2022;A;18:00:00;48855
17/01/2022;B;18:00:00;6292
18/01/2022;A;18:00:00;48804
18/01/2022;B;18:00:00;6485
19/01/2022;A;18:00:00;49856
19/01/2022;B;18:00:00;6661
20/01/2022;A;18:00:00;46262
20/01/2022;B;18:00:00;6411
21/01/2022;A;18:00:00;47242
21/01/2022;B;18:00:00;6408
22/01/2022;A;18:00:00;25338
22/01/2022;B;18:00:00;3777
23/01/2022;A;18:00:00;17454
23/01/2022;B;18:00:00;5013
24/01/2022;A;18:00:00;50928
24/01/2022;B;18:00:00;6181
25/01/2022;A;18:00:00;50981
25/01/2022;B;18:00:00;6746
26/01/2022;A;18:00:00;52551
26/01/2022;B;18:00:00;6856
27/01/2022;A;18:00:00;50650
27/01/2022;B;18:00:00;6630
28/01/2022;A;18:00:00;49512
28/01/2022;B;18:00:00;6391
29/01/2022;A;18:00:00;27323
29/01/2022;B;18:00:00;3810
30/01/2022;A;18:00:00;18871
30/01/2022;B;18:00:00;5383
31/01/2022;A;18:00:00;52576
31/01/2022;B;18:00:00;6914
1/02/2022;A;18:00:00;50913
1/02/2022;B;18:00:00;6703
2/02/2022;A;18:00:00;52721
2/02/2022;B;18:00:00;6894
3/02/2022;A;18:00:00;61569
3/02/2022;B;18:00:00;7367
4/02/2022;A;18:00:00;52717
4/02/2022;B;18:00:00;6850
5/02/2022;A;18:00:00;28123
5/02/2022;B;18:00:00;3869
6/02/2022;A;18:00:00;17949
6/02/2022;B;18:00:00;2870
7/02/2022;A;18:00:00;53519
7/02/2022;B;18:00:00;7004
8/02/2022;A;18:00:00;53971
8/02/2022;B;18:00:00;7444
9/02/2022;A;18:00:00;51972
9/02/2022;B;18:00:00;7157
10/02/2022;A;18:00:00;54752
10/02/2022;B;18:00:00;7236
11/02/2022;A;18:00:00;54183
11/02/2022;B;18:00:00;7343
12/02/2022;A;18:00:00;28058
12/02/2022;B;18:00:00;4102
13/02/2022;A;18:00:00;18163
13/02/2022;B;18:00:00;2951
14/02/2022;A;18:00:00;54408
14/02/2022;B;18:00:00;7270
15/02/2022;A;18:00:00;56235
15/02/2022;B;18:00:00;7375
16/02/2022;A;18:00:00;56079
16/02/2022;B;18:00:00;7640
17/02/2022;A;18:00:00;52764
17/02/2022;B;18:00:00;6826
18/02/2022;A;18:00:00;54250
18/02/2022;B;18:00:00;7137
19/02/2022;A;18:00:00;30038
19/02/2022;B;18:00:00;4504
20/02/2022;A;18:00:00;18588
20/02/2022;B;18:00:00;2891
21/02/2022;A;18:00:00;59109
21/02/2022;B;18:00:00;8338
22/02/2022;A;18:00:00;53590
22/02/2022;B;18:00:00;7132
23/02/2022;A;18:00:00;53163
23/02/2022;B;18:00:00;7583
24/02/2022;A;18:00:00;55823
24/02/2022;B;18:00:00;7638
25/02/2022;A;18:00:00;53017
25/02/2022;B;18:00:00;7286
26/02/2022;A;18:00:00;27960
26/02/2022;B;18:00:00;4064
27/02/2022;A;18:00:00;17993
27/02/2022;B;18:00:00;2882
28/02/2022;A;18:00:00;56484
28/02/2022;B;18:00:00;7549
1/03/2022;A;18:00:00;59082
1/03/2022;B;18:00:00;8001
2/03/2022;A;18:00:00;56863
2/03/2022;B;18:00:00;7549
3/03/2022;A;18:00:00;55501
3/03/2022;B;18:00:00;7643
4/03/2022;A;18:00:00;52677
4/03/2022;B;18:00:00;7532
5/03/2022;A;18:00:00;28963
5/03/2022;B;18:00:00;4015
6/03/2022;A;18:00:00;18661
6/03/2022;B;18:00:00;2695
7/03/2022;A;18:00:00;46816
7/03/2022;B;18:00:00;7952
8/03/2022;A;18:00:00;59958
8/03/2022;B;18:00:00;8172
9/03/2022;A;18:00:00;57239
9/03/2022;B;18:00:00;8029
10/03/2022;A;18:00:00;57835
10/03/2022;B;18:00:00;8007
11/03/2022;A;18:00:00;55067
11/03/2022;B;18:00:00;7624
12/03/2022;A;18:00:00;29463
12/03/2022;B;18:00:00;4285
13/03/2022;A;18:00:00;17152
13/03/2022;B;18:00:00;2730
14/03/2022;A;18:00:00;53065
14/03/2022;B;18:00:00;7148
15/03/2022;A;18:00:00;57538
15/03/2022;B;18:00:00;8137
16/03/2022;A;18:00:00;59034
16/03/2022;B;18:00:00;7914
17/03/2022;A;18:00:00;56539
17/03/2022;B;18:00:00;8189
18/03/2022;A;18:00:00;55085
18/03/2022;B;18:00:00;7697
19/03/2022;A;18:00:00;28869
19/03/2022;B;18:00:00;4344
20/03/2022;A;18:00:00;17577
20/03/2022;B;18:00:00;2962
21/03/2022;A;18:00:00;18331
21/03/2022;B;18:00:00;2729
22/03/2022;A;18:00:00;57616
22/03/2022;B;18:00:00;8208
23/03/2022;A;18:00:00;56675
23/03/2022;B;18:00:00;8249
24/03/2022;A;18:00:00;54302
24/03/2022;B;18:00:00;7481
25/03/2022;A;18:00:00;54004
25/03/2022;B;18:00:00;7698
26/03/2022;A;18:00:00;28969
26/03/2022;B;18:00:00;4383
27/03/2022;A;18:00:00;17589
27/03/2022;B;18:00:00;2640
28/03/2022;A;18:00:00;56320
28/03/2022;B;18:00:00;7579
29/03/2022;A;18:00:00;51026
29/03/2022;B;18:00:00;7079
30/03/2022;A;18:00:00;56111
30/03/2022;B;18:00:00;7875
31/03/2022;A;18:00:00;56996
31/03/2022;B;18:00:00;7922
1/04/2022;A;18:00:00;55888
1/04/2022;B;18:00:00;7775
2/04/2022;A;18:00:00;30755
2/04/2022;B;18:00:00;4673
3/04/2022;A;18:00:00;19291
3/04/2022;B;18:00:00;2932
4/04/2022;A;18:00:00;56029
4/04/2022;B;18:00:00;7660
5/04/2022;A;18:00:00;59475
5/04/2022;B;18:00:00;7717
6/04/2022;A;18:00:00;56589
6/04/2022;B;18:00:00;8012
7/04/2022;A;18:00:00;59123
7/04/2022;B;18:00:00;8196
8/04/2022;A;18:00:00;56083
8/04/2022;B;18:00:00;7346
9/04/2022;A;18:00:00;30799
9/04/2022;B;18:00:00;4543
10/04/2022;A;18:00:00;18681
10/04/2022;B;18:00:00;3142
11/04/2022;A;18:00:00;52580
11/04/2022;B;18:00:00;6557
12/04/2022;A;18:00:00;52432
12/04/2022;B;18:00:00;6773
13/04/2022;A;18:00:00;44482
13/04/2022;B;18:00:00;5928
14/04/2022;A;18:00:00;16301
14/04/2022;B;18:00:00;3355
15/04/2022;A;18:00:00;14717
15/04/2022;B;18:00:00;3199
16/04/2022;A;18:00:00;22481
16/04/2022;B;18:00:00;3215
17/04/2022;A;18:00:00;19150
17/04/2022;B;18:00:00;2722
18/04/2022;A;18:00:00;56319
18/04/2022;B;18:00:00;7302
19/04/2022;A;18:00:00;57800
19/04/2022;B;18:00:00;8391
20/04/2022;A;18:00:00;59462
20/04/2022;B;18:00:00;8373
21/04/2022;A;18:00:00;58592
21/04/2022;B;18:00:00;8051
22/04/2022;A;18:00:00;56401
22/04/2022;B;18:00:00;7948
23/04/2022;A;18:00:00;29291
23/04/2022;B;18:00:00;4262
24/04/2022;A;18:00:00;18663
24/04/2022;B;18:00:00;3266
25/04/2022;A;18:00:00;56748
25/04/2022;B;18:00:00;7472
26/04/2022;A;18:00:00;56735
26/04/2022;B;18:00:00;7809
27/04/2022;A;18:00:00;58806
27/04/2022;B;18:00:00;7764
28/04/2022;A;18:00:00;48244
28/04/2022;B;18:00:00;6357
29/04/2022;A;18:00:00;57951
29/04/2022;B;18:00:00;7916
30/04/2022;A;18:00:00;32843
30/04/2022;B;18:00:00;4451
1/05/2022;A;18:00:00;20790
1/05/2022;B;18:00:00;3424
2/05/2022;A;18:00:00;58557
2/05/2022;B;18:00:00;7484
3/05/2022;A;18:00:00;58583
3/05/2022;B;18:00:00;7652
4/05/2022;A;18:00:00;59140
4/05/2022;B;18:00:00;7354
5/05/2022;A;18:00:00;58227
5/05/2022;B;18:00:00;7939
6/05/2022;A;18:00:00;59400
6/05/2022;B;18:00:00;7554
7/05/2022;A;18:00:00;30126
7/05/2022;B;18:00:00;3959
8/05/2022;A;18:00:00;17485
8/05/2022;B;18:00:00;2579
9/05/2022;A;18:00:00;50669
9/05/2022;B;18:00:00;6647
10/05/2022;A;18:00:00;55075
10/05/2022;B;18:00:00;7069
11/05/2022;A;18:00:00;55874
11/05/2022;B;18:00:00;7328
12/05/2022;A;18:00:00;52589
12/05/2022;B;18:00:00;7753
13/05/2022;A;18:00:00;54557
13/05/2022;B;18:00:00;7541
14/05/2022;A;18:00:00;29964
14/05/2022;B;18:00:00;4436
15/05/2022;A;18:00:00;21214
15/05/2022;B;18:00:00;3342
16/05/2022;A;18:00:00;55126
16/05/2022;B;18:00:00;6883
17/05/2022;A;18:00:00;57532
17/05/2022;B;18:00:00;8253
18/05/2022;A;18:00:00;58448
18/05/2022;B;18:00:00;7751
19/05/2022;A;18:00:00;65090
19/05/2022;B;18:00:00;7659
20/05/2022;A;18:00:00;54122
20/05/2022;B;18:00:00;7313
21/05/2022;A;18:00:00;29493
21/05/2022;B;18:00:00;4271
22/05/2022;A;18:00:00;18219
22/05/2022;B;18:00:00;2893
23/05/2022;A;18:00:00;57779
23/05/2022;B;18:00:00;6779
24/05/2022;A;18:00:00;55810
24/05/2022;B;18:00:00;7809
25/05/2022;A;18:00:00;54078
25/05/2022;B;18:00:00;7252
26/05/2022;A;18:00:00;56048
26/05/2022;B;18:00:00;7686
27/05/2022;A;18:00:00;55900
27/05/2022;B;18:00:00;7616
28/05/2022;A;18:00:00;27946
28/05/2022;B;18:00:00;4055
29/05/2022;A;18:00:00;16715
29/05/2022;B;18:00:00;2727
30/05/2022;A;18:00:00;17935
30/05/2022;B;18:00:00;2765
31/05/2022;A;18:00:00;58889
31/05/2022;B;18:00:00;7630
1/06/2022;A;18:00:00;56849
1/06/2022;B;18:00:00;7258
2/06/2022;A;18:00:00;56213
2/06/2022;B;18:00:00;7768
3/06/2022;A;18:00:00;56586
3/06/2022;B;18:00:00;7665
4/06/2022;A;18:00:00;28769
4/06/2022;B;18:00:00;4009
5/06/2022;A;18:00:00;18650
5/06/2022;B;18:00:00;3085
6/06/2022;A;18:00:00;58549
6/06/2022;B;18:00:00;6936
7/06/2022;A;18:00:00;55607
7/06/2022;B;18:00:00;7136
8/06/2022;A;18:00:00;56423
8/06/2022;B;18:00:00;7154
9/06/2022;A;18:00:00;56909
9/06/2022;B;18:00:00;7235
10/06/2022;A;18:00:00;55775
10/06/2022;B;18:00:00;7330
11/06/2022;A;18:00:00;29793
11/06/2022;B;18:00:00;4109
12/06/2022;A;18:00:00;18032
12/06/2022;B;18:00:00;3038
13/06/2022;A;18:00:00;53755
13/06/2022;B;18:00:00;6397
14/06/2022;A;18:00:00;55051
14/06/2022;B;18:00:00;6826
15/06/2022;A;18:00:00;58026
15/06/2022;B;18:00:00;7529
16/06/2022;A;18:00:00;46520
16/06/2022;B;18:00:00;6472
17/06/2022;A;18:00:00;41971
17/06/2022;B;18:00:00;6109
18/06/2022;A;18:00:00;22128
18/06/2022;B;18:00:00;3414
19/06/2022;A;18:00:00;11814
19/06/2022;B;18:00:00;2349
20/06/2022;A;18:00:00;13717
20/06/2022;B;18:00:00;2301
21/06/2022;A;18:00:00;44091
21/06/2022;B;18:00:00;6367
22/06/2022;A;18:00:00;54758
22/06/2022;B;18:00:00;7255
23/06/2022;A;18:00:00;54004
23/06/2022;B;18:00:00;7005
24/06/2022;A;18:00:00;52856
24/06/2022;B;18:00:00;6920
25/06/2022;A;18:00:00;30232
25/06/2022;B;18:00:00;4677
26/06/2022;A;18:00:00;19034
26/06/2022;B;18:00:00;3492
27/06/2022;A;18:00:00;17510
27/06/2022;B;18:00:00;2735
28/06/2022;A;18:00:00;54201
28/06/2022;B;18:00:00;6732
29/06/2022;A;18:00:00;51965
29/06/2022;B;18:00:00;6906
30/06/2022;A;18:00:00;63499
30/06/2022;B;18:00:00;7413
1/07/2022;A;18:00:00;56699
1/07/2022;B;18:00:00;7102
2/07/2022;A;18:00:00;31305
2/07/2022;B;18:00:00;4523
3/07/2022;A;18:00:00;21534
3/07/2022;B;18:00:00;10950
4/07/2022;A;18:00:00;20697
4/07/2022;B;18:00:00;3429
5/07/2022;A;18:00:00;58033
5/07/2022;B;18:00:00;7259
6/07/2022;A;18:00:00;57638
6/07/2022;B;18:00:00;7454
7/07/2022;A;18:00:00;57500
7/07/2022;B;18:00:00;7166
8/07/2022;A;18:00:00;53284
8/07/2022;B;18:00:00;6872
9/07/2022;A;18:00:00;30616
9/07/2022;B;18:00:00;4446
10/07/2022;A;18:00:00;19919
10/07/2022;B;18:00:00;3243
11/07/2022;A;18:00:00;56188
11/07/2022;B;18:00:00;7166
12/07/2022;A;18:00:00;55002
12/07/2022;B;18:00:00;6485
13/07/2022;A;18:00:00;57239
13/07/2022;B;18:00:00;7350
14/07/2022;A;18:00:00;59004
14/07/2022;B;18:00:00;7538
15/07/2022;A;18:00:00;55333
15/07/2022;B;18:00:00;7128
16/07/2022;A;18:00:00;31098
16/07/2022;B;18:00:00;4314
17/07/2022;A;18:00:00;21226
17/07/2022;B;18:00:00;3189
18/07/2022;A;18:00:00;57235
18/07/2022;B;18:00:00;6932
19/07/2022;A;18:00:00;54747
19/07/2022;B;18:00:00;7220
20/07/2022;A;18:00:00;20087
20/07/2022;B;18:00:00;3391
21/07/2022;A;18:00:00;56315
21/07/2022;B;18:00:00;7093
22/07/2022;A;18:00:00;56402
22/07/2022;B;18:00:00;7103
23/07/2022;A;18:00:00;26958
23/07/2022;B;18:00:00;3807
24/07/2022;A;18:00:00;16663
24/07/2022;B;18:00:00;3610
25/07/2022;A;18:00:00;54592
25/07/2022;B;18:00:00;7017
26/07/2022;A;18:00:00;57923
26/07/2022;B;18:00:00;7768
27/07/2022;A;18:00:00;58974
27/07/2022;B;18:00:00;7566
28/07/2022;A;18:00:00;59674
28/07/2022;B;18:00:00;8034
29/07/2022;A;18:00:00;58288
29/07/2022;B;18:00:00;7502
30/07/2022;A;18:00:00;31826
30/07/2022;B;18:00:00;4361
31/07/2022;A;18:00:00;20626
31/07/2022;B;18:00:00;3168
1/08/2022;A;18:00:00;56202
1/08/2022;B;18:00:00;6759
2/08/2022;A;18:00:00;61691
2/08/2022;B;18:00:00;8499
3/08/2022;A;18:00:00;57574
3/08/2022;B;18:00:00;7556
4/08/2022;A;18:00:00;57064
4/08/2022;B;18:00:00;7516
5/08/2022;A;18:00:00;58908
5/08/2022;B;18:00:00;7694
6/08/2022;A;18:00:00;31403
6/08/2022;B;18:00:00;4326
7/08/2022;A;18:00:00;20880
7/08/2022;B;18:00:00;3339
8/08/2022;A;18:00:00;57179
8/08/2022;B;18:00:00;7579
9/08/2022;A;18:00:00;58362
9/08/2022;B;18:00:00;7705
10/08/2022;A;18:00:00;57707
10/08/2022;B;18:00:00;7899
11/08/2022;A;18:00:00;58703
11/08/2022;B;18:00:00;7796
12/08/2022;A;18:00:00;56179
12/08/2022;B;18:00:00;7943
13/08/2022;A;18:00:00;40758
13/08/2022;B;18:00:00;5506
14/08/2022;A;18:00:00;21377
14/08/2022;B;18:00:00;4495
15/08/2022;A;18:00:00;27522
15/08/2022;B;18:00:00;4474
16/08/2022;A;18:00:00;62926
16/08/2022;B;18:00:00;8427
17/08/2022;A;18:00:00;61093
17/08/2022;B;18:00:00;8104
18/08/2022;A;18:00:00;60844
18/08/2022;B;18:00:00;8125
19/08/2022;A;18:00:00;58747
19/08/2022;B;18:00:00;7757
20/08/2022;A;18:00:00;33631
20/08/2022;B;18:00:00;4913
21/08/2022;A;18:00:00;19955
21/08/2022;B;18:00:00;3148
22/08/2022;A;18:00:00;58743
22/08/2022;B;18:00:00;7533
23/08/2022;A;18:00:00;59970
23/08/2022;B;18:00:00;8086
24/08/2022;A;18:00:00;59815
24/08/2022;B;18:00:00;8006
25/08/2022;A;18:00:00;60168
25/08/2022;B;18:00:00;7831
26/08/2022;A;18:00:00;57616
26/08/2022;B;18:00:00;8168
27/08/2022;A;18:00:00;31009
27/08/2022;B;18:00:00;4352
28/08/2022;A;18:00:00;20950
28/08/2022;B;18:00:00;3239
29/08/2022;A;18:00:00;57694
29/08/2022;B;18:00:00;7044
30/08/2022;A;18:00:00;59754
30/08/2022;B;18:00:00;8070
31/08/2022;A;18:00:00;60348
31/08/2022;B;18:00:00;7985
1/09/2022;A;18:00:00;61979
1/09/2022;B;18:00:00;8509
2/09/2022;A;18:00:00;59351
2/09/2022;B;18:00:00;7808
3/09/2022;A;18:00:00;31803
3/09/2022;B;18:00:00;4686
4/09/2022;A;18:00:00;20998
4/09/2022;B;18:00:00;3218
5/09/2022;A;18:00:00;59020
5/09/2022;B;18:00:00;7420
6/09/2022;A;18:00:00;60041
6/09/2022;B;18:00:00;8379
7/09/2022;A;18:00:00;60755
7/09/2022;B;18:00:00;7838
8/09/2022;A;18:00:00;60814
8/09/2022;B;18:00:00;8788
9/09/2022;A;18:00:00;59022
9/09/2022;B;18:00:00;8029
10/09/2022;A;18:00:00;32637
10/09/2022;B;18:00:00;4521
11/09/2022;A;18:00:00;22418
11/09/2022;B;18:00:00;4136
12/09/2022;A;18:00:00;58150
12/09/2022;B;18:00:00;7626
13/09/2022;A;18:00:00;59589
13/09/2022;B;18:00:00;7918
14/09/2022;A;18:00:00;59144
14/09/2022;B;18:00:00;7743
15/09/2022;A;18:00:00;59768
15/09/2022;B;18:00:00;8030
16/09/2022;A;18:00:00;60463
16/09/2022;B;18:00:00;7950
17/09/2022;A;18:00:00;35895
17/09/2022;B;18:00:00;4707
18/09/2022;A;18:00:00;22653
18/09/2022;B;18:00:00;3382
19/09/2022;A;18:00:00;57055
19/09/2022;B;18:00:00;7309
20/09/2022;A;18:00:00;59865
20/09/2022;B;18:00:00;7698
21/09/2022;A;18:00:00;64062
21/09/2022;B;18:00:00;7642
22/09/2022;A;18:00:00;58666
22/09/2022;B;18:00:00;7814
23/09/2022;A;18:00:00;56674
23/09/2022;B;18:00:00;7335
24/09/2022;A;18:00:00;30751
24/09/2022;B;18:00:00;4319
25/09/2022;A;18:00:00;19984
25/09/2022;B;18:00:00;2995
26/09/2022;A;18:00:00;58479
26/09/2022;B;18:00:00;7629
27/09/2022;A;18:00:00;59757
27/09/2022;B;18:00:00;8002
28/09/2022;A;18:00:00;60430
28/09/2022;B;18:00:00;7689
29/09/2022;A;18:00:00;58668
29/09/2022;B;18:00:00;7945
30/09/2022;A;18:00:00;61297
30/09/2022;B;18:00:00;7782
1/10/2022;A;18:00:00;33330
1/10/2022;B;18:00:00;4330
2/10/2022;A;18:00:00;21517
2/10/2022;B;18:00:00;3371
3/10/2022;A;18:00:00;57847
3/10/2022;B;18:00:00;7599
4/10/2022;A;18:00:00;60064
4/10/2022;B;18:00:00;7805
5/10/2022;A;18:00:00;59462
5/10/2022;B;18:00:00;7753
6/10/2022;A;18:00:00;62845
6/10/2022;B;18:00:00;8110
7/10/2022;A;18:00:00;55261
7/10/2022;B;18:00:00;7550
8/10/2022;A;18:00:00;31810
8/10/2022;B;18:00:00;4341
9/10/2022;A;18:00:00;20040
9/10/2022;B;18:00:00;4149
10/10/2022;A;18:00:00;56820
10/10/2022;B;18:00:00;7429
11/10/2022;A;18:00:00;57750
11/10/2022;B;18:00:00;7765
12/10/2022;A;18:00:00;57580
12/10/2022;B;18:00:00;7606
13/10/2022;A;18:00:00;57246
13/10/2022;B;18:00:00;7418
14/10/2022;A;18:00:00;57356
14/10/2022;B;18:00:00;7749
15/10/2022;A;18:00:00;32792
15/10/2022;B;18:00:00;4750
16/10/2022;A;18:00:00;21616
16/10/2022;B;18:00:00;3913
17/10/2022;A;18:00:00;21416
17/10/2022;B;18:00:00;2958
18/10/2022;A;18:00:00;59970
18/10/2022;B;18:00:00;7517
19/10/2022;A;18:00:00;60996
19/10/2022;B;18:00:00;7791
20/10/2022;A;18:00:00;62820
20/10/2022;B;18:00:00;7789
21/10/2022;A;18:00:00;57515
21/10/2022;B;18:00:00;7327
22/10/2022;A;18:00:00;34400
22/10/2022;B;18:00:00;3892
23/10/2022;A;18:00:00;17789
23/10/2022;B;18:00:00;2857
24/10/2022;A;18:00:00;60862
24/10/2022;B;18:00:00;7347
25/10/2022;A;18:00:00;61354
25/10/2022;B;18:00:00;7887
26/10/2022;A;18:00:00;61006
26/10/2022;B;18:00:00;7662
27/10/2022;A;18:00:00;61711
27/10/2022;B;18:00:00;7883
28/10/2022;A;18:00:00;60566
28/10/2022;B;18:00:00;7558
29/10/2022;A;18:00:00;34635
29/10/2022;B;18:00:00;4469
30/10/2022;A;18:00:00;20718
30/10/2022;B;18:00:00;7895
31/10/2022;A;18:00:00;56127
31/10/2022;B;18:00:00;7524
1/11/2022;A;18:00:00;61003
1/11/2022;B;18:00:00;7824
2/11/2022;A;18:00:00;59945
2/11/2022;B;18:00:00;7639
3/11/2022;A;18:00:00;59462
3/11/2022;B;18:00:00;7724
4/11/2022;A;18:00:00;56729
4/11/2022;B;18:00:00;7479
5/11/2022;A;18:00:00;32599
5/11/2022;B;18:00:00;4635
6/11/2022;A;18:00:00;18668
6/11/2022;B;18:00:00;3035
7/11/2022;A;18:00:00;19257
7/11/2022;B;18:00:00;2667
8/11/2022;A;18:00:00;39649
8/11/2022;B;18:00:00;7562
9/11/2022;A;18:00:00;59177
9/11/2022;B;18:00:00;7604
10/11/2022;A;18:00:00;58099
10/11/2022;B;18:00:00;7462
11/11/2022;A;18:00:00;57401
11/11/2022;B;18:00:00;7578
12/11/2022;A;18:00:00;31576
12/11/2022;B;18:00:00;4183
13/11/2022;A;18:00:00;19863
13/11/2022;B;18:00:00;3175
14/11/2022;A;18:00:00;20654
14/11/2022;B;18:00:00;2820
15/11/2022;A;18:00:00;65459
15/11/2022;B;18:00:00;7384
16/11/2022;A;18:00:00;61172
16/11/2022;B;18:00:00;7704
17/11/2022;A;18:00:00;60819
17/11/2022;B;18:00:00;7733
18/11/2022;A;18:00:00;57429
18/11/2022;B;18:00:00;7683
19/11/2022;A;18:00:00;33114
19/11/2022;B;18:00:00;4596
20/11/2022;A;18:00:00;20020
20/11/2022;B;18:00:00;2925
21/11/2022;A;18:00:00;57101
21/11/2022;B;18:00:00;7207
22/11/2022;A;18:00:00;59821
22/11/2022;B;18:00:00;7174
23/11/2022;A;18:00:00;59791
23/11/2022;B;18:00:00;7583
24/11/2022;A;18:00:00;50702
24/11/2022;B;18:00:00;7322
25/11/2022;A;18:00:00;56707
25/11/2022;B;18:00:00;6891
26/11/2022;A;18:00:00;33381
26/11/2022;B;18:00:00;4469
27/11/2022;A;18:00:00;20703
27/11/2022;B;18:00:00;3051
28/11/2022;A;18:00:00;57642
28/11/2022;B;18:00:00;7029
29/11/2022;A;18:00:00;58694
29/11/2022;B;18:00:00;6967
30/11/2022;A;18:00:00;61129
30/11/2022;B;18:00:00;7297
1/12/2022;A;18:00:00;61672
1/12/2022;B;18:00:00;7503
2/12/2022;A;18:00:00;59160
2/12/2022;B;18:00:00;7429
3/12/2022;A;18:00:00;36823
3/12/2022;B;18:00:00;4778
4/12/2022;A;18:00:00;22290
4/12/2022;B;18:00:00;3143
5/12/2022;A;18:00:00;60792
5/12/2022;B;18:00:00;6987
6/12/2022;A;18:00:00;62385
6/12/2022;B;18:00:00;7396
7/12/2022;A;18:00:00;64096
7/12/2022;B;18:00:00;7468
8/12/2022;A;18:00:00;25196
8/12/2022;B;18:00:00;3733
9/12/2022;A;18:00:00;57083
9/12/2022;B;18:00:00;7362
10/12/2022;A;18:00:00;39640
10/12/2022;B;18:00:00;5225
11/12/2022;A;18:00:00;26962
11/12/2022;B;18:00:00;3658
12/12/2022;A;18:00:00;60839
12/12/2022;B;18:00:00;6771
13/12/2022;A;18:00:00;62317
13/12/2022;B;18:00:00;7268
14/12/2022;A;18:00:00;62812
14/12/2022;B;18:00:00;7279
15/12/2022;A;18:00:00;65100
15/12/2022;B;18:00:00;7532
16/12/2022;A;18:00:00;63988
16/12/2022;B;18:00:00;7535
17/12/2022;A;18:00:00;45177
17/12/2022;B;18:00:00;5256
18/12/2022;A;18:00:00;31957
18/12/2022;B;18:00:00;3748
19/12/2022;A;18:00:00;62371
19/12/2022;B;18:00:00;7268
20/12/2022;A;18:00:00;63522
20/12/2022;B;18:00:00;7129
21/12/2022;A;18:00:00;62302
21/12/2022;B;18:00:00;7013
22/12/2022;A;18:00:00;61937
22/12/2022;B;18:00:00;7009
23/12/2022;A;18:00:00;50657
23/12/2022;B;18:00:00;6081
24/12/2022;A;18:00:00;30913
24/12/2022;B;18:00:00;3504
25/12/2022;A;18:00:00;21239
25/12/2022;B;18:00:00;2996
26/12/2022;A;18:00:00;47019
26/12/2022;B;18:00:00;5837
27/12/2022;A;18:00:00;50719
27/12/2022;B;18:00:00;5831
28/12/2022;A;18:00:00;51714
28/12/2022;B;18:00:00;6238
29/12/2022;A;18:00:00;51035
29/12/2022;B;18:00:00;6061
30/12/2022;A;18:00:00;41766
30/12/2022;B;18:00:00;5006
31/12/2022;A;18:00:00;24863
31/12/2022;B;18:00:00;2955
1/01/2023;A;18:00:00;19123
1/01/2024;B;18:00:00;2648
1/02/2023;A;18:00:00;35182
1/02/2023;B;18:00:00;5162
1/03/2023;A;18:00:00;41800
1/03/2023;B;18:00:00;5536
1/04/2023;A;18:00:00;46173
1/04/2023;B;18:00:00;6364
1/05/2023;A;18:00:00;46132
1/05/2023;B;18:00:00;6205
1/06/2023;A;18:00:00;44743
1/06/2023;B;18:00:00;6034
1/07/2023;A;18:00:00;27997
1/07/2023;B;18:00:00;4825
1/08/2023;A;18:00:00;25162
1/08/2023;B;18:00:00;4942
1/09/2023;A;18:00:00;20555
1/09/2023;B;18:00:00;3651
1/10/2023;A;18:00:00;52426
1/10/2023;B;18:00:00;6473
1/11/2023;A;18:00:00;51458
1/11/2023;B;18:00:00;6378
1/12/2023;A;18:00:00;52177
1/12/2023;B;18:00:00;6564
13/01/2023;A;18:00:00;52339
13/01/2023;B;18:00:00;7082
14/01/2023;A;18:00:00;30169
14/01/2023;B;18:00:00;3678
15/01/2023;A;18:00:00;21732
15/01/2023;B;18:00:00;3852
16/01/2023;A;18:00:00;52212
16/01/2023;B;18:00:00;6200
17/01/2023;A;18:00:00;51139
17/01/2023;B;18:00:00;6585
18/01/2023;A;18:00:00;56645
18/01/2023;B;18:00:00;7162
19/01/2023;A;18:00:00;55268
19/01/2023;B;18:00:00;6935
20/01/2023;A;18:00:00;54128
20/01/2023;B;18:00:00;7039
21/01/2023;A;18:00:00;28717
21/01/2023;B;18:00:00;4547
22/01/2023;A;18:00:00;18968
22/01/2023;B;18:00:00;3099
23/01/2023;A;18:00:00;56941
23/01/2023;B;18:00:00;6759
24/01/2023;A;18:00:00;57170
24/01/2023;B;18:00:00;6937
25/01/2023;A;18:00:00;57928
25/01/2023;B;18:00:00;6974
26/01/2023;A;18:00:00;56620
26/01/2023;B;18:00:00;6963
27/01/2023;A;18:00:00;53774
27/01/2023;B;18:00:00;6969
28/01/2023;A;18:00:00;28862
28/01/2023;B;18:00:00;4062
29/01/2023;A;18:00:00;19802
29/01/2023;B;18:00:00;3651
30/01/2023;A;18:00:00;55761
30/01/2023;B;18:00:00;6875
31/01/2023;A;18:00:00;57799
31/01/2023;B;18:00:00;7012
2/01/2023;A;18:00:00;56126
2/01/2023;B;18:00:00;7322
2/02/2023;A;18:00:00;56888
2/02/2023;B;18:00:00;7008
2/03/2023;A;18:00:00;60133
2/03/2023;B;18:00:00;6964
2/04/2023;A;18:00:00;28889
2/04/2023;B;18:00:00;5745
2/05/2023;A;18:00:00;17929
2/05/2023;B;18:00:00;3354
2/06/2023;A;18:00:00;56516
2/06/2023;B;18:00:00;7304
2/07/2023;A;18:00:00;57947
2/07/2023;B;18:00:00;7657
2/08/2023;A;18:00:00;54982
2/08/2023;B;18:00:00;6983
2/09/2023;A;18:00:00;57790
2/09/2023;B;18:00:00;7773
2/10/2023;A;18:00:00;55080
2/10/2023;B;18:00:00;7324
2/11/2023;A;18:00:00;27918
2/11/2023;B;18:00:00;4106
2/12/2023;A;18:00:00;19236
2/12/2023;B;18:00:00;2963
13/02/2023;A;18:00:00;57085
13/02/2023;B;18:00:00;7369
14/02/2023;A;18:00:00;53727
14/02/2023;B;18:00:00;6927
15/02/2023;A;18:00:00;56407
15/02/2023;B;18:00:00;7699
16/02/2023;A;18:00:00;59019
16/02/2023;B;18:00:00;7584
17/02/2023;A;18:00:00;55807
17/02/2023;B;18:00:00;7376
18/02/2023;A;18:00:00;29606
18/02/2023;B;18:00:00;6923
19/02/2023;A;18:00:00;19170
19/02/2023;B;18:00:00;2831
20/02/2023;A;18:00:00;60699
20/02/2023;B;18:00:00;8258
21/02/2023;A;18:00:00;58191
21/02/2023;B;18:00:00;7487
22/02/2023;A;18:00:00;43137
22/02/2023;B;18:00:00;5832
23/02/2023;A;18:00:00;58276
23/02/2023;B;18:00:00;7520
24/02/2023;A;18:00:00;56594
24/02/2023;B;18:00:00;7555
25/02/2023;A;18:00:00;29459
25/02/2023;B;18:00:00;4341
26/02/2023;A;18:00:00;18795
26/02/2023;B;18:00:00;2928
27/02/2023;A;18:00:00;55500
27/02/2023;B;18:00:00;7319
28/02/2023;A;18:00:00;60873
28/02/2023;B;18:00:00;7935
3/01/2023;A;18:00:00;60988
3/01/2023;B;18:00:00;8185
3/02/2023;A;18:00:00;59573
3/02/2023;B;18:00:00;8168
3/03/2023;A;18:00:00;56376
3/03/2023;B;18:00:00;7543
3/04/2023;A;18:00:00;31837
3/04/2023;B;18:00:00;4468
3/05/2023;A;18:00:00;20408
3/05/2023;B;18:00:00;3238
3/06/2023;A;18:00:00;58506
3/06/2023;B;18:00:00;7277
3/07/2023;A;18:00:00;58399
3/07/2023;B;18:00:00;7676
3/08/2023;A;18:00:00;62238
3/08/2023;B;18:00:00;8016
3/09/2023;A;18:00:00;58490
3/09/2023;B;18:00:00;7597
3/10/2023;A;18:00:00;57311
3/10/2023;B;18:00:00;7727
3/11/2023;A;18:00:00;28398
3/11/2023;B;18:00:00;4346
3/12/2023;A;18:00:00;17351
3/12/2023;B;18:00:00;2728
13/03/2023;A;18:00:00;58461
13/03/2023;B;18:00:00;7384
14/03/2023;A;18:00:00;57121
14/03/2023;B;18:00:00;7497
15/03/2023;A;18:00:00;61583
15/03/2023;B;18:00:00;7842
16/03/2023;A;18:00:00;59027
16/03/2023;B;18:00:00;8030
17/03/2023;A;18:00:00;56405
17/03/2023;B;18:00:00;7085
18/03/2023;A;18:00:00;29697
18/03/2023;B;18:00:00;4344
19/03/2023;A;18:00:00;19866
19/03/2023;B;18:00:00;3455
20/03/2023;A;18:00:00;20263
20/03/2023;B;18:00:00;3022
21/03/2023;A;18:00:00;62118
21/03/2023;B;18:00:00;7991
22/03/2023;A;18:00:00;59109
22/03/2023;B;18:00:00;7013
23/03/2023;A;18:00:00;58975
23/03/2023;B;18:00:00;7897
24/03/2023;A;18:00:00;57518
24/03/2023;B;18:00:00;7601
25/03/2023;A;18:00:00;28639
25/03/2023;B;18:00:00;4133
26/03/2023;A;18:00:00;18684
26/03/2023;B;18:00:00;3333
27/03/2023;A;18:00:00;56146
27/03/2023;B;18:00:00;7063
28/03/2023;A;18:00:00;58255
28/03/2023;B;18:00:00;7383
29/03/2023;A;18:00:00;59273
29/03/2023;B;18:00:00;7392
30/03/2023;A;18:00:00;65326
30/03/2023;B;18:00:00;7666
31/03/2023;A;18:00:00;58758
31/03/2023;B;18:00:00;7545
4/01/2023;A;18:00:00;30397
4/01/2023;B;18:00:00;6468
4/02/2023;A;18:00:00;18633
4/02/2023;B;18:00:00;3089
4/03/2023;A;18:00:00;54040
4/03/2023;B;18:00:00;6547
4/04/2023;A;18:00:00;58171
4/04/2023;B;18:00:00;7214
4/05/2023;A;18:00:00;45621
4/05/2023;B;18:00:00;5922
4/06/2023;A;18:00:00;15579
4/06/2023;B;18:00:00;3153
4/07/2023;A;18:00:00;14617
4/07/2023;B;18:00:00;2999
4/08/2023;A;18:00:00;22805
4/08/2023;B;18:00:00;3731
4/09/2023;A;18:00:00;17658
4/09/2023;B;18:00:00;2767
4/10/2023;A;18:00:00;56752
4/10/2023;B;18:00:00;7174
4/11/2023;A;18:00:00;58473
4/11/2023;B;18:00:00;7625
4/12/2023;A;18:00:00;56205
4/12/2023;B;18:00:00;7775
13/04/2023;A;18:00:00;56746
13/04/2023;B;18:00:00;7759
14/04/2023;A;18:00:00;56193
14/04/2023;B;18:00:00;7359
15/04/2023;A;18:00:00;30306
15/04/2023;B;18:00:00;4129
16/04/2023;A;18:00:00;16565
16/04/2023;B;18:00:00;4969
17/04/2023;A;18:00:00;59082
17/04/2023;B;18:00:00;7196
18/04/2023;A;18:00:00;58574
18/04/2023;B;18:00:00;7339
19/04/2023;A;18:00:00;60105
19/04/2023;B;18:00:00;7904
20/04/2023;A;18:00:00;58238
20/04/2023;B;18:00:00;7279
21/04/2023;A;18:00:00;58733
21/04/2023;B;18:00:00;7358
22/04/2023;A;18:00:00;30004
22/04/2023;B;18:00:00;4187
23/04/2023;A;18:00:00;21452
23/04/2023;B;18:00:00;3411
24/04/2023;A;18:00:00;60569
24/04/2023;B;18:00:00;6961
25/04/2023;A;18:00:00;57722
25/04/2023;B;18:00:00;6914
26/04/2023;A;18:00:00;58588
26/04/2023;B;18:00:00;7384
27/04/2023;A;18:00:00;58045
27/04/2023;B;18:00:00;7267
28/04/2023;A;18:00:00;57094
28/04/2023;B;18:00:00;7278
29/04/2023;A;18:00:00;33930
29/04/2023;B;18:00:00;4855
30/04/2023;A;18:00:00;20562
30/04/2023;B;18:00:00;3228
5/01/2023;A;18:00:00;20902
5/01/2023;B;18:00:00;3303
5/02/2023;A;18:00:00;62609
5/02/2023;B;18:00:00;7360
5/03/2023;A;18:00:00;60964
5/03/2023;B;18:00:00;7523
5/04/2023;A;18:00:00;61058
5/04/2023;B;18:00:00;7376
5/05/2023;A;18:00:00;58569
5/05/2023;B;18:00:00;7243
5/06/2023;A;18:00:00;32481
5/06/2023;B;18:00:00;4417
5/07/2023;A;18:00:00;20047
5/07/2023;B;18:00:00;5595
5/08/2023;A;18:00:00;57411
5/08/2023;B;18:00:00;6888
5/09/2023;A;18:00:00;57660
5/09/2023;B;18:00:00;7037
5/10/2023;A;18:00:00;58518
5/10/2023;B;18:00:00;7332
5/11/2023;A;18:00:00;56041
5/11/2023;B;18:00:00;7236
5/12/2023;A;18:00:00;56462
5/12/2023;B;18:00:00;6940
13/05/2023;A;18:00:00;29565
13/05/2023;B;18:00:00;3924
14/05/2023;A;18:00:00;18940
14/05/2023;B;18:00:00;3032
15/05/2023;A;18:00:00;57899
15/05/2023;B;18:00:00;6884
16/05/2023;A;18:00:00;58677
16/05/2023;B;18:00:00;8524
17/05/2023;A;18:00:00;60189
17/05/2023;B;18:00:00;7955
18/05/2023;A;18:00:00;58779
18/05/2023;B;18:00:00;7498
19/05/2023;A;18:00:00;55631
19/05/2023;B;18:00:00;7223
20/05/2023;A;18:00:00;29965
20/05/2023;B;18:00:00;4225
21/05/2023;A;18:00:00;16924
21/05/2023;B;18:00:00;2715
22/05/2023;A;18:00:00;19324
22/05/2023;B;18:00:00;2914
23/05/2023;A;18:00:00;61212
23/05/2023;B;18:00:00;7633
24/05/2023;A;18:00:00;58321
24/05/2023;B;18:00:00;7296
25/05/2023;A;18:00:00;59168
25/05/2023;B;18:00:00;7433
26/05/2023;A;18:00:00;55634
26/05/2023;B;18:00:00;7002
27/05/2023;A;18:00:00;28001
27/05/2023;B;18:00:00;4041
28/05/2023;A;18:00:00;16397
28/05/2023;B;18:00:00;2508
29/05/2023;A;18:00:00;54897
29/05/2023;B;18:00:00;6869
30/05/2023;A;18:00:00;58312
30/05/2023;B;18:00:00;7093
31/05/2023;A;18:00:00;57566
31/05/2023;B;18:00:00;7072
6/01/2023;A;18:00:00;59084
6/01/2023;B;18:00:00;7262
6/02/2023;A;18:00:00;56305
6/02/2023;B;18:00:00;6895
6/03/2023;A;18:00:00;29480
6/03/2023;B;18:00:00;4114
6/04/2023;A;18:00:00;20146
6/04/2023;B;18:00:00;3061
6/05/2023;A;18:00:00;53636
6/05/2023;B;18:00:00;6791
6/06/2023;A;18:00:00;58027
6/06/2023;B;18:00:00;7178
6/07/2023;A;18:00:00;57993
6/07/2023;B;18:00:00;7026
6/08/2023;A;18:00:00;60598
6/08/2023;B;18:00:00;7512
6/09/2023;A;18:00:00;56580
6/09/2023;B;18:00:00;7132
6/10/2023;A;18:00:00;29183
6/10/2023;B;18:00:00;4181
6/11/2023;A;18:00:00;18387
6/11/2023;B;18:00:00;3154
6/12/2023;A;18:00:00;18671
6/12/2023;B;18:00:00;2987
13/06/2023;A;18:00:00;58907
13/06/2023;B;18:00:00;6883
14/06/2023;A;18:00:00;57432
14/06/2023;B;18:00:00;6911
15/06/2023;A;18:00:00;59194
15/06/2023;B;18:00:00;6839
16/06/2023;A;18:00:00;57544
16/06/2023;B;18:00:00;6967
17/06/2023;A;18:00:00;32503
17/06/2023;B;18:00:00;4372
18/06/2023;A;18:00:00;20212
18/06/2023;B;18:00:00;3193
19/06/2023;A;18:00:00;21232
19/06/2023;B;18:00:00;3235
20/06/2023;A;18:00:00;57434
20/06/2023;B;18:00:00;6747
21/06/2023;A;18:00:00;59818
21/06/2023;B;18:00:00;7586
22/06/2023;A;18:00:00;56670
22/06/2023;B;18:00:00;6844
23/06/2023;A;18:00:00;56603
23/06/2023;B;18:00:00;7029
24/06/2023;A;18:00:00;32635
24/06/2023;B;18:00:00;4560
25/06/2023;A;18:00:00;20303
25/06/2023;B;18:00:00;2947
26/06/2023;A;18:00:00;56863
26/06/2023;B;18:00:00;6726
27/06/2023;A;18:00:00;59212
27/06/2023;B;18:00:00;7007
28/06/2023;A;18:00:00;57710
28/06/2023;B;18:00:00;7017
29/06/2023;A;18:00:00;56683
29/06/2023;B;18:00:00;6739
30/06/2023;A;18:00:00;56782
30/06/2023;B;18:00:00;6980
7/01/2023;A;18:00:00;32125
7/01/2023;B;18:00:00;4399
7/02/2023;A;18:00:00;29696
7/02/2023;B;18:00:00;3752
7/03/2023;A;18:00:00;20668
7/03/2023;B;18:00:00;3379
7/04/2023;A;18:00:00;59969
7/04/2023;B;18:00:00;6879
7/05/2023;A;18:00:00;57734
7/05/2023;B;18:00:00;6771
7/06/2023;A;18:00:00;58796
7/06/2023;B;18:00:00;7030
7/07/2023;A;18:00:00;56744
7/07/2023;B;18:00:00;7029
7/08/2023;A;18:00:00;31057
7/08/2023;B;18:00:00;4358
7/09/2023;A;18:00:00;20151
7/09/2023;B;18:00:00;3368
7/10/2023;A;18:00:00;55930
7/10/2023;B;18:00:00;6671
7/11/2023;A;18:00:00;57965
7/11/2023;B;18:00:00;6735
7/12/2023;A;18:00:00;57818
7/12/2023;B;18:00:00;5283
13/07/2023;A;18:00:00;56407
13/07/2023;B;18:00:00;6831
14/07/2023;A;18:00:00;56792
14/07/2023;B;18:00:00;7051
15/07/2023;A;18:00:00;31694
15/07/2023;B;18:00:00;5770
16/07/2023;A;18:00:00;21358
16/07/2023;B;18:00:00;3425
17/07/2023;A;18:00:00;58252
17/07/2023;B;18:00:00;7036
18/07/2023;A;18:00:00;58721
18/07/2023;B;18:00:00;6831
19/07/2023;A;18:00:00;60433
19/07/2023;B;18:00:00;7045
20/07/2023;A;18:00:00;20179
20/07/2023;B;18:00:00;3504
21/07/2023;A;18:00:00;49972
21/07/2023;B;18:00:00;6327
22/07/2023;A;18:00:00;28619
22/07/2023;B;18:00:00;4187
23/07/2023;A;18:00:00;20553
23/07/2023;B;18:00:00;3103
24/07/2023;A;18:00:00;55956
24/07/2023;B;18:00:00;6928
25/07/2023;A;18:00:00;57287
25/07/2023;B;18:00:00;6955
26/07/2023;A;18:00:00;57461
26/07/2023;B;18:00:00;7215
27/07/2023;A;18:00:00;55450
27/07/2023;B;18:00:00;7133
28/07/2023;A;18:00:00;57538
28/07/2023;B;18:00:00;7548
29/07/2023;A;18:00:00;31229
29/07/2023;B;18:00:00;4373
30/07/2023;A;18:00:00;21213
30/07/2023;B;18:00:00;3375
31/07/2023;A;18:00:00;56461
31/07/2023;B;18:00:00;6927
8/01/2023;A;18:00:00;60539
8/01/2023;B;18:00:00;7574
8/02/2023;A;18:00:00;60033
8/02/2023;B;18:00:00;7576
8/03/2023;A;18:00:00;60325
8/03/2023;B;18:00:00;7772
8/04/2023;A;18:00:00;56420
8/04/2023;B;18:00:00;7328
8/05/2023;A;18:00:00;34816
8/05/2023;B;18:00:00;4992
8/06/2023;A;18:00:00;22771
8/06/2023;B;18:00:00;4210
8/07/2023;A;18:00:00;27995
8/07/2023;B;18:00:00;4869
8/08/2023;A;18:00:00;65320
8/08/2023;B;18:00:00;8007
8/09/2023;A;18:00:00;58692
8/09/2023;B;18:00:00;7388
8/10/2023;A;18:00:00;63116
8/10/2023;B;18:00:00;7835
8/11/2023;A;18:00:00;55223
8/11/2023;B;18:00:00;7441
8/12/2023;A;18:00:00;29473
8/12/2023;B;18:00:00;4197
13/08/2023;A;18:00:00;20239
13/08/2023;B;18:00:00;3012
14/08/2023;A;18:00:00;56929
14/08/2023;B;18:00:00;7309
15/08/2023;A;18:00:00;60599
15/08/2023;B;18:00:00;7582
16/08/2023;A;18:00:00;58506
16/08/2023;B;18:00:00;7468
17/08/2023;A;18:00:00;61501
17/08/2023;B;18:00:00;7684
18/08/2023;A;18:00:00;56925
18/08/2023;B;18:00:00;7314
19/08/2023;A;18:00:00;31125
19/08/2023;B;18:00:00;4323
20/08/2023;A;18:00:00;18281
20/08/2023;B;18:00:00;2945
21/08/2023;A;18:00:00;19339
21/08/2023;B;18:00:00;2568
22/08/2023;A;18:00:00;59301
22/08/2023;B;18:00:00;7424
23/08/2023;A;18:00:00;60514
23/08/2023;B;18:00:00;7796
24/08/2023;A;18:00:00;59281
24/08/2023;B;18:00:00;7652
25/08/2023;A;18:00:00;55673
25/08/2023;B;18:00:00;7705
26/08/2023;A;18:00:00;30891
26/08/2023;B;18:00:00;4300
27/08/2023;A;18:00:00;20370
27/08/2023;B;18:00:00;3026
28/08/2023;A;18:00:00;8991
28/08/2023;B;18:00:00;5023
29/08/2023;A;18:00:00;57396
29/08/2023;B;18:00:00;7241
30/08/2023;A;18:00:00;56860
30/08/2023;B;18:00:00;7064
31/08/2023;A;18:00:00;59189
31/08/2023;B;18:00:00;7195
9/01/2023;A;18:00:00;56601
9/01/2023;B;18:00:00;7428
9/02/2023;A;18:00:00;30411
9/02/2023;B;18:00:00;4251
9/03/2023;A;18:00:00;21152
9/03/2023;B;18:00:00;6008
9/04/2023;A;18:00:00;58624
9/04/2023;B;18:00:00;7175
9/05/2023;A;18:00:00;60139
9/05/2023;B;18:00:00;7841
9/06/2023;A;18:00:00;59226
9/06/2023;B;18:00:00;7590
9/07/2023;A;18:00:00;53654
9/07/2023;B;18:00:00;6676
9/08/2023;A;18:00:00;54301
9/08/2023;B;18:00:00;7219
9/09/2023;A;18:00:00;31291
9/09/2023;B;18:00:00;3748
9/10/2023;A;18:00:00;20996
9/10/2023;B;18:00:00;2993
9/11/2023;A;18:00:00;57196
9/11/2023;B;18:00:00;7015
9/12/2023;A;18:00:00;44289
9/12/2023;B;18:00:00;7493
13/09/2023;A;18:00:00;59923
13/09/2023;B;18:00:00;7619
14/09/2023;A;18:00:00;57383
14/09/2023;B;18:00:00;7400
15/09/2023;A;18:00:00;56134
15/09/2023;B;18:00:00;7186
16/09/2023;A;18:00:00;35195
16/09/2023;B;18:00:00;4372
17/09/2023;A;18:00:00;23082
17/09/2023;B;18:00:00;3206
18/09/2023;A;18:00:00;55825
18/09/2023;B;18:00:00;6786
19/09/2023;A;18:00:00;57195
19/09/2023;B;18:00:00;6897
20/09/2023;A;18:00:00;59923
20/09/2023;B;18:00:00;7627
21/09/2023;A;18:00:00;57262
21/09/2023;B;18:00:00;7284
22/09/2023;A;18:00:00;46583
22/09/2023;B;18:00:00;5226
23/09/2023;A;18:00:00;30152
23/09/2023;B;18:00:00;4105
24/09/2023;A;18:00:00;19698
24/09/2023;B;18:00:00;2997
25/09/2023;A;18:00:00;55567
25/09/2023;B;18:00:00;6757
26/09/2023;A;18:00:00;58464
26/09/2023;B;18:00:00;7397
27/09/2023;A;18:00:00;60179
27/09/2023;B;18:00:00;7876
28/09/2023;A;18:00:00;59232
28/09/2023;B;18:00:00;8139
29/09/2023;A;18:00:00;55617
29/09/2023;B;18:00:00;7083
30/09/2023;A;18:00:00;32553
30/09/2023;B;18:00:00;4215
10/01/2023;A;18:00:00;20020
10/01/2023;B;18:00:00;2999
10/02/2023;A;18:00:00;55759
10/02/2023;B;18:00:00;6903
10/03/2023;A;18:00:00;57276
10/03/2023;B;18:00:00;7099
10/04/2023;A;18:00:00;58915
10/04/2023;B;18:00:00;7123
10/05/2023;A;18:00:00;58160
10/05/2023;B;18:00:00;7378
10/06/2023;A;18:00:00;54122
10/06/2023;B;18:00:00;6956
10/07/2023;A;18:00:00;29311
10/07/2023;B;18:00:00;3962
10/08/2023;A;18:00:00;19436
10/08/2023;B;18:00:00;2885
10/09/2023;A;18:00:00;54831
10/09/2023;B;18:00:00;6828
10/10/2023;A;18:00:00;56743
10/10/2023;B;18:00:00;7716
10/11/2023;A;18:00:00;57680
10/11/2023;B;18:00:00;7640
10/12/2023;A;18:00:00;54890
10/12/2023;B;18:00:00;6964
13/10/2023;A;18:00:00;54108
13/10/2023;B;18:00:00;6870
14/10/2023;A;18:00:00;29667
14/10/2023;B;18:00:00;4343
15/10/2023;A;18:00:00;21014
15/10/2023;B;18:00:00;3485
16/10/2023;A;18:00:00;19484
16/10/2023;B;18:00:00;2845
17/10/2023;A;18:00:00;55798
17/10/2023;B;18:00:00;7051
18/10/2023;A;18:00:00;59692
18/10/2023;B;18:00:00;7566
19/10/2023;A;18:00:00;58570
19/10/2023;B;18:00:00;7622
20/10/2023;A;18:00:00;54520
20/10/2023;B;18:00:00;7452
21/10/2023;A;18:00:00;30029
21/10/2023;B;18:00:00;4091
22/10/2023;A;18:00:00;19080
22/10/2023;B;18:00:00;2817
23/10/2023;A;18:00:00;56900
23/10/2023;B;18:00:00;6946
24/10/2023;A;18:00:00;60031
24/10/2023;B;18:00:00;7604
25/10/2023;A;18:00:00;57616
25/10/2023;B;18:00:00;6979
26/10/2023;A;18:00:00;57176
26/10/2023;B;18:00:00;7779
27/10/2023;A;18:00:00;55874
27/10/2023;B;18:00:00;7350
28/10/2023;A;18:00:00;29631
28/10/2023;B;18:00:00;3997
29/10/2023;A;18:00:00;16921
29/10/2023;B;18:00:00;2590
30/10/2023;A;18:00:00;57028
30/10/2023;B;18:00:00;6890
31/10/2023;A;18:00:00;54416
31/10/2023;B;18:00:00;7299
11/01/2023;A;18:00:00;58053
11/01/2023;B;18:00:00;7203
11/02/2023;A;18:00:00;58421
11/02/2023;B;18:00:00;7455
11/03/2023;A;18:00:00;56684
11/03/2023;B;18:00:00;7697
11/04/2023;A;18:00:00;34751
11/04/2023;B;18:00:00;5824
11/05/2023;A;18:00:00;20453
11/05/2023;B;18:00:00;4291
11/06/2023;A;18:00:00;20724
11/06/2023;B;18:00:00;3486
11/07/2023;A;18:00:00;67513
11/07/2023;B;18:00:00;7958
11/08/2023;A;18:00:00;60866
11/08/2023;B;18:00:00;7683
11/09/2023;A;18:00:00;60068
11/09/2023;B;18:00:00;7448
11/10/2023;A;18:00:00;57549
11/10/2023;B;18:00:00;7222
11/11/2023;A;18:00:00;29174
11/11/2023;B;18:00:00;3839
11/12/2023;A;18:00:00;18044
11/12/2023;B;18:00:00;2968
13/11/2023;A;18:00:00;19439
13/11/2023;B;18:00:00;2801
14/11/2023;A;18:00:00;58425
14/11/2023;B;18:00:00;6863
15/11/2023;A;18:00:00;63953
15/11/2023;B;18:00:00;7631
16/11/2023;A;18:00:00;59570
16/11/2023;B;18:00:00;7182
17/11/2023;A;18:00:00;55018
17/11/2023;B;18:00:00;7356
18/11/2023;A;18:00:00;30095
18/11/2023;B;18:00:00;3983
19/11/2023;A;18:00:00;20054
19/11/2023;B;18:00:00;2863
20/11/2023;A;18:00:00;58558
20/11/2023;B;18:00:00;6963
21/11/2023;A;18:00:00;55248
21/11/2023;B;18:00:00;7117
22/11/2023;A;18:00:00;58544
22/11/2023;B;18:00:00;7064
23/11/2023;A;18:00:00;60255
23/11/2023;B;18:00:00;7545
24/11/2023;A;18:00:00;56976
24/11/2023;B;18:00:00;8818
25/11/2023;A;18:00:00;32919
25/11/2023;B;18:00:00;4522
26/11/2023;A;18:00:00;21517
26/11/2023;B;18:00:00;3176
27/11/2023;A;18:00:00;57663
27/11/2023;B;18:00:00;6765
28/11/2023;A;18:00:00;59558
28/11/2023;B;18:00:00;6875
29/11/2023;A;18:00:00;61467
29/11/2023;B;18:00:00;7162
30/11/2023;A;18:00:00;63085
30/11/2023;B;18:00:00;7571
12/01/2023;A;18:00:00;58804
12/01/2023;B;18:00:00;7311
12/02/2023;A;18:00:00;37603
12/02/2023;B;18:00:00;5187
12/03/2023;A;18:00:00;25682
12/03/2023;B;18:00:00;3711
12/04/2023;A;18:00:00;62169
12/04/2023;B;18:00:00;6930
12/05/2023;A;18:00:00;63826
12/05/2023;B;18:00:00;7150
12/06/2023;A;18:00:00;65265
12/06/2023;B;18:00:00;7459
12/07/2023;A;18:00:00;61809
12/07/2023;B;18:00:00;7297
12/08/2023;A;18:00:00;28278
12/08/2023;B;18:00:00;4181
12/09/2023;A;18:00:00;37200
12/09/2023;B;18:00:00;5068
12/10/2023;A;18:00:00;25344
12/10/2023;B;18:00:00;3902
12/11/2023;A;18:00:00;62362
12/11/2023;B;18:00:00;7117
12/12/2023;A;18:00:00;64650
12/12/2023;B;18:00:00;7328
13/12/2023;A;18:00:00;64196
13/12/2023;B;18:00:00;7210
14/12/2023;A;18:00:00;122720
14/12/2023;B;18:00:00;14054
15/12/2023;A;18:00:00;59798
15/12/2023;B;18:00:00;7095
16/12/2023;A;18:00:00;39339
16/12/2023;B;18:00:00;4907
17/12/2023;A;18:00:00;30994
17/12/2023;B;18:00:00;4100
18/12/2023;A;18:00:00;63360
18/12/2023;B;18:00:00;7052
19/12/2023;A;18:00:00;62445
19/12/2023;B;18:00:00;7068
20/12/2023;A;18:00:00;63815
20/12/2023;B;18:00:00;7011
21/12/2023;A;18:00:00;61911
21/12/2023;B;18:00:00;6979
22/12/2023;A;18:00:00;57059
22/12/2023;B;18:00:00;6801
23/12/2023;A;18:00:00;36227
23/12/2023;B;18:00:00;4303
24/12/2023;A;18:00:00;25882
24/12/2023;B;18:00:00;3149
25/12/2023;A;18:00:00;18410
25/12/2023;B;18:00:00;2900
26/12/2023;A;18:00:00;50639
26/12/2023;B;18:00:00;6125
27/12/2023;A;18:00:00;51771
27/12/2023;B;18:00:00;6155
28/12/2023;A;18:00:00;52677
28/12/2023;B;18:00:00;6196
29/12/2023;A;18:00:00;47213
29/12/2023;B;18:00:00;5911
30/12/2023;A;18:00:00;30306
30/12/2023;B;18:00:00;4232
31/12/2023;A;18:00:00;21057
31/12/2023;B;18:00:00;3153
1/01/2024;A;18:00:00;16932
1/01/2024;B;18:00:00;2749
2/01/2024;A;18:00:00;37616
2/01/2024;B;18:00:00;5002
3/01/2024;A;18:00:00;42420
3/01/2024;B;18:00:00;5636
4/01/2024;A;18:00:00;43169
4/01/2024;B;18:00:00;5473
5/01/2024;A;18:00:00;41774
5/01/2024;B;18:00:00;5884
6/01/2024;A;18:00:00;29172
6/01/2024;B;18:00:00;4714
7/01/2024;A;18:00:00;22158
7/01/2024;B;18:00:00;4516
8/01/2024;A;18:00:00;19874
8/01/2024;B;18:00:00;3471
9/01/2024;A;18:00:00;47674
9/01/2024;B;18:00:00;5625
10/01/2024;A;18:00:00;47632
10/01/2024;B;18:00:00;5840
11/01/2024;A;18:00:00;48620
11/01/2024;B;18:00:00;5662
12/01/2024;A;18:00:00;46301
12/01/2024;B;18:00:00;5759
13/01/2024;A;18:00:00;26956
13/01/2024;B;18:00:00;4022
14/01/2024;A;18:00:00;18722
14/01/2024;B;18:00:00;3130
15/01/2024;A;18:00:00;54281
15/01/2024;B;18:00:00;6342
16/01/2024;A;18:00:00;54943
16/01/2024;B;18:00:00;6325
17/01/2024;A;18:00:00;54861
17/01/2024;B;18:00:00;6203
18/01/2024;A;18:00:00;54297
18/01/2024;B;18:00:00;6324
19/01/2024;A;18:00:00;49905
19/01/2024;B;18:00:00;6390
20/01/2024;A;18:00:00;27395
20/01/2024;B;18:00:00;4353
21/01/2024;A;18:00:00;19045
21/01/2024;B;18:00:00;3015
22/01/2024;A;18:00:00;53360
22/01/2024;B;18:00:00;6314
23/01/2024;A;18:00:00;55668
23/01/2024;B;18:00:00;6475
24/01/2024;A;18:00:00;55159
24/01/2024;B;18:00:00;6181
25/01/2024;A;18:00:00;53143
25/01/2024;B;18:00:00;6277
26/01/2024;A;18:00:00;50504
26/01/2024;B;18:00:00;6455
27/01/2024;A;18:00:00;27052
27/01/2024;B;18:00:00;3570
28/01/2024;A;18:00:00;18406
28/01/2024;B;18:00:00;2784
29/01/2024;A;18:00:00;53436
29/01/2024;B;18:00:00;6308
30/01/2024;A;18:00:00;56537
30/01/2024;B;18:00:00;6737
31/01/2024;A;18:00:00;56390
31/01/2024;B;18:00:00;6686
1/02/2024;A;18:00:00;54754
1/02/2024;B;18:00:00;6618
2/02/2024;A;18:00:00;51078
2/02/2024;B;18:00:00;6355
3/02/2024;A;18:00:00;27548
3/02/2024;B;18:00:00;3756
4/02/2024;A;18:00:00;19616
4/02/2024;B;18:00:00;3065
5/02/2024;A;18:00:00;57469
5/02/2024;B;18:00:00;6976
6/02/2024;A;18:00:00;57633
6/02/2024;B;18:00:00;7206
7/02/2024;A;18:00:00;56697
7/02/2024;B;18:00:00;7111
8/02/2024;A;18:00:00;56397
8/02/2024;B;18:00:00;7517
9/02/2024;A;18:00:00;53672
9/02/2024;B;18:00:00;7263
10/02/2024;A;18:00:00;28581
10/02/2024;B;18:00:00;3963
11/02/2024;A;18:00:00;18503
11/02/2024;B;18:00:00;2795
12/02/2024;A;18:00:00;54196
12/02/2024;B;18:00:00;6660
13/02/2024;A;18:00:00;56671
13/02/2024;B;18:00:00;7472
14/02/2024;A;18:00:00;57214
14/02/2024;B;18:00:00;7323
15/02/2024;A;18:00:00;57478
15/02/2024;B;18:00:00;7548
16/02/2024;A;18:00:00;54571
16/02/2024;B;18:00:00;7151
17/02/2024;A;18:00:00;28475
17/02/2024;B;18:00:00;4154
18/02/2024;A;18:00:00;20627
18/02/2024;B;18:00:00;3062
19/02/2024;A;18:00:00;56660
19/02/2024;B;18:00:00;7265
20/02/2024;A;18:00:00;57672
20/02/2024;B;18:00:00;7510
21/02/2024;A;18:00:00;56906
21/02/2024;B;18:00:00;7309
22/02/2024;A;18:00:00;56154
22/02/2024;B;18:00:00;7422
23/02/2024;A;18:00:00;52514
23/02/2024;B;18:00:00;6988
24/02/2024;A;18:00:00;27572
24/02/2024;B;18:00:00;4115
25/02/2024;A;18:00:00;19050
25/02/2024;B;18:00:00;2940
26/02/2024;A;18:00:00;58093
26/02/2024;B;18:00:00;6253
27/02/2024;A;18:00:00;55475
27/02/2024;B;18:00:00;7169
28/02/2024;A;18:00:00;57911
28/02/2024;B;18:00:00;7416
29/02/2024;A;18:00:00;59395
29/02/2024;B;18:00:00;7635
1/03/2024;A;18:00:00;54348
1/03/2024;B;18:00:00;7229
2/03/2024;A;18:00:00;28946
2/03/2024;B;18:00:00;4066
3/03/2024;A;18:00:00;20473
3/03/2024;B;18:00:00;2975
4/03/2024;A;18:00:00;55857
4/03/2024;B;18:00:00;6802
5/03/2024;A;18:00:00;57308
5/03/2024;B;18:00:00;7323
6/03/2024;A;18:00:00;57365
6/03/2024;B;18:00:00;7253
7/03/2024;A;18:00:00;57890
7/03/2024;B;18:00:00;7471
8/03/2024;A;18:00:00;55980
8/03/2024;B;18:00:00;7282
9/03/2024;A;18:00:00;27627
9/03/2024;B;18:00:00;4066
10/03/2024;A;18:00:00;18998
10/03/2024;B;18:00:00;4201
11/03/2024;A;18:00:00;56353
11/03/2024;B;18:00:00;6988
12/03/2024;A;18:00:00;57416
12/03/2024;B;18:00:00;7404
13/03/2024;A;18:00:00;55744
13/03/2024;B;18:00:00;7102
14/03/2024;A;18:00:00;57840
14/03/2024;B;18:00:00;7439
15/03/2024;A;18:00:00;55217
15/03/2024;B;18:00:00;7245
16/03/2024;A;18:00:00;29819
16/03/2024;B;18:00:00;4065
17/03/2024;A;18:00:00;19512
17/03/2024;B;18:00:00;3061
18/03/2024;A;18:00:00;57654
18/03/2024;B;18:00:00;6832
19/03/2024;A;18:00:00;57705
19/03/2024;B;18:00:00;7032
20/03/2024;A;18:00:00;59571
20/03/2024;B;18:00:00;7228
21/03/2024;A;18:00:00;59168
21/03/2024;B;18:00:00;7450
22/03/2024;A;18:00:00;53764
22/03/2024;B;18:00:00;6855
23/03/2024;A;18:00:00;27859
23/03/2024;B;18:00:00;3980
24/03/2024;A;18:00:00;15572
24/03/2024;B;18:00:00;2589
25/03/2024;A;18:00:00;17283
25/03/2024;B;18:00:00;2803
26/03/2024;A;18:00:00;41503
26/03/2024;B;18:00:00;5109
27/03/2024;A;18:00:00;30655
27/03/2024;B;18:00:00;5001
28/03/2024;A;18:00:00;14931
28/03/2024;B;18:00:00;2837
29/03/2024;A;18:00:00;14725
29/03/2024;B;18:00:00;2767
30/03/2024;A;18:00:00;21966
30/03/2024;B;18:00:00;2959
31/03/2024;A;18:00:00;16571
31/03/2024;B;18:00:00;2153
1/04/2024;A;18:00:00;54348
1/04/2024;B;18:00:00;6384
2/04/2024;A;18:00:00;58017
2/04/2024;B;18:00:00;7030
3/04/2024;A;18:00:00;54525
3/04/2024;B;18:00:00;6541
4/04/2024;A;18:00:00;58604
4/04/2024;B;18:00:00;7280
5/04/2024;A;18:00:00;55721
5/04/2024;B;18:00:00;7261
6/04/2024;A;18:00:00;27512
6/04/2024;B;18:00:00;3890
7/04/2024;A;18:00:00;18042
7/04/2024;B;18:00:00;2749
8/04/2024;A;18:00:00;54982
8/04/2024;B;18:00:00;6478
9/04/2024;A;18:00:00;56455
9/04/2024;B;18:00:00;6874
10/04/2024;A;18:00:00;57522
10/04/2024;B;18:00:00;6855
11/04/2024;A;18:00:00;55928
11/04/2024;B;18:00:00;7166
12/04/2024;A;18:00:00;51880
12/04/2024;B;18:00:00;6513
13/04/2024;A;18:00:00;26745
13/04/2024;B;18:00:00;3844
14/04/2024;A;18:00:00;17504
14/04/2024;B;18:00:00;4422
15/04/2024;A;18:00:00;55253
15/04/2024;B;18:00:00;6543
16/04/2024;A;18:00:00;58585
16/04/2024;B;18:00:00;6714
17/04/2024;A;18:00:00;56719
17/04/2024;B;18:00:00;6663
18/04/2024;A;18:00:00;61958
18/04/2024;B;18:00:00;7537
19/04/2024;A;18:00:00;50270
19/04/2024;B;18:00:00;6329
20/04/2024;A;18:00:00;27229
20/04/2024;B;18:00:00;3922
21/04/2024;A;18:00:00;18357
21/04/2024;B;18:00:00;2811
22/04/2024;A;18:00:00;54953
22/04/2024;B;18:00:00;6769
23/04/2024;A;18:00:00;56623
23/04/2024;B;18:00:00;6513
24/04/2024;A;18:00:00;55763
24/04/2024;B;18:00:00;7036
25/04/2024;A;18:00:00;55064
25/04/2024;B;18:00:00;6844
26/04/2024;A;18:00:00;51533
26/04/2024;B;18:00:00;6558
27/04/2024;A;18:00:00;27875
27/04/2024;B;18:00:00;4032
28/04/2024;A;18:00:00;17944
28/04/2024;B;18:00:00;2703
29/04/2024;A;18:00:00;56464
29/04/2024;B;18:00:00;6809
30/04/2024;A;18:00:00;61016
30/04/2024;B;18:00:00;7554
1/05/2024;A;18:00:00;18131
1/05/2024;B;18:00:00;2796
2/05/2024;A;18:00:00;59124
2/05/2024;B;18:00:00;7126
3/05/2024;A;18:00:00;54890
3/05/2024;B;18:00:00;7052
4/05/2024;A;18:00:00;31580
4/05/2024;B;18:00:00;4201
5/05/2024;A;18:00:00;18699
5/05/2024;B;18:00:00;2900
6/05/2024;A;18:00:00;57171
6/05/2024;B;18:00:00;6727
7/05/2024;A;18:00:00;54950
7/05/2024;B;18:00:00;6587
8/05/2024;A;18:00:00;57260
8/05/2024;B;18:00:00;6690
9/05/2024;A;18:00:00;58089
9/05/2024;B;18:00:00;6979
10/05/2024;A;18:00:00;54995
10/05/2024;B;18:00:00;6595
11/05/2024;A;18:00:00;29157
11/05/2024;B;18:00:00;4206
12/05/2024;A;18:00:00;17724
12/05/2024;B;18:00:00;2801
13/05/2024;A;18:00:00;17744
13/05/2024;B;18:00:00;2614
14/05/2024;A;18:00:00;57379
14/05/2024;B;18:00:00;6865
15/05/2024;A;18:00:00;60121
15/05/2024;B;18:00:00;6963
16/05/2024;A;18:00:00;59286
16/05/2024;B;18:00:00;7768
17/05/2024;A;18:00:00;53696
17/05/2024;B;18:00:00;6806
18/05/2024;A;18:00:00;28887
18/05/2024;B;18:00:00;4121
19/05/2024;A;18:00:00;18412
19/05/2024;B;18:00:00;2940
20/05/2024;A;18:00:00;55505
20/05/2024;B;18:00:00;6450
21/05/2024;A;18:00:00;52685
21/05/2024;B;18:00:00;5145
22/05/2024;A;18:00:00;55429
22/05/2024;B;18:00:00;6432
23/05/2024;A;18:00:00;50746
23/05/2024;B;18:00:00;7227
24/05/2024;A;18:00:00;52019
24/05/2024;B;18:00:00;6622
25/05/2024;A;18:00:00;26552
25/05/2024;B;18:00:00;3749
26/05/2024;A;18:00:00;18182
26/05/2024;B;18:00:00;2797
27/05/2024;A;18:00:00;56150
27/05/2024;B;18:00:00;6476
28/05/2024;A;18:00:00;56526
28/05/2024;B;18:00:00;6729
29/05/2024;A;18:00:00;56757
29/05/2024;B;18:00:00;6776
30/05/2024;A;18:00:00;56248
30/05/2024;B;18:00:00;5965
31/05/2024;A;18:00:00;54379
31/05/2024;B;18:00:00;6669
1/06/2024;A;18:00:00;28836
1/06/2024;B;18:00:00;3852
2/06/2024;A;18:00:00;17334
2/06/2024;B;18:00:00;2628
3/06/2024;A;18:00:00;18800
3/06/2024;B;18:00:00;2825
4/06/2024;A;18:00:00;57780
4/06/2024;B;18:00:00;6763
5/06/2024;A;18:00:00;58441
5/06/2024;B;18:00:00;6942
6/06/2024;A;18:00:00;56861
6/06/2024;B;18:00:00;6748
7/06/2024;A;18:00:00;54433
7/06/2024;B;18:00:00;6752
8/06/2024;A;18:00:00;26807
8/06/2024;B;18:00:00;3703
9/06/2024;A;18:00:00;16419
9/06/2024;B;18:00:00;2559
10/06/2024;A;18:00:00;17924
10/06/2024;B;18:00:00;2635
11/06/2024;A;18:00:00;57197
11/06/2024;B;18:00:00;6546
12/06/2024;A;18:00:00;56632
12/06/2024;B;18:00:00;6642
13/06/2024;A;18:00:00;56068
13/06/2024;B;18:00:00;6578
14/06/2024;A;18:00:00;54399
14/06/2024;B;18:00:00;6583
15/06/2024;A;18:00:00;31029
15/06/2024;B;18:00:00;3908
16/06/2024;A;18:00:00;20575
16/06/2024;B;18:00:00;3055
17/06/2024;A;18:00:00;54013
17/06/2024;B;18:00:00;6110
18/06/2024;A;18:00:00;56392
18/06/2024;B;18:00:00;6448
19/06/2024;A;18:00:00;56990
19/06/2024;B;18:00:00;6482
20/06/2024;A;18:00:00;55813
20/06/2024;B;18:00:00;6747
21/06/2024;A;18:00:00;53801
21/06/2024;B;18:00:00;6844
22/06/2024;A;18:00:00;29455
22/06/2024;B;18:00:00;3817
23/06/2024;A;18:00:00;19893
23/06/2024;B;18:00:00;3265
24/06/2024;A;18:00:00;45374
24/06/2024;B;18:00:00;5307
25/06/2024;A;18:00:00;57299
25/06/2024;B;18:00:00;6326
26/06/2024;A;18:00:00;55675
26/06/2024;B;18:00:00;6425
27/06/2024;A;18:00:00;55109
27/06/2024;B;18:00:00;6581
28/06/2024;A;18:00:00;44884
28/06/2024;B;18:00:00;5348
29/06/2024;A;18:00:00;29973
29/06/2024;B;18:00:00;3820
30/06/2024;A;18:00:00;21615
30/06/2024;B;18:00:00;11071
1/07/2024;A;18:00:00;19626
1/07/2024;B;18:00:00;2635
2/07/2024;A;18:00:00;56351
2/07/2024;B;18:00:00;6512
3/07/2024;A;18:00:00;56431
3/07/2024;B;18:00:00;6391
4/07/2024;A;18:00:00;56492
4/07/2024;B;18:00:00;6999
5/07/2024;A;18:00:00;52784
5/07/2024;B;18:00:00;6300
6/07/2024;A;18:00:00;22416
6/07/2024;B;18:00:00;2832
7/07/2024;A;18:00:00;19497
7/07/2024;B;18:00:00;2685
8/07/2024;A;18:00:00;55099
8/07/2024;B;18:00:00;6243
9/07/2024;A;18:00:00;55056
9/07/2024;B;18:00:00;6344
10/07/2024;A;18:00:00;54973
10/07/2024;B;18:00:00;6378
11/07/2024;A;18:00:00;54665
11/07/2024;B;18:00:00;6439
12/07/2024;A;18:00:00;51480
12/07/2024;B;18:00:00;6228
13/07/2024;A;18:00:00;27921
13/07/2024;B;18:00:00;4072
14/07/2024;A;18:00:00;21272
14/07/2024;B;18:00:00;3432
15/07/2024;A;18:00:00;50834
15/07/2024;B;18:00:00;6154
16/07/2024;A;18:00:00;58384
16/07/2024;B;18:00:00;6485
17/07/2024;A;18:00:00;54473
17/07/2024;B;18:00:00;6359
18/07/2024;A;18:00:00;55340
18/07/2024;B;18:00:00;6479
19/07/2024;A;18:00:00;52761
19/07/2024;B;18:00:00;6546
20/07/2024;A;18:00:00;23217
20/07/2024;B;18:00:00;3337
21/07/2024;A;18:00:00;19018
21/07/2024;B;18:00:00;2985
22/07/2024;A;18:00:00;53301
22/07/2024;B;18:00:00;6474
23/07/2024;A;18:00:00;54908
23/07/2024;B;18:00:00;6915
24/07/2024;A;18:00:00;55341
24/07/2024;B;18:00:00;6882
25/07/2024;A;18:00:00;54392
25/07/2024;B;18:00:00;6947
26/07/2024;A;18:00:00;50131
26/07/2024;B;18:00:00;6312
27/07/2024;A;18:00:00;29126
27/07/2024;B;18:00:00;3898
28/07/2024;A;18:00:00;17930
28/07/2024;B;18:00:00;2934
29/07/2024;A;18:00:00;53404
29/07/2024;B;18:00:00;6506
30/07/2024;A;18:00:00;57673
30/07/2024;B;18:00:00;7136
31/07/2024;A;18:00:00;57886
31/07/2024;B;18:00:00;7349
1/08/2024;A;18:00:00;55514
1/08/2024;B;18:00:00;7420
2/08/2024;A;18:00:00;54029
2/08/2024;B;18:00:00;7314
3/08/2024;A;18:00:00;31554
3/08/2024;B;18:00:00;4480
4/08/2024;A;18:00:00;21190
4/08/2024;B;18:00:00;3125
5/08/2024;A;18:00:00;59437
5/08/2024;B;18:00:00;7351
6/08/2024;A;18:00:00;61989
6/08/2024;B;18:00:00;7839
7/08/2024;A;18:00:00;23254
7/08/2024;B;18:00:00;3575
8/08/2024;A;18:00:00;59663
8/08/2024;B;18:00:00;7452
9/08/2024;A;18:00:00;55795
9/08/2024;B;18:00:00;7454
10/08/2024;A;18:00:00;30502
10/08/2024;B;18:00:00;5487
11/08/2024;A;18:00:00;22893
11/08/2024;B;18:00:00;4037
12/08/2024;A;18:00:00;33411
12/08/2024;B;18:00:00;6724
13/08/2024;A;18:00:00;57382
13/08/2024;B;18:00:00;7257
14/08/2024;A;18:00:00;60826
14/08/2024;B;18:00:00;7326
15/08/2024;A;18:00:00;59280
15/08/2024;B;18:00:00;7421
16/08/2024;A;18:00:00;55434
16/08/2024;B;18:00:00;7211
17/08/2024;A;18:00:00;31107
17/08/2024;B;18:00:00;4227
18/08/2024;A;18:00:00;20500
18/08/2024;B;18:00:00;3476
19/08/2024;A;18:00:00;19751
19/08/2024;B;18:00:00;2777
20/08/2024;A;18:00:00;59538
20/08/2024;B;18:00:00;7608
21/08/2024;A;18:00:00;58333
21/08/2024;B;18:00:00;7349
22/08/2024;A;18:00:00;57927
22/08/2024;B;18:00:00;7228
23/08/2024;A;18:00:00;54172
23/08/2024;B;18:00:00;7104
24/08/2024;A;18:00:00;29352
24/08/2024;B;18:00:00;3875
25/08/2024;A;18:00:00;18509
25/08/2024;B;18:00:00;2916
26/08/2024;A;18:00:00;55869
26/08/2024;B;18:00:00;6834
27/08/2024;A;18:00:00;57379
27/08/2024;B;18:00:00;7028
28/08/2024;A;18:00:00;57750
28/08/2024;B;18:00:00;7211
29/08/2024;A;18:00:00;56290
29/08/2024;B;18:00:00;7067
30/08/2024;A;18:00:00;56430
30/08/2024;B;18:00:00;6902
31/08/2024;A;18:00:00;32889
31/08/2024;B;18:00:00;4213
1/09/2024;A;18:00:00;19672
1/09/2024;B;18:00:00;3148
2/09/2024;A;18:00:00;58896
2/09/2024;B;18:00:00;7088
3/09/2024;A;18:00:00;59843
3/09/2024;B;18:00:00;7196
4/09/2024;A;18:00:00;52471
4/09/2024;B;18:00:00;6822
5/09/2024;A;18:00:00;49924
5/09/2024;B;18:00:00;6504
6/09/2024;A;18:00:00;49231
6/09/2024;B;18:00:00;6892
7/09/2024;A;18:00:00;30904
7/09/2024;B;18:00:00;3802
8/09/2024;A;18:00:00;20325
8/09/2024;B;18:00:00;2972
9/09/2024;A;18:00:00;57470
9/09/2024;B;18:00:00;6767
10/09/2024;A;18:00:00;56395
10/09/2024;B;18:00:00;7192
11/09/2024;A;18:00:00;58871
11/09/2024;B;18:00:00;7140
12/09/2024;A;18:00:00;59161
12/09/2024;B;18:00:00;7303
13/09/2024;A;18:00:00;55288
13/09/2024;B;18:00:00;6833
14/09/2024;A;18:00:00;31321
14/09/2024;B;18:00:00;3937
15/09/2024;A;18:00:00;23429
15/09/2024;B;18:00:00;3088
16/09/2024;A;18:00:00;56270
16/09/2024;B;18:00:00;6570
17/09/2024;A;18:00:00;59350
17/09/2024;B;18:00:00;7069
18/09/2024;A;18:00:00;57925
18/09/2024;B;18:00:00;7067
19/09/2024;A;18:00:00;59043
19/09/2024;B;18:00:00;7091
20/09/2024;A;18:00:00;52236
20/09/2024;B;18:00:00;6587
21/09/2024;A;18:00:00;29954
21/09/2024;B;18:00:00;3939
22/09/2024;A;18:00:00;19160
22/09/2024;B;18:00:00;3216
23/09/2024;A;18:00:00;55678
23/09/2024;B;18:00:00;6573
24/09/2024;A;18:00:00;56156
24/09/2024;B;18:00:00;7008
25/09/2024;A;18:00:00;57498
25/09/2024;B;18:00:00;7080
26/09/2024;A;18:00:00;57396
26/09/2024;B;18:00:00;6606
27/09/2024;A;18:00:00;53319
27/09/2024;B;18:00:00;6546
28/09/2024;A;18:00:00;29508
28/09/2024;B;18:00:00;3906
29/09/2024;A;18:00:00;18110
29/09/2024;B;18:00:00;2521
30/09/2024;A;18:00:00;57528
30/09/2024;B;18:00:00;6556
1/10/2024;A;18:00:00;61180
1/10/2024;B;18:00:00;7054
2/10/2024;A;18:00:00;58324
2/10/2024;B;18:00:00;7153
3/10/2024;A;18:00:00;59789
3/10/2024;B;18:00:00;6841
4/10/2024;A;18:00:00;53374
4/10/2024;B;18:00:00;6489
5/10/2024;A;18:00:00;29886
5/10/2024;B;18:00:00;4016
6/10/2024;A;18:00:00;19886
6/10/2024;B;18:00:00;3397
7/10/2024;A;18:00:00;57314
7/10/2024;B;18:00:00;6312
8/10/2024;A;18:00:00;57411
8/10/2024;B;18:00:00;6800
9/10/2024;A;18:00:00;57773
9/10/2024;B;18:00:00;7214
10/10/2024;A;18:00:00;55635
10/10/2024;B;18:00:00;6723
11/10/2024;A;18:00:00;52666
11/10/2024;B;18:00:00;6923
12/10/2024;A;18:00:00;30615
12/10/2024;B;18:00:00;4424
13/10/2024;A;18:00:00;18342
13/10/2024;B;18:00:00;3150
14/10/2024;A;18:00:00;18456
14/10/2024;B;18:00:00;2446
15/10/2024;A;18:00:00;57882
15/10/2024;B;18:00:00;6697
16/10/2024;A;18:00:00;59023
16/10/2024;B;18:00:00;6998
17/10/2024;A;18:00:00;57729
17/10/2024;B;18:00:00;6877
18/10/2024;A;18:00:00;55876
18/10/2024;B;18:00:00;7220
19/10/2024;A;18:00:00;32245
19/10/2024;B;18:00:00;4254
20/10/2024;A;18:00:00;19298
20/10/2024;B;18:00:00;2904
21/10/2024;A;18:00:00;36784
21/10/2024;B;18:00:00;6714
22/10/2024;A;18:00:00;58317
22/10/2024;B;18:00:00;6836
23/10/2024;A;18:00:00;57618
23/10/2024;B;18:00:00;6684
24/10/2024;A;18:00:00;58827
24/10/2024;B;18:00:00;7229
25/10/2024;A;18:00:00;54493
25/10/2024;B;18:00:00;6944
26/10/2024;A;18:00:00;29675
26/10/2024;B;18:00:00;3988
27/10/2024;A;18:00:00;18858
27/10/2024;B;18:00:00;2938
28/10/2024;A;18:00:00;60326
28/10/2024;B;18:00:00;6789
29/10/2024;A;18:00:00;59224
29/10/2024;B;18:00:00;7435
30/10/2024;A;18:00:00;58124
30/10/2024;B;18:00:00;7178
31/10/2024;A;18:00:00;52564
31/10/2024;B;18:00:00;6703
1/01/2019;A;19:00:00;18313
2/01/2019;A;19:00:00;31232
3/01/2019;A;19:00:00;32393
4/01/2019;A;19:00:00;34089
5/01/2019;A;19:00:00;27737
6/01/2019;A;19:00:00;20428
7/01/2019;A;19:00:00;20171
8/01/2019;A;19:00:00;30607
9/01/2019;A;19:00:00;30038
10/01/2019;A;19:00:00;30651
11/01/2019;A;19:00:00;31442
12/01/2019;A;19:00:00;25716
13/01/2019;A;19:00:00;18981
14/01/2019;A;19:00:00;30553
15/01/2019;A;19:00:00;34115
16/01/2019;A;19:00:00;35023
17/01/2019;A;19:00:00;34937
18/01/2019;A;19:00:00;36108
19/01/2019;A;19:00:00;27158
20/01/2019;A;19:00:00;19955
21/01/2019;A;19:00:00;33514
22/01/2019;A;19:00:00;34265
23/01/2019;A;19:00:00;35048
24/01/2019;A;19:00:00;34718
25/01/2019;A;19:00:00;35949
26/01/2019;A;19:00:00;25414
27/01/2019;A;19:00:00;19573
28/01/2019;A;19:00:00;32903
29/01/2019;A;19:00:00;34906
30/01/2019;A;19:00:00;35683
31/01/2019;A;19:00:00;36516
1/02/2019;A;19:00:00;35530
2/02/2019;A;19:00:00;27768
3/02/2019;A;19:00:00;21908
4/02/2019;A;19:00:00;34058
5/02/2019;A;19:00:00;35186
6/02/2019;A;19:00:00;34031
7/02/2019;A;19:00:00;34064
8/02/2019;A;19:00:00;36291
9/02/2019;A;19:00:00;26237
10/02/2019;A;19:00:00;19579
11/02/2019;A;19:00:00;34475
12/02/2019;A;19:00:00;34084
13/02/2019;A;19:00:00;34843
14/02/2019;A;19:00:00;35711
15/02/2019;A;19:00:00;36782
16/02/2019;A;19:00:00;27127
17/02/2019;A;19:00:00;21163
18/02/2019;A;19:00:00;33239
19/02/2019;A;19:00:00;35019
20/02/2019;A;19:00:00;35137
21/02/2019;A;19:00:00;36663
22/02/2019;A;19:00:00;31209
23/02/2019;A;19:00:00;24575
24/02/2019;A;19:00:00;18751
25/02/2019;A;19:00:00;35250
26/02/2019;A;19:00:00;34188
27/02/2019;A;19:00:00;35595
28/02/2019;A;19:00:00;40505
1/03/2019;A;19:00:00;38767
2/03/2019;A;19:00:00;28897
3/03/2019;A;19:00:00;20056
4/03/2019;A;19:00:00;34940
5/03/2019;A;19:00:00;36917
6/03/2019;A;19:00:00;38311
7/03/2019;A;19:00:00;37321
8/03/2019;A;19:00:00;40818
9/03/2019;A;19:00:00;27210
10/03/2019;A;19:00:00;19764
11/03/2019;A;19:00:00;34193
12/03/2019;A;19:00:00;34651
13/03/2019;A;19:00:00;35971
14/03/2019;A;19:00:00;34907
15/03/2019;A;19:00:00;38501
16/03/2019;A;19:00:00;29033
17/03/2019;A;19:00:00;21192
18/03/2019;A;19:00:00;37872
19/03/2019;A;19:00:00;37076
20/03/2019;A;19:00:00;36159
21/03/2019;A;19:00:00;34483
22/03/2019;A;19:00:00;37634
23/03/2019;A;19:00:00;27688
24/03/2019;A;19:00:00;16068
25/03/2019;A;19:00:00;17003
26/03/2019;A;19:00:00;35101
27/03/2019;A;19:00:00;37121
28/03/2019;A;19:00:00;34972
29/03/2019;A;19:00:00;41100
30/03/2019;A;19:00:00;29801
31/03/2019;A;19:00:00;19731
1/04/2019;A;19:00:00;38870
2/04/2019;A;19:00:00;37792
3/04/2019;A;19:00:00;36291
4/04/2019;A;19:00:00;37814
5/04/2019;A;19:00:00;37825
6/04/2019;A;19:00:00;25978
7/04/2019;A;19:00:00;19549
8/04/2019;A;19:00:00;35468
9/04/2019;A;19:00:00;35504
10/04/2019;A;19:00:00;35578
11/04/2019;A;19:00:00;38394
12/04/2019;A;19:00:00;38340
13/04/2019;A;19:00:00;27160
14/04/2019;A;19:00:00;17563
15/04/2019;A;19:00:00;33900
16/04/2019;A;19:00:00;32984
17/04/2019;A;19:00:00;31572
18/04/2019;A;19:00:00;16053
19/04/2019;A;19:00:00;14066
20/04/2019;A;19:00:00;19052
21/04/2019;A;19:00:00;16838
22/04/2019;A;19:00:00;36009
23/04/2019;A;19:00:00;38806
24/04/2019;A;19:00:00;32078
25/04/2019;A;19:00:00;82997
26/04/2019;A;19:00:00;44555
27/04/2019;A;19:00:00;25240
28/04/2019;A;19:00:00;19998
29/04/2019;A;19:00:00;35949
30/04/2019;A;19:00:00;41443
1/05/2019;A;19:00:00;20867
2/05/2019;A;19:00:00;37933
3/05/2019;A;19:00:00;38136
4/05/2019;A;19:00:00;28294
5/05/2019;A;19:00:00;20784
6/05/2019;A;19:00:00;35462
7/05/2019;A;19:00:00;36348
8/05/2019;A;19:00:00;36599
9/05/2019;A;19:00:00;35436
10/05/2019;A;19:00:00;39201
11/05/2019;A;19:00:00;26639
12/05/2019;A;19:00:00;20373
13/05/2019;A;19:00:00;34102
14/05/2019;A;19:00:00;35889
15/05/2019;A;19:00:00;37159
16/05/2019;A;19:00:00;35503
17/05/2019;A;19:00:00;37119
18/05/2019;A;19:00:00;27792
19/05/2019;A;19:00:00;19295
20/05/2019;A;19:00:00;35187
21/05/2019;A;19:00:00;35515
22/05/2019;A;19:00:00;35339
23/05/2019;A;19:00:00;35016
24/05/2019;A;19:00:00;36049
25/05/2019;A;19:00:00;26545
26/05/2019;A;19:00:00;19283
27/05/2019;A;19:00:00;35787
28/05/2019;A;19:00:00;36690
29/05/2019;A;19:00:00;35926
30/05/2019;A;19:00:00;37834
31/05/2019;A;19:00:00;37486
1/06/2019;A;19:00:00;25768
2/06/2019;A;19:00:00;17777
3/06/2019;A;19:00:00;19632
4/06/2019;A;19:00:00;38370
5/06/2019;A;19:00:00;36580
6/06/2019;A;19:00:00;37309
7/06/2019;A;19:00:00;37664
8/06/2019;A;19:00:00;27389
9/06/2019;A;19:00:00;18726
10/06/2019;A;19:00:00;34649
11/06/2019;A;19:00:00;36878
12/06/2019;A;19:00:00;35453
13/06/2019;A;19:00:00;36130
14/06/2019;A;19:00:00;38880
15/06/2019;A;19:00:00;30304
16/06/2019;A;19:00:00;20812
17/06/2019;A;19:00:00;35446
18/06/2019;A;19:00:00;36174
19/06/2019;A;19:00:00;34131
20/06/2019;A;19:00:00;36706
21/06/2019;A;19:00:00;36574
22/06/2019;A;19:00:00;27531
23/06/2019;A;19:00:00;18755
24/06/2019;A;19:00:00;17998
25/06/2019;A;19:00:00;37805
26/06/2019;A;19:00:00;37690
27/06/2019;A;19:00:00;37959
28/06/2019;A;19:00:00;25384
29/06/2019;A;19:00:00;27511
30/06/2019;A;19:00:00;23202
1/07/2019;A;19:00:00;19888
2/07/2019;A;19:00:00;37227
3/07/2019;A;19:00:00;36937
4/07/2019;A;19:00:00;36554
5/07/2019;A;19:00:00;39869
6/07/2019;A;19:00:00;28859
7/07/2019;A;19:00:00;20034
8/07/2019;A;19:00:00;35068
9/07/2019;A;19:00:00;36705
10/07/2019;A;19:00:00;39546
11/07/2019;A;19:00:00;38189
12/07/2019;A;19:00:00;39882
13/07/2019;A;19:00:00;27722
14/07/2019;A;19:00:00;20179
15/07/2019;A;19:00:00;38984
16/07/2019;A;19:00:00;39185
17/07/2019;A;19:00:00;38089
18/07/2019;A;19:00:00;38822
19/07/2019;A;19:00:00;42812
20/07/2019;A;19:00:00;24446
21/07/2019;A;19:00:00;21841
22/07/2019;A;19:00:00;36276
23/07/2019;A;19:00:00;38461
24/07/2019;A;19:00:00;37242
25/07/2019;A;19:00:00;38990
26/07/2019;A;19:00:00;40324
27/07/2019;A;19:00:00;28235
28/07/2019;A;19:00:00;20423
29/07/2019;A;19:00:00;35860
30/07/2019;A;19:00:00;39227
31/07/2019;A;19:00:00;39344
1/08/2019;A;19:00:00;40110
2/08/2019;A;19:00:00;40970
3/08/2019;A;19:00:00;30499
4/08/2019;A;19:00:00;24064
5/08/2019;A;19:00:00;39949
6/08/2019;A;19:00:00;44923
7/08/2019;A;19:00:00;22520
8/08/2019;A;19:00:00;40391
9/08/2019;A;19:00:00;42313
10/08/2019;A;19:00:00;31178
11/08/2019;A;19:00:00;22137
12/08/2019;A;19:00:00;37491
13/08/2019;A;19:00:00;37265
14/08/2019;A;19:00:00;37009
15/08/2019;A;19:00:00;39806
16/08/2019;A;19:00:00;40784
17/08/2019;A;19:00:00;28437
18/08/2019;A;19:00:00;19284
19/08/2019;A;19:00:00;20187
20/08/2019;A;19:00:00;38903
21/08/2019;A;19:00:00;39576
22/08/2019;A;19:00:00;38244
23/08/2019;A;19:00:00;37946
24/08/2019;A;19:00:00;26737
25/08/2019;A;19:00:00;19227
26/08/2019;A;19:00:00;37063
27/08/2019;A;19:00:00;38032
28/08/2019;A;19:00:00;37395
29/08/2019;A;19:00:00;38208
30/08/2019;A;19:00:00;41505
31/08/2019;A;19:00:00;28943
1/09/2019;A;19:00:00;22289
2/09/2019;A;19:00:00;36677
3/09/2019;A;19:00:00;38903
4/09/2019;A;19:00:00;22335
5/09/2019;A;19:00:00;39728
6/09/2019;A;19:00:00;39488
7/09/2019;A;19:00:00;29572
8/09/2019;A;19:00:00;21477
9/09/2019;A;19:00:00;36229
10/09/2019;A;19:00:00;37911
11/09/2019;A;19:00:00;36875
12/09/2019;A;19:00:00;38408
13/09/2019;A;19:00:00;41088
14/09/2019;A;19:00:00;29555
15/09/2019;A;19:00:00;22029
16/09/2019;A;19:00:00;37940
17/09/2019;A;19:00:00;38014
18/09/2019;A;19:00:00;38294
19/09/2019;A;19:00:00;39108
20/09/2019;A;19:00:00;39035
21/09/2019;A;19:00:00;27304
22/09/2019;A;19:00:00;19229
23/09/2019;A;19:00:00;38481
24/09/2019;A;19:00:00;38084
25/09/2019;A;19:00:00;36689
26/09/2019;A;19:00:00;38999
27/09/2019;A;19:00:00;40671
28/09/2019;A;19:00:00;27081
29/09/2019;A;19:00:00;19613
30/09/2019;A;19:00:00;38736
1/10/2019;A;19:00:00;40087
2/10/2019;A;19:00:00;38889
3/10/2019;A;19:00:00;38442
4/10/2019;A;19:00:00;40956
5/10/2019;A;19:00:00;29143
6/10/2019;A;19:00:00;20135
7/10/2019;A;19:00:00;37388
8/10/2019;A;19:00:00;37200
9/10/2019;A;19:00:00;36738
10/10/2019;A;19:00:00;37014
11/10/2019;A;19:00:00;38736
12/10/2019;A;19:00:00;26348
13/10/2019;A;19:00:00;18105
14/10/2019;A;19:00:00;19394
15/10/2019;A;19:00:00;40767
16/10/2019;A;19:00:00;38194
17/10/2019;A;19:00:00;49328
18/10/2019;A;19:00:00;40178
19/10/2019;A;19:00:00;28002
20/10/2019;A;19:00:00;20354
21/10/2019;A;19:00:00;37338
22/10/2019;A;19:00:00;37561
23/10/2019;A;19:00:00;39927
24/10/2019;A;19:00:00;37399
25/10/2019;A;19:00:00;38743
26/10/2019;A;19:00:00;26592
27/10/2019;A;19:00:00;19000
28/10/2019;A;19:00:00;38879
29/10/2019;A;19:00:00;39031
30/10/2019;A;19:00:00;43912
31/10/2019;A;19:00:00;41920
1/11/2019;A;19:00:00;41287
2/11/2019;A;19:00:00;27638
3/11/2019;A;19:00:00;16874
4/11/2019;A;19:00:00;18759
5/11/2019;A;19:00:00;39674
6/11/2019;A;19:00:00;39871
7/11/2019;A;19:00:00;39851
8/11/2019;A;19:00:00;37310
9/11/2019;A;19:00:00;28224
10/11/2019;A;19:00:00;16745
11/11/2019;A;19:00:00;21572
12/11/2019;A;19:00:00;40125
13/11/2019;A;19:00:00;41301
14/11/2019;A;19:00:00;38739
15/11/2019;A;19:00:00;40107
16/11/2019;A;19:00:00;30199
17/11/2019;A;19:00:00;19741
18/11/2019;A;19:00:00;39223
19/11/2019;A;19:00:00;39767
20/11/2019;A;19:00:00;35685
21/11/2019;A;19:00:00;17929
22/11/2019;A;19:00:00;46966
23/11/2019;A;19:00:00;29802
24/11/2019;A;19:00:00;19494
25/11/2019;A;19:00:00;40468
26/11/2019;A;19:00:00;45401
27/11/2019;A;19:00:00;36413
28/11/2019;A;19:00:00;40988
29/11/2019;A;19:00:00;44677
30/11/2019;A;19:00:00;37919
1/12/2019;A;19:00:00;24951
2/12/2019;A;19:00:00;43251
3/12/2019;A;19:00:00;44626
4/12/2019;A;19:00:00;38466
5/12/2019;A;19:00:00;47346
6/12/2019;A;19:00:00;47435
7/12/2019;A;19:00:00;36941
8/12/2019;A;19:00:00;29764
9/12/2019;A;19:00:00;45518
10/12/2019;A;19:00:00;46777
11/12/2019;A;19:00:00;44825
12/12/2019;A;19:00:00;43213
13/12/2019;A;19:00:00;49043
14/12/2019;A;19:00:00;44787
15/12/2019;A;19:00:00;34027
16/12/2019;A;19:00:00;46415
17/12/2019;A;19:00:00;46782
18/12/2019;A;19:00:00;45983
19/12/2019;A;19:00:00;49677
20/12/2019;A;19:00:00;51434
21/12/2019;A;19:00:00;45850
22/12/2019;A;19:00:00;31665
23/12/2019;A;19:00:00;44579
24/12/2019;A;19:00:00;31204
25/12/2019;A;19:00:00;22045
26/12/2019;A;19:00:00;39807
27/12/2019;A;19:00:00;41291
28/12/2019;A;19:00:00;37924
29/12/2019;A;19:00:00;24200
30/12/2019;A;19:00:00;37405
31/12/2019;A;19:00:00;21945
1/01/2019;B;19:00:00;2099
2/01/2019;B;19:00:00;3597
3/01/2019;B;19:00:00;3731
4/01/2019;B;19:00:00;4002
5/01/2019;B;19:00:00;3949
6/01/2019;B;19:00:00;2685
7/01/2019;B;19:00:00;2685
8/01/2019;B;19:00:00;3721
9/01/2019;B;19:00:00;3875
10/01/2019;B;19:00:00;3891
11/01/2019;B;19:00:00;3719
12/01/2019;B;19:00:00;3647
13/01/2019;B;19:00:00;4559
14/01/2019;B;19:00:00;3817
15/01/2019;B;19:00:00;4463
16/01/2019;B;19:00:00;4536
17/01/2019;B;19:00:00;4454
18/01/2019;B;19:00:00;4563
19/01/2019;B;19:00:00;3547
20/01/2019;B;19:00:00;2611
21/01/2019;B;19:00:00;4318
22/01/2019;B;19:00:00;4643
23/01/2019;B;19:00:00;4619
24/01/2019;B;19:00:00;4640
25/01/2019;B;19:00:00;4672
26/01/2019;B;19:00:00;3937
27/01/2019;B;19:00:00;2653
28/01/2019;B;19:00:00;4353
29/01/2019;B;19:00:00;4903
30/01/2019;B;19:00:00;4786
31/01/2019;B;19:00:00;4954
1/02/2019;B;19:00:00;4778
2/02/2019;B;19:00:00;3634
3/02/2019;B;19:00:00;2950
4/02/2019;B;19:00:00;4707
5/02/2019;B;19:00:00;5107
6/02/2019;B;19:00:00;4863
7/02/2019;B;19:00:00;4937
8/02/2019;B;19:00:00;4942
9/02/2019;B;19:00:00;3408
10/02/2019;B;19:00:00;3691
11/02/2019;B;19:00:00;4621
12/02/2019;B;19:00:00;4823
13/02/2019;B;19:00:00;4908
14/02/2019;B;19:00:00;5331
15/02/2019;B;19:00:00;4892
16/02/2019;B;19:00:00;3644
17/02/2019;B;19:00:00;2814
18/02/2019;B;19:00:00;4317
19/02/2019;B;19:00:00;4797
20/02/2019;B;19:00:00;5028
21/02/2019;B;19:00:00;5036
22/02/2019;B;19:00:00;5204
23/02/2019;B;19:00:00;3463
24/02/2019;B;19:00:00;5848
25/02/2019;B;19:00:00;4989
26/02/2019;B;19:00:00;4936
27/02/2019;B;19:00:00;4850
28/02/2019;B;19:00:00;6731
1/03/2019;B;19:00:00;4942
2/03/2019;B;19:00:00;3984
3/03/2019;B;19:00:00;2736
4/03/2019;B;19:00:00;4733
5/03/2019;B;19:00:00;5022
6/03/2019;B;19:00:00;5295
7/03/2019;B;19:00:00;5185
8/03/2019;B;19:00:00;5702
9/03/2019;B;19:00:00;3888
10/03/2019;B;19:00:00;3607
11/03/2019;B;19:00:00;4685
12/03/2019;B;19:00:00;4824
13/03/2019;B;19:00:00;5214
14/03/2019;B;19:00:00;5018
15/03/2019;B;19:00:00;5309
16/03/2019;B;19:00:00;4571
17/03/2019;B;19:00:00;2785
18/03/2019;B;19:00:00;4878
19/03/2019;B;19:00:00;5153
20/03/2019;B;19:00:00;4985
21/03/2019;B;19:00:00;4856
22/03/2019;B;19:00:00;5293
23/03/2019;B;19:00:00;3647
24/03/2019;B;19:00:00;2424
25/03/2019;B;19:00:00;2039
26/03/2019;B;19:00:00;4596
27/03/2019;B;19:00:00;5151
28/03/2019;B;19:00:00;5195
29/03/2019;B;19:00:00;5415
30/03/2019;B;19:00:00;4240
31/03/2019;B;19:00:00;2699
1/04/2019;B;19:00:00;5422
2/04/2019;B;19:00:00;5079
3/04/2019;B;19:00:00;5037
4/04/2019;B;19:00:00;5277
5/04/2019;B;19:00:00;5368
6/04/2019;B;19:00:00;3730
7/04/2019;B;19:00:00;5720
8/04/2019;B;19:00:00;4498
9/04/2019;B;19:00:00;4632
10/04/2019;B;19:00:00;4876
11/04/2019;B;19:00:00;5306
12/04/2019;B;19:00:00;5050
13/04/2019;B;19:00:00;3759
14/04/2019;B;19:00:00;2688
15/04/2019;B;19:00:00;3982
16/04/2019;B;19:00:00;3802
17/04/2019;B;19:00:00;3739
18/04/2019;B;19:00:00;2066
19/04/2019;B;19:00:00;1882
20/04/2019;B;19:00:00;4568
21/04/2019;B;19:00:00;2350
22/04/2019;B;19:00:00;4566
23/04/2019;B;19:00:00;5169
24/04/2019;B;19:00:00;4312
25/04/2019;B;19:00:00;13320
26/04/2019;B;19:00:00;5500
27/04/2019;B;19:00:00;3968
28/04/2019;B;19:00:00;2748
29/04/2019;B;19:00:00;4753
30/04/2019;B;19:00:00;5592
1/05/2019;B;19:00:00;2972
2/05/2019;B;19:00:00;5090
3/05/2019;B;19:00:00;5072
4/05/2019;B;19:00:00;3727
5/05/2019;B;19:00:00;3216
6/05/2019;B;19:00:00;4716
7/05/2019;B;19:00:00;4990
8/05/2019;B;19:00:00;4958
9/05/2019;B;19:00:00;4871
10/05/2019;B;19:00:00;5298
11/05/2019;B;19:00:00;3613
12/05/2019;B;19:00:00;2744
13/05/2019;B;19:00:00;4645
14/05/2019;B;19:00:00;5068
15/05/2019;B;19:00:00;5151
16/05/2019;B;19:00:00;4941
17/05/2019;B;19:00:00;5742
18/05/2019;B;19:00:00;3879
19/05/2019;B;19:00:00;5094
20/05/2019;B;19:00:00;4689
21/05/2019;B;19:00:00;4906
22/05/2019;B;19:00:00;4920
23/05/2019;B;19:00:00;5094
24/05/2019;B;19:00:00;5004
25/05/2019;B;19:00:00;3572
26/05/2019;B;19:00:00;2670
27/05/2019;B;19:00:00;4671
28/05/2019;B;19:00:00;4984
29/05/2019;B;19:00:00;4789
30/05/2019;B;19:00:00;5299
31/05/2019;B;19:00:00;4950
1/06/2019;B;19:00:00;3710
2/06/2019;B;19:00:00;2519
3/06/2019;B;19:00:00;2709
4/06/2019;B;19:00:00;4721
5/06/2019;B;19:00:00;4646
6/06/2019;B;19:00:00;4880
7/06/2019;B;19:00:00;5065
8/06/2019;B;19:00:00;3646
9/06/2019;B;19:00:00;2554
10/06/2019;B;19:00:00;4536
11/06/2019;B;19:00:00;4915
12/06/2019;B;19:00:00;4440
13/06/2019;B;19:00:00;4523
14/06/2019;B;19:00:00;4978
15/06/2019;B;19:00:00;3766
16/06/2019;B;19:00:00;2469
17/06/2019;B;19:00:00;4455
18/06/2019;B;19:00:00;4652
19/06/2019;B;19:00:00;4511
20/06/2019;B;19:00:00;4512
21/06/2019;B;19:00:00;4981
22/06/2019;B;19:00:00;3283
23/06/2019;B;19:00:00;2468
24/06/2019;B;19:00:00;2255
25/06/2019;B;19:00:00;4591
26/06/2019;B;19:00:00;4608
27/06/2019;B;19:00:00;4782
28/06/2019;B;19:00:00;3176
29/06/2019;B;19:00:00;3555
30/06/2019;B;19:00:00;2824
1/07/2019;B;19:00:00;2282
2/07/2019;B;19:00:00;4499
3/07/2019;B;19:00:00;4523
4/07/2019;B;19:00:00;4773
5/07/2019;B;19:00:00;5299
6/07/2019;B;19:00:00;5879
7/07/2019;B;19:00:00;2803
8/07/2019;B;19:00:00;4528
9/07/2019;B;19:00:00;4749
10/07/2019;B;19:00:00;4882
11/07/2019;B;19:00:00;4717
12/07/2019;B;19:00:00;5062
13/07/2019;B;19:00:00;3787
14/07/2019;B;19:00:00;2951
15/07/2019;B;19:00:00;4763
16/07/2019;B;19:00:00;4869
17/07/2019;B;19:00:00;4757
18/07/2019;B;19:00:00;5109
19/07/2019;B;19:00:00;5189
20/07/2019;B;19:00:00;3692
21/07/2019;B;19:00:00;3164
22/07/2019;B;19:00:00;4450
23/07/2019;B;19:00:00;4967
24/07/2019;B;19:00:00;4894
25/07/2019;B;19:00:00;5097
26/07/2019;B;19:00:00;5236
27/07/2019;B;19:00:00;3949
28/07/2019;B;19:00:00;3065
29/07/2019;B;19:00:00;4708
30/07/2019;B;19:00:00;5229
31/07/2019;B;19:00:00;5284
1/08/2019;B;19:00:00;5398
2/08/2019;B;19:00:00;5579
3/08/2019;B;19:00:00;3957
4/08/2019;B;19:00:00;3840
5/08/2019;B;19:00:00;5288
6/08/2019;B;19:00:00;6011
7/08/2019;B;19:00:00;3358
8/08/2019;B;19:00:00;5326
9/08/2019;B;19:00:00;5707
10/08/2019;B;19:00:00;4402
11/08/2019;B;19:00:00;3204
12/08/2019;B;19:00:00;5169
13/08/2019;B;19:00:00;5179
14/08/2019;B;19:00:00;5273
15/08/2019;B;19:00:00;5345
16/08/2019;B;19:00:00;5231
17/08/2019;B;19:00:00;3792
18/08/2019;B;19:00:00;3420
19/08/2019;B;19:00:00;2674
20/08/2019;B;19:00:00;5139
21/08/2019;B;19:00:00;5410
22/08/2019;B;19:00:00;5489
23/08/2019;B;19:00:00;5083
24/08/2019;B;19:00:00;3649
25/08/2019;B;19:00:00;7334
26/08/2019;B;19:00:00;4685
27/08/2019;B;19:00:00;4921
28/08/2019;B;19:00:00;4922
29/08/2019;B;19:00:00;5445
30/08/2019;B;19:00:00;5316
31/08/2019;B;19:00:00;4057
1/09/2019;B;19:00:00;3176
2/09/2019;B;19:00:00;4792
3/09/2019;B;19:00:00;5045
4/09/2019;B;19:00:00;2892
5/09/2019;B;19:00:00;5205
6/09/2019;B;19:00:00;5062
7/09/2019;B;19:00:00;4582
8/09/2019;B;19:00:00;7150
9/09/2019;B;19:00:00;4533
10/09/2019;B;19:00:00;4880
11/09/2019;B;19:00:00;5168
12/09/2019;B;19:00:00;5029
13/09/2019;B;19:00:00;5299
14/09/2019;B;19:00:00;3694
15/09/2019;B;19:00:00;2806
16/09/2019;B;19:00:00;4869
17/09/2019;B;19:00:00;5060
18/09/2019;B;19:00:00;5014
19/09/2019;B;19:00:00;5286
20/09/2019;B;19:00:00;4923
21/09/2019;B;19:00:00;5728
22/09/2019;B;19:00:00;2578
23/09/2019;B;19:00:00;4538
24/09/2019;B;19:00:00;5086
25/09/2019;B;19:00:00;4887
26/09/2019;B;19:00:00;5289
27/09/2019;B;19:00:00;5245
28/09/2019;B;19:00:00;3833
29/09/2019;B;19:00:00;2934
30/09/2019;B;19:00:00;4576
1/10/2019;B;19:00:00;5224
2/10/2019;B;19:00:00;5131
3/10/2019;B;19:00:00;4697
4/10/2019;B;19:00:00;5280
5/10/2019;B;19:00:00;4095
6/10/2019;B;19:00:00;4173
7/10/2019;B;19:00:00;4770
8/10/2019;B;19:00:00;4994
9/10/2019;B;19:00:00;5007
10/10/2019;B;19:00:00;5090
11/10/2019;B;19:00:00;5769
12/10/2019;B;19:00:00;3528
13/10/2019;B;19:00:00;5894
14/10/2019;B;19:00:00;2659
15/10/2019;B;19:00:00;5112
16/10/2019;B;19:00:00;5079
17/10/2019;B;19:00:00;6666
18/10/2019;B;19:00:00;5298
19/10/2019;B;19:00:00;3713
20/10/2019;B;19:00:00;3398
21/10/2019;B;19:00:00;4889
22/10/2019;B;19:00:00;5043
23/10/2019;B;19:00:00;5042
24/10/2019;B;19:00:00;5462
25/10/2019;B;19:00:00;5150
26/10/2019;B;19:00:00;3685
27/10/2019;B;19:00:00;2736
28/10/2019;B;19:00:00;4583
29/10/2019;B;19:00:00;5383
30/10/2019;B;19:00:00;5543
31/10/2019;B;19:00:00;5199
1/11/2019;B;19:00:00;5365
2/11/2019;B;19:00:00;3421
3/11/2019;B;19:00:00;2379
4/11/2019;B;19:00:00;2321
5/11/2019;B;19:00:00;5035
6/11/2019;B;19:00:00;5426
7/11/2019;B;19:00:00;5365
8/11/2019;B;19:00:00;4565
9/11/2019;B;19:00:00;3730
10/11/2019;B;19:00:00;2453
11/11/2019;B;19:00:00;2566
12/11/2019;B;19:00:00;5354
13/11/2019;B;19:00:00;5167
14/11/2019;B;19:00:00;5299
15/11/2019;B;19:00:00;5286
16/11/2019;B;19:00:00;3550
17/11/2019;B;19:00:00;2850
18/11/2019;B;19:00:00;4565
19/11/2019;B;19:00:00;6610
20/11/2019;B;19:00:00;4399
21/11/2019;B;19:00:00;2105
22/11/2019;B;19:00:00;5882
23/11/2019;B;19:00:00;3703
24/11/2019;B;19:00:00;6234
25/11/2019;B;19:00:00;5127
26/11/2019;B;19:00:00;5169
27/11/2019;B;19:00:00;4779
28/11/2019;B;19:00:00;4945
29/11/2019;B;19:00:00;5686
30/11/2019;B;19:00:00;4789
1/12/2019;B;19:00:00;2908
2/12/2019;B;19:00:00;4898
3/12/2019;B;19:00:00;5290
4/12/2019;B;19:00:00;4807
5/12/2019;B;19:00:00;5537
6/12/2019;B;19:00:00;5723
7/12/2019;B;19:00:00;4657
8/12/2019;B;19:00:00;4041
9/12/2019;B;19:00:00;5041
10/12/2019;B;19:00:00;5204
11/12/2019;B;19:00:00;5323
12/12/2019;B;19:00:00;5353
13/12/2019;B;19:00:00;5902
14/12/2019;B;19:00:00;6899
15/12/2019;B;19:00:00;4026
16/12/2019;B;19:00:00;4664
17/12/2019;B;19:00:00;5003
18/12/2019;B;19:00:00;4894
19/12/2019;B;19:00:00;5359
20/12/2019;B;19:00:00;5791
21/12/2019;B;19:00:00;5223
22/12/2019;B;19:00:00;3706
23/12/2019;B;19:00:00;4712
24/12/2019;B;19:00:00;3583
25/12/2019;B;19:00:00;2723
26/12/2019;B;19:00:00;4500
27/12/2019;B;19:00:00;5010
28/12/2019;B;19:00:00;4753
29/12/2019;B;19:00:00;2985
30/12/2019;B;19:00:00;4074
31/12/2019;B;19:00:00;2840
1/01/2020;A;19:00:00;20358
1/01/2020;B;19:00:00;2319
2/01/2020;A;19:00:00;30912
2/01/2020;B;19:00:00;3749
3/01/2020;A;19:00:00;34471
3/01/2020;B;19:00:00;4299
4/01/2020;A;19:00:00;32018
4/01/2020;B;19:00:00;4586
5/01/2020;A;19:00:00;27745
5/01/2020;B;19:00:00;4121
6/01/2020;A;19:00:00;24384
6/01/2020;B;19:00:00;3549
7/01/2020;A;19:00:00;33508
7/01/2020;B;19:00:00;3807
8/01/2020;A;19:00:00;32902
8/01/2020;B;19:00:00;4122
9/01/2020;A;19:00:00;32585
9/01/2020;B;19:00:00;4061
10/01/2020;A;19:00:00;34462
10/01/2020;B;19:00:00;4293
11/01/2020;A;19:00:00;26308
11/01/2020;B;19:00:00;3483
12/01/2020;A;19:00:00;19609
12/01/2020;B;19:00:00;3026
13/01/2020;A;19:00:00;32576
13/01/2020;B;19:00:00;3952
14/01/2020;A;19:00:00;34165
14/01/2020;B;19:00:00;4207
15/01/2020;A;19:00:00;35195
15/01/2020;B;19:00:00;4344
16/01/2020;A;19:00:00;36015
16/01/2020;B;19:00:00;4483
17/01/2020;A;19:00:00;36823
17/01/2020;B;19:00:00;4731
18/01/2020;A;19:00:00;27720
18/01/2020;B;19:00:00;3715
19/01/2020;A;19:00:00;20487
19/01/2020;B;19:00:00;2939
20/01/2020;A;19:00:00;33546
20/01/2020;B;19:00:00;4286
21/01/2020;A;19:00:00;39289
21/01/2020;B;19:00:00;4184
22/01/2020;A;19:00:00;36874
22/01/2020;B;19:00:00;4641
23/01/2020;A;19:00:00;36156
23/01/2020;B;19:00:00;4567
24/01/2020;A;19:00:00;35795
24/01/2020;B;19:00:00;4757
25/01/2020;A;19:00:00;26918
25/01/2020;B;19:00:00;3761
26/01/2020;A;19:00:00;18672
26/01/2020;B;19:00:00;6463
27/01/2020;A;19:00:00;34412
27/01/2020;B;19:00:00;4471
28/01/2020;A;19:00:00;34393
28/01/2020;B;19:00:00;4643
29/01/2020;A;19:00:00;34825
29/01/2020;B;19:00:00;4481
30/01/2020;A;19:00:00;37669
30/01/2020;B;19:00:00;5011
31/01/2020;A;19:00:00;40079
31/01/2020;B;19:00:00;5079
1/02/2020;A;19:00:00;29397
1/02/2020;B;19:00:00;4063
2/02/2020;A;19:00:00;21228
2/02/2020;B;19:00:00;3019
3/02/2020;A;19:00:00;38664
3/02/2020;B;19:00:00;4874
4/02/2020;A;19:00:00;38538
4/02/2020;B;19:00:00;5037
5/02/2020;A;19:00:00;38274
5/02/2020;B;19:00:00;5176
6/02/2020;A;19:00:00;40081
6/02/2020;B;19:00:00;5580
7/02/2020;A;19:00:00;38682
7/02/2020;B;19:00:00;5413
8/02/2020;A;19:00:00;26958
8/02/2020;B;19:00:00;3787
9/02/2020;A;19:00:00;19600
9/02/2020;B;19:00:00;2855
10/02/2020;A;19:00:00;37671
10/02/2020;B;19:00:00;4889
11/02/2020;A;19:00:00;38438
11/02/2020;B;19:00:00;5144
12/02/2020;A;19:00:00;36742
12/02/2020;B;19:00:00;4996
13/02/2020;A;19:00:00;37769
13/02/2020;B;19:00:00;5019
14/02/2020;A;19:00:00;38369
14/02/2020;B;19:00:00;5141
15/02/2020;A;19:00:00;28663
15/02/2020;B;19:00:00;3989
16/02/2020;A;19:00:00;20599
16/02/2020;B;19:00:00;2992
17/02/2020;A;19:00:00;75440
17/02/2020;B;19:00:00;9224
18/02/2020;A;19:00:00;76266
18/02/2020;B;19:00:00;10140
19/02/2020;A;19:00:00;37769
19/02/2020;B;19:00:00;5079
20/02/2020;A;19:00:00;35559
20/02/2020;B;19:00:00;4986
21/02/2020;A;19:00:00;36843
21/02/2020;B;19:00:00;4966
22/02/2020;A;19:00:00;25528
22/02/2020;B;19:00:00;6375
23/02/2020;A;19:00:00;19937
23/02/2020;B;19:00:00;2738
24/02/2020;A;19:00:00;35984
24/02/2020;B;19:00:00;4649
25/02/2020;A;19:00:00;36547
25/02/2020;B;19:00:00;4885
26/02/2020;A;19:00:00;38229
26/02/2020;B;19:00:00;4791
27/02/2020;A;19:00:00;38075
27/02/2020;B;19:00:00;5250
28/02/2020;A;19:00:00;42617
28/02/2020;B;19:00:00;5733
29/02/2020;A;19:00:00;29424
29/02/2020;B;19:00:00;5207
1/03/2020;A;19:00:00;21319
1/03/2020;B;19:00:00;2832
2/03/2020;A;19:00:00;40278
2/03/2020;B;19:00:00;5097
3/03/2020;A;19:00:00;40287
3/03/2020;B;19:00:00;5329
4/03/2020;A;19:00:00;41389
4/03/2020;B;19:00:00;5581
5/03/2020;A;19:00:00;42662
5/03/2020;B;19:00:00;5949
6/03/2020;A;19:00:00;40187
6/03/2020;B;19:00:00;5425
7/03/2020;A;19:00:00;27835
7/03/2020;B;19:00:00;3877
8/03/2020;A;19:00:00;20730
8/03/2020;B;19:00:00;2881
9/03/2020;A;19:00:00;36685
9/03/2020;B;19:00:00;4414
10/03/2020;A;19:00:00;34837
10/03/2020;B;19:00:00;4202
11/03/2020;A;19:00:00;38017
11/03/2020;B;19:00:00;4856
12/03/2020;A;19:00:00;37923
12/03/2020;B;19:00:00;4913
13/03/2020;A;19:00:00;39367
13/03/2020;B;19:00:00;5165
14/03/2020;A;19:00:00;24228
14/03/2020;B;19:00:00;3263
15/03/2020;A;19:00:00;16513
15/03/2020;B;19:00:00;2235
16/03/2020;A;19:00:00;25732
16/03/2020;B;19:00:00;3042
17/03/2020;A;19:00:00;22620
17/03/2020;B;19:00:00;2753
18/03/2020;A;19:00:00;20370
18/03/2020;B;19:00:00;2413
19/03/2020;A;19:00:00;18182
19/03/2020;B;19:00:00;2250
20/03/2020;A;19:00:00;6712
20/03/2020;B;19:00:00;731
21/03/2020;A;19:00:00;3325
21/03/2020;B;19:00:00;364
22/03/2020;A;19:00:00;2659
22/03/2020;B;19:00:00;344
23/03/2020;A;19:00:00;3141
23/03/2020;B;19:00:00;391
24/03/2020;A;19:00:00;5704
24/03/2020;B;19:00:00;579
25/03/2020;A;19:00:00;4354
25/03/2020;B;19:00:00;444
26/03/2020;A;19:00:00;3996
26/03/2020;B;19:00:00;451
27/03/2020;A;19:00:00;3985
27/03/2020;B;19:00:00;472
28/03/2020;A;19:00:00;3083
28/03/2020;B;19:00:00;387
29/03/2020;A;19:00:00;2321
29/03/2020;B;19:00:00;259
30/03/2020;A;19:00:00;4052
30/03/2020;B;19:00:00;439
31/03/2020;A;19:00:00;4141
31/03/2020;B;19:00:00;467
1/04/2020;A;19:00:00;4129
1/04/2020;B;19:00:00;538
2/04/2020;A;19:00:00;3745
2/04/2020;B;19:00:00;486
3/04/2020;A;19:00:00;3886
3/04/2020;B;19:00:00;517
4/04/2020;A;19:00:00;3069
4/04/2020;B;19:00:00;433
5/04/2020;A;19:00:00;2254
5/04/2020;B;19:00:00;247
6/04/2020;A;19:00:00;3962
6/04/2020;B;19:00:00;537
7/04/2020;A;19:00:00;4085
7/04/2020;B;19:00:00;541
8/04/2020;A;19:00:00;3947
8/04/2020;B;19:00:00;522
9/04/2020;A;19:00:00;2005
9/04/2020;B;19:00:00;223
10/04/2020;A;19:00:00;1622
10/04/2020;B;19:00:00;172
11/04/2020;A;19:00:00;2874
11/04/2020;B;19:00:00;324
12/04/2020;A;19:00:00;2136
12/04/2020;B;19:00:00;241
13/04/2020;A;19:00:00;3986
13/04/2020;B;19:00:00;554
14/04/2020;A;19:00:00;3883
14/04/2020;B;19:00:00;494
15/04/2020;A;19:00:00;4228
15/04/2020;B;19:00:00;501
16/04/2020;A;19:00:00;4211
16/04/2020;B;19:00:00;579
17/04/2020;A;19:00:00;4077
17/04/2020;B;19:00:00;551
18/04/2020;A;19:00:00;3265
18/04/2020;B;19:00:00;520
19/04/2020;A;19:00:00;2372
19/04/2020;B;19:00:00;335
20/04/2020;A;19:00:00;4199
20/04/2020;B;19:00:00;576
21/04/2020;A;19:00:00;4290
21/04/2020;B;19:00:00;575
22/04/2020;A;19:00:00;4366
22/04/2020;B;19:00:00;559
23/04/2020;A;19:00:00;4325
23/04/2020;B;19:00:00;560
24/04/2020;A;19:00:00;4549
24/04/2020;B;19:00:00;581
25/04/2020;A;19:00:00;3474
25/04/2020;B;19:00:00;495
26/04/2020;A;19:00:00;2460
26/04/2020;B;19:00:00;337
27/04/2020;A;19:00:00;4130
27/04/2020;B;19:00:00;538
28/04/2020;A;19:00:00;4269
28/04/2020;B;19:00:00;503
29/04/2020;A;19:00:00;4373
29/04/2020;B;19:00:00;627
30/04/2020;A;19:00:00;4740
30/04/2020;B;19:00:00;572
1/05/2020;A;19:00:00;2759
1/05/2020;B;19:00:00;409
2/05/2020;A;19:00:00;3563
2/05/2020;B;19:00:00;498
3/05/2020;A;19:00:00;2645
3/05/2020;B;19:00:00;404
4/05/2020;A;19:00:00;4880
4/05/2020;B;19:00:00;735
5/05/2020;A;19:00:00;4873
5/05/2020;B;19:00:00;671
6/05/2020;A;19:00:00;5226
6/05/2020;B;19:00:00;712
7/05/2020;A;19:00:00;5230
7/05/2020;B;19:00:00;709
8/05/2020;A;19:00:00;5620
8/05/2020;B;19:00:00;758
9/05/2020;A;19:00:00;1679
9/05/2020;B;19:00:00;188
10/05/2020;A;19:00:00;1360
10/05/2020;B;19:00:00;172
11/05/2020;A;19:00:00;5362
11/05/2020;B;19:00:00;725
12/05/2020;A;19:00:00;5460
12/05/2020;B;19:00:00;744
13/05/2020;A;19:00:00;5801
13/05/2020;B;19:00:00;788
14/05/2020;A;19:00:00;5412
14/05/2020;B;19:00:00;725
15/05/2020;A;19:00:00;5908
15/05/2020;B;19:00:00;791
16/05/2020;A;19:00:00;4155
16/05/2020;B;19:00:00;524
17/05/2020;A;19:00:00;2980
17/05/2020;B;19:00:00;380
18/05/2020;A;19:00:00;6002
18/05/2020;B;19:00:00;808
19/05/2020;A;19:00:00;5971
19/05/2020;B;19:00:00;758
20/05/2020;A;19:00:00;6265
20/05/2020;B;19:00:00;859
21/05/2020;A;19:00:00;6321
21/05/2020;B;19:00:00;894
22/05/2020;A;19:00:00;6564
22/05/2020;B;19:00:00;821
23/05/2020;A;19:00:00;4462
23/05/2020;B;19:00:00;638
24/05/2020;A;19:00:00;2747
24/05/2020;B;19:00:00;415
25/05/2020;A;19:00:00;3095
25/05/2020;B;19:00:00;426
26/05/2020;A;19:00:00;6706
26/05/2020;B;19:00:00;835
27/05/2020;A;19:00:00;6956
27/05/2020;B;19:00:00;821
28/05/2020;A;19:00:00;7111
28/05/2020;B;19:00:00;911
29/05/2020;A;19:00:00;7366
29/05/2020;B;19:00:00;989
30/05/2020;A;19:00:00;5197
30/05/2020;B;19:00:00;712
31/05/2020;A;19:00:00;3357
31/05/2020;B;19:00:00;464
1/06/2020;A;19:00:00;9299
1/06/2020;B;19:00:00;1071
2/06/2020;A;19:00:00;10049
2/06/2020;B;19:00:00;1128
3/06/2020;A;19:00:00;11911
3/06/2020;B;19:00:00;1190
4/06/2020;A;19:00:00;11238
4/06/2020;B;19:00:00;1159
5/06/2020;A;19:00:00;11263
5/06/2020;B;19:00:00;1235
6/06/2020;A;19:00:00;7599
6/06/2020;B;19:00:00;925
7/06/2020;A;19:00:00;4713
7/06/2020;B;19:00:00;629
8/06/2020;A;19:00:00;11593
8/06/2020;B;19:00:00;1256
9/06/2020;A;19:00:00;10679
9/06/2020;B;19:00:00;1168
10/06/2020;A;19:00:00;10803
10/06/2020;B;19:00:00;1288
11/06/2020;A;19:00:00;12151
11/06/2020;B;19:00:00;1273
12/06/2020;A;19:00:00;12484
12/06/2020;B;19:00:00;1476
14/06/2020;A;19:00:00;5144
14/06/2020;B;19:00:00;679
15/06/2020;A;19:00:00;5274
15/06/2020;B;19:00:00;676
16/06/2020;A;19:00:00;12372
16/06/2020;B;19:00:00;1382
17/06/2020;A;19:00:00;12489
17/06/2020;B;19:00:00;1450
18/06/2020;A;19:00:00;12296
18/06/2020;B;19:00:00;1414
19/06/2020;A;19:00:00;12921
19/06/2020;B;19:00:00;1532
20/06/2020;A;19:00:00;9474
20/06/2020;B;19:00:00;1126
21/06/2020;A;19:00:00;4748
21/06/2020;B;19:00:00;605
22/06/2020;A;19:00:00;5123
22/06/2020;B;19:00:00;635
23/06/2020;A;19:00:00;13097
23/06/2020;B;19:00:00;1421
24/06/2020;A;19:00:00;12499
24/06/2020;B;19:00:00;1424
25/06/2020;A;19:00:00;12446
25/06/2020;B;19:00:00;1431
26/06/2020;A;19:00:00;12928
26/06/2020;B;19:00:00;1564
27/06/2020;A;19:00:00;9326
27/06/2020;B;19:00:00;1180
28/06/2020;A;19:00:00;5013
28/06/2020;B;19:00:00;654
29/06/2020;A;19:00:00;5417
29/06/2020;B;19:00:00;723
30/06/2020;A;19:00:00;12657
30/06/2020;B;19:00:00;1516
1/07/2020;A;19:00:00;12703
1/07/2020;B;19:00:00;1531
2/07/2020;A;19:00:00;13370
2/07/2020;B;19:00:00;1632
3/07/2020;A;19:00:00;12279
3/07/2020;B;19:00:00;1567
4/07/2020;A;19:00:00;9587
4/07/2020;B;19:00:00;1117
5/07/2020;A;19:00:00;5813
5/07/2020;B;19:00:00;770
6/07/2020;A;19:00:00;11985
6/07/2020;B;19:00:00;1471
7/07/2020;A;19:00:00;11720
7/07/2020;B;19:00:00;1373
8/07/2020;A;19:00:00;12018
8/07/2020;B;19:00:00;1445
9/07/2020;A;19:00:00;12495
9/07/2020;B;19:00:00;1526
10/07/2020;A;19:00:00;12519
10/07/2020;B;19:00:00;1625
11/07/2020;A;19:00:00;9464
11/07/2020;B;19:00:00;1112
12/07/2020;A;19:00:00;5472
12/07/2020;B;19:00:00;773
13/07/2020;A;19:00:00;10212
13/07/2020;B;19:00:00;1312
14/07/2020;A;19:00:00;11433
14/07/2020;B;19:00:00;1512
15/07/2020;A;19:00:00;11933
15/07/2020;B;19:00:00;1490
16/07/2020;A;19:00:00;12956
16/07/2020;B;19:00:00;1515
17/07/2020;A;19:00:00;4642
17/07/2020;B;19:00:00;454
18/07/2020;A;19:00:00;3192
18/07/2020;B;19:00:00;355
19/07/2020;A;19:00:00;2093
19/07/2020;B;19:00:00;230
20/07/2020;A;19:00:00;2482
20/07/2020;B;19:00:00;293
21/07/2020;A;19:00:00;13888
21/07/2020;B;19:00:00;1822
22/07/2020;A;19:00:00;14029
22/07/2020;B;19:00:00;1759
23/07/2020;A;19:00:00;14600
23/07/2020;B;19:00:00;1795
24/07/2020;A;19:00:00;4962
24/07/2020;B;19:00:00;575
25/07/2020;A;19:00:00;3409
25/07/2020;B;19:00:00;420
26/07/2020;A;19:00:00;2445
26/07/2020;B;19:00:00;310
27/07/2020;A;19:00:00;14433
27/07/2020;B;19:00:00;1746
28/07/2020;A;19:00:00;14489
28/07/2020;B;19:00:00;1732
29/07/2020;A;19:00:00;14679
29/07/2020;B;19:00:00;1809
30/07/2020;A;19:00:00;14628
30/07/2020;B;19:00:00;1697
31/07/2020;A;19:00:00;5366
31/07/2020;B;19:00:00;621
1/08/2020;A;19:00:00;3636
1/08/2020;B;19:00:00;446
2/08/2020;A;19:00:00;2505
2/08/2020;B;19:00:00;337
3/08/2020;A;19:00:00;13742
3/08/2020;B;19:00:00;1651
4/08/2020;A;19:00:00;14137
4/08/2020;B;19:00:00;1608
5/08/2020;A;19:00:00;14357
5/08/2020;B;19:00:00;1691
6/08/2020;A;19:00:00;15400
6/08/2020;B;19:00:00;1832
7/08/2020;A;19:00:00;3056
7/08/2020;B;19:00:00;388
9/08/2020;A;19:00:00;2610
9/08/2020;B;19:00:00;332
10/08/2020;A;19:00:00;13625
10/08/2020;B;19:00:00;1510
11/08/2020;A;19:00:00;12477
11/08/2020;B;19:00:00;1526
12/08/2020;A;19:00:00;13382
12/08/2020;B;19:00:00;1578
13/08/2020;A;19:00:00;12688
13/08/2020;B;19:00:00;1051
14/08/2020;A;19:00:00;13267
14/08/2020;B;19:00:00;1466
15/08/2020;A;19:00:00;4138
15/08/2020;B;19:00:00;511
16/08/2020;A;19:00:00;2541
16/08/2020;B;19:00:00;311
17/08/2020;A;19:00:00;3068
17/08/2020;B;19:00:00;362
18/08/2020;A;19:00:00;13406
18/08/2020;B;19:00:00;1532
19/08/2020;A;19:00:00;12054
19/08/2020;B;19:00:00;1441
20/08/2020;A;19:00:00;25768
20/08/2020;B;19:00:00;3054
21/08/2020;A;19:00:00;13163
21/08/2020;B;19:00:00;1568
22/08/2020;A;19:00:00;8946
22/08/2020;B;19:00:00;1028
23/08/2020;A;19:00:00;4837
23/08/2020;B;19:00:00;589
24/08/2020;A;19:00:00;11147
24/08/2020;B;19:00:00;1350
25/08/2020;A;19:00:00;12030
25/08/2020;B;19:00:00;1442
26/08/2020;A;19:00:00;12594
26/08/2020;B;19:00:00;1431
27/08/2020;A;19:00:00;12956
27/08/2020;B;19:00:00;1533
28/08/2020;A;19:00:00;13732
28/08/2020;B;19:00:00;1658
29/08/2020;A;19:00:00;9329
29/08/2020;B;19:00:00;1060
30/08/2020;A;19:00:00;5619
30/08/2020;B;19:00:00;609
31/08/2020;A;19:00:00;13289
31/08/2020;B;19:00:00;1561
1/09/2020;A;19:00:00;13954
1/09/2020;B;19:00:00;1678
2/09/2020;A;19:00:00;14717
2/09/2020;B;19:00:00;1772
3/09/2020;A;19:00:00;14460
3/09/2020;B;19:00:00;1757
4/09/2020;A;19:00:00;15801
4/09/2020;B;19:00:00;2000
5/09/2020;A;19:00:00;12635
5/09/2020;B;19:00:00;1491
6/09/2020;A;19:00:00;8420
6/09/2020;B;19:00:00;1003
7/09/2020;A;19:00:00;13600
7/09/2020;B;19:00:00;1474
8/09/2020;A;19:00:00;16678
8/09/2020;B;19:00:00;1833
9/09/2020;A;19:00:00;14451
9/09/2020;B;19:00:00;1820
10/09/2020;A;19:00:00;16244
10/09/2020;B;19:00:00;2074
11/09/2020;A;19:00:00;13776
11/09/2020;B;19:00:00;2041
12/09/2020;A;19:00:00;12492
12/09/2020;B;19:00:00;1627
13/09/2020;A;19:00:00;8868
13/09/2020;B;19:00:00;1079
14/09/2020;A;19:00:00;14837
14/09/2020;B;19:00:00;1932
15/09/2020;A;19:00:00;16368
15/09/2020;B;19:00:00;2086
16/09/2020;A;19:00:00;15930
16/09/2020;B;19:00:00;2000
17/09/2020;A;19:00:00;16308
17/09/2020;B;19:00:00;1976
18/09/2020;A;19:00:00;18310
18/09/2020;B;19:00:00;2293
19/09/2020;A;19:00:00;14455
19/09/2020;B;19:00:00;1669
20/09/2020;A;19:00:00;9648
20/09/2020;B;19:00:00;1111
21/09/2020;A;19:00:00;15761
21/09/2020;B;19:00:00;1844
22/09/2020;A;19:00:00;15799
22/09/2020;B;19:00:00;2106
23/09/2020;A;19:00:00;15706
23/09/2020;B;19:00:00;1911
24/09/2020;A;19:00:00;16286
24/09/2020;B;19:00:00;2046
25/09/2020;A;19:00:00;17709
25/09/2020;B;19:00:00;2345
26/09/2020;A;19:00:00;14236
26/09/2020;B;19:00:00;1663
27/09/2020;A;19:00:00;10062
27/09/2020;B;19:00:00;1241
28/09/2020;A;19:00:00;15817
28/09/2020;B;19:00:00;1933
29/09/2020;A;19:00:00;15699
29/09/2020;B;19:00:00;1996
30/09/2020;A;19:00:00;17970
30/09/2020;B;19:00:00;2155
1/10/2020;A;19:00:00;18271
1/10/2020;B;19:00:00;2199
2/10/2020;A;19:00:00;18583
2/10/2020;B;19:00:00;2333
3/10/2020;A;19:00:00;14690
3/10/2020;B;19:00:00;1807
4/10/2020;A;19:00:00;9958
4/10/2020;B;19:00:00;1189
5/10/2020;A;19:00:00;17349
5/10/2020;B;19:00:00;2140
6/10/2020;A;19:00:00;17439
6/10/2020;B;19:00:00;2115
7/10/2020;A;19:00:00;16979
7/10/2020;B;19:00:00;2214
8/10/2020;A;19:00:00;17678
8/10/2020;B;19:00:00;2113
9/10/2020;A;19:00:00;17974
9/10/2020;B;19:00:00;2174
10/10/2020;A;19:00:00;15333
10/10/2020;B;19:00:00;1895
11/10/2020;A;19:00:00;9458
11/10/2020;B;19:00:00;1245
12/10/2020;A;19:00:00;5869
12/10/2020;B;19:00:00;1077
13/10/2020;A;19:00:00;16411
13/10/2020;B;19:00:00;2153
14/10/2020;A;19:00:00;17400
14/10/2020;B;19:00:00;2260
15/10/2020;A;19:00:00;18561
15/10/2020;B;19:00:00;2297
16/10/2020;A;19:00:00;19458
16/10/2020;B;19:00:00;2546
17/10/2020;A;19:00:00;15326
17/10/2020;B;19:00:00;1886
18/10/2020;A;19:00:00;9833
18/10/2020;B;19:00:00;1299
19/10/2020;A;19:00:00;17034
19/10/2020;B;19:00:00;2146
20/10/2020;A;19:00:00;18286
20/10/2020;B;19:00:00;2409
21/10/2020;A;19:00:00;17001
21/10/2020;B;19:00:00;2261
22/10/2020;A;19:00:00;17984
22/10/2020;B;19:00:00;2290
23/10/2020;A;19:00:00;19191
23/10/2020;B;19:00:00;2388
24/10/2020;A;19:00:00;14941
24/10/2020;B;19:00:00;1866
25/10/2020;A;19:00:00;9963
25/10/2020;B;19:00:00;1269
26/10/2020;A;19:00:00;17833
26/10/2020;B;19:00:00;2233
27/10/2020;A;19:00:00;18128
27/10/2020;B;19:00:00;2179
28/10/2020;A;19:00:00;18490
28/10/2020;B;19:00:00;2318
29/10/2020;A;19:00:00;19095
29/10/2020;B;19:00:00;2363
30/10/2020;A;19:00:00;19939
30/10/2020;B;19:00:00;2311
31/10/2020;A;19:00:00;13179
31/10/2020;B;19:00:00;1520
1/11/2020;A;19:00:00;7885
1/11/2020;B;19:00:00;1061
2/11/2020;A;19:00:00;8916
2/11/2020;B;19:00:00;1126
3/11/2020;A;19:00:00;17497
3/11/2020;B;19:00:00;2435
4/11/2020;A;19:00:00;18958
4/11/2020;B;19:00:00;2430
5/11/2020;A;19:00:00;18949
5/11/2020;B;19:00:00;2431
6/11/2020;A;19:00:00;21277
6/11/2020;B;19:00:00;2565
7/11/2020;A;19:00:00;15957
7/11/2020;B;19:00:00;1952
8/11/2020;A;19:00:00;10571
8/11/2020;B;19:00:00;1396
9/11/2020;A;19:00:00;17574
9/11/2020;B;19:00:00;1865
10/11/2020;A;19:00:00;19160
10/11/2020;B;19:00:00;2609
11/11/2020;A;19:00:00;19580
11/11/2020;B;19:00:00;2409
13/11/2020;A;19:00:00;20112
13/11/2020;B;19:00:00;2574
14/11/2020;A;19:00:00;17304
14/11/2020;B;19:00:00;1927
15/11/2020;A;19:00:00;10070
15/11/2020;B;19:00:00;1237
16/11/2020;A;19:00:00;10395
16/11/2020;B;19:00:00;1342
17/11/2020;A;19:00:00;19279
17/11/2020;B;19:00:00;2338
18/11/2020;A;19:00:00;20812
18/11/2020;B;19:00:00;2608
19/11/2020;A;19:00:00;20439
19/11/2020;B;19:00:00;2597
20/11/2020;A;19:00:00;22319
20/11/2020;B;19:00:00;2694
21/11/2020;A;19:00:00;18474
21/11/2020;B;19:00:00;2161
22/11/2020;A;19:00:00;12027
22/11/2020;B;19:00:00;1469
23/11/2020;A;19:00:00;20897
23/11/2020;B;19:00:00;2534
24/11/2020;A;19:00:00;20934
24/11/2020;B;19:00:00;2564
25/11/2020;A;19:00:00;21351
25/11/2020;B;19:00:00;2653
26/11/2020;A;19:00:00;21977
26/11/2020;B;19:00:00;2616
27/11/2020;A;19:00:00;25934
27/11/2020;B;19:00:00;2874
28/11/2020;A;19:00:00;20239
28/11/2020;B;19:00:00;2238
29/11/2020;A;19:00:00;12771
29/11/2020;B;19:00:00;1689
30/11/2020;A;19:00:00;24593
30/11/2020;B;19:00:00;2765
1/12/2020;A;19:00:00;24369
1/12/2020;B;19:00:00;2881
2/12/2020;A;19:00:00;24678
2/12/2020;B;19:00:00;3007
3/12/2020;A;19:00:00;26087
3/12/2020;B;19:00:00;3027
4/12/2020;A;19:00:00;27365
4/12/2020;B;19:00:00;3185
5/12/2020;A;19:00:00;23590
5/12/2020;B;19:00:00;2735
6/12/2020;A;19:00:00;15047
6/12/2020;B;19:00:00;1894
7/12/2020;A;19:00:00;26546
7/12/2020;B;19:00:00;3127
8/12/2020;A;19:00:00;13455
8/12/2020;B;19:00:00;1721
9/12/2020;A;19:00:00;25503
9/12/2020;B;19:00:00;3110
10/12/2020;A;19:00:00;26713
10/12/2020;B;19:00:00;3150
11/12/2020;A;19:00:00;27984
11/12/2020;B;19:00:00;3429
12/12/2020;A;19:00:00;23751
12/12/2020;B;19:00:00;2791
13/12/2020;A;19:00:00;15455
13/12/2020;B;19:00:00;1944
14/12/2020;A;19:00:00;25353
14/12/2020;B;19:00:00;2886
15/12/2020;A;19:00:00;27442
15/12/2020;B;19:00:00;3279
16/12/2020;A;19:00:00;28636
16/12/2020;B;19:00:00;3311
17/12/2020;A;19:00:00;28812
17/12/2020;B;19:00:00;3161
18/12/2020;A;19:00:00;29547
18/12/2020;B;19:00:00;3425
19/12/2020;A;19:00:00;25228
19/12/2020;B;19:00:00;2894
20/12/2020;A;19:00:00;17252
20/12/2020;B;19:00:00;1941
21/12/2020;A;19:00:00;30756
21/12/2020;B;19:00:00;3349
22/12/2020;A;19:00:00;25551
22/12/2020;B;19:00:00;2925
23/12/2020;A;19:00:00;26638
23/12/2020;B;19:00:00;2858
24/12/2020;A;19:00:00;15851
24/12/2020;B;19:00:00;2444
25/12/2020;A;19:00:00;5570
25/12/2020;B;19:00:00;666
26/12/2020;A;19:00:00;15319
26/12/2020;B;19:00:00;1745
27/12/2020;A;19:00:00;21938
27/12/2020;B;19:00:00;2634
28/12/2020;A;19:00:00;22085
28/12/2020;B;19:00:00;2523
29/12/2020;A;19:00:00;23550
29/12/2020;B;19:00:00;2644
30/12/2020;A;19:00:00;23387
30/12/2020;B;19:00:00;2681
31/12/2020;A;19:00:00;14083
31/12/2020;B;19:00:00;1993
1/01/2021;A;19:00:00;2273
1/01/2021;B;19:00:00;215
2/01/2021;A;19:00:00;3755
2/01/2021;B;19:00:00;456
3/01/2021;A;19:00:00;10577
3/01/2021;B;19:00:00;1247
4/01/2021;A;19:00:00;18052
4/01/2021;B;19:00:00;2167
5/01/2021;A;19:00:00;18676
5/01/2021;B;19:00:00;2180
6/01/2021;A;19:00:00;20311
6/01/2021;B;19:00:00;2567
7/01/2021;A;19:00:00;18904
7/01/2021;B;19:00:00;2321
8/01/2021;A;19:00:00;12027
8/01/2021;B;19:00:00;1713
9/01/2021;A;19:00:00;3817
9/01/2021;B;19:00:00;435
10/01/2021;A;19:00:00;2812
10/01/2021;B;19:00:00;305
11/01/2021;A;19:00:00;3704
11/01/2021;B;19:00:00;430
12/01/2021;A;19:00:00;21021
12/01/2021;B;19:00:00;2578
13/01/2021;A;19:00:00;21380
13/01/2021;B;19:00:00;2575
14/01/2021;A;19:00:00;20786
14/01/2021;B;19:00:00;2571
15/01/2021;A;19:00:00;28292
15/01/2021;B;19:00:00;3776
16/01/2021;A;19:00:00;5549
16/01/2021;B;19:00:00;653
17/01/2021;A;19:00:00;4081
17/01/2021;B;19:00:00;499
18/01/2021;A;19:00:00;21509
18/01/2021;B;19:00:00;2710
19/01/2021;A;19:00:00;21487
19/01/2021;B;19:00:00;2754
20/01/2021;A;19:00:00;21387
20/01/2021;B;19:00:00;2633
21/01/2021;A;19:00:00;21644
21/01/2021;B;19:00:00;2725
22/01/2021;A;19:00:00;21448
22/01/2021;B;19:00:00;2651
23/01/2021;A;19:00:00;15489
23/01/2021;B;19:00:00;1901
24/01/2021;A;19:00:00;11118
24/01/2021;B;19:00:00;1508
25/01/2021;A;19:00:00;19832
25/01/2021;B;19:00:00;2489
26/01/2021;A;19:00:00;20814
26/01/2021;B;19:00:00;2622
27/01/2021;A;19:00:00;20529
27/01/2021;B;19:00:00;2586
28/01/2021;A;19:00:00;21066
28/01/2021;B;19:00:00;2721
29/01/2021;A;19:00:00;23114
29/01/2021;B;19:00:00;2865
30/01/2021;A;19:00:00;18488
30/01/2021;B;19:00:00;2321
31/01/2021;A;19:00:00;12641
31/01/2021;B;19:00:00;1636
1/02/2021;A;19:00:00;20520
1/02/2021;B;19:00:00;2658
2/02/2021;A;19:00:00;21548
2/02/2021;B;19:00:00;2911
3/02/2021;A;19:00:00;21418
3/02/2021;B;19:00:00;2744
4/02/2021;A;19:00:00;21857
4/02/2021;B;19:00:00;2821
5/02/2021;A;19:00:00;23517
5/02/2021;B;19:00:00;3145
6/02/2021;A;19:00:00;18152
6/02/2021;B;19:00:00;2328
7/02/2021;A;19:00:00;12385
7/02/2021;B;19:00:00;1768
8/02/2021;A;19:00:00;19567
8/02/2021;B;19:00:00;2512
9/02/2021;A;19:00:00;20369
9/02/2021;B;19:00:00;2754
10/02/2021;A;19:00:00;21123
10/02/2021;B;19:00:00;2852
11/02/2021;A;19:00:00;21182
11/02/2021;B;19:00:00;2804
12/02/2021;A;19:00:00;22461
12/02/2021;B;19:00:00;2954
13/02/2021;A;19:00:00;16653
13/02/2021;B;19:00:00;2222
14/02/2021;A;19:00:00;11819
14/02/2021;B;19:00:00;1718
15/02/2021;A;19:00:00;22383
15/02/2021;B;19:00:00;2806
16/02/2021;A;19:00:00;21329
16/02/2021;B;19:00:00;2718
17/02/2021;A;19:00:00;20820
17/02/2021;B;19:00:00;2681
18/02/2021;A;19:00:00;21774
18/02/2021;B;19:00:00;2895
19/02/2021;A;19:00:00;23868
19/02/2021;B;19:00:00;3252
20/02/2021;A;19:00:00;17920
20/02/2021;B;19:00:00;2392
21/02/2021;A;19:00:00;12800
21/02/2021;B;19:00:00;1599
22/02/2021;A;19:00:00;20978
22/02/2021;B;19:00:00;2636
23/02/2021;A;19:00:00;21944
23/02/2021;B;19:00:00;2852
24/02/2021;A;19:00:00;22343
24/02/2021;B;19:00:00;2884
25/02/2021;A;19:00:00;22040
25/02/2021;B;19:00:00;2870
26/02/2021;A;19:00:00;24367
26/02/2021;B;19:00:00;3023
27/02/2021;A;19:00:00;19905
27/02/2021;B;19:00:00;2717
28/02/2021;A;19:00:00;13159
28/02/2021;B;19:00:00;1860
1/03/2021;A;19:00:00;21585
1/03/2021;B;19:00:00;2730
2/03/2021;A;19:00:00;21838
2/03/2021;B;19:00:00;2775
3/03/2021;A;19:00:00;22357
3/03/2021;B;19:00:00;2849
4/03/2021;A;19:00:00;22711
4/03/2021;B;19:00:00;2968
5/03/2021;A;19:00:00;23857
5/03/2021;B;19:00:00;3240
6/03/2021;A;19:00:00;20036
6/03/2021;B;19:00:00;2625
7/03/2021;A;19:00:00;13807
7/03/2021;B;19:00:00;1862
8/03/2021;A;19:00:00;23151
8/03/2021;B;19:00:00;2930
9/03/2021;A;19:00:00;21853
9/03/2021;B;19:00:00;2925
10/03/2021;A;19:00:00;22315
10/03/2021;B;19:00:00;2850
11/03/2021;A;19:00:00;21992
11/03/2021;B;19:00:00;3111
12/03/2021;A;19:00:00;24199
12/03/2021;B;19:00:00;2997
13/03/2021;A;19:00:00;18498
13/03/2021;B;19:00:00;2345
14/03/2021;A;19:00:00;12652
14/03/2021;B;19:00:00;1797
15/03/2021;A;19:00:00;22555
15/03/2021;B;19:00:00;2843
16/03/2021;A;19:00:00;24036
16/03/2021;B;19:00:00;3063
17/03/2021;A;19:00:00;23671
17/03/2021;B;19:00:00;3086
18/03/2021;A;19:00:00;22685
18/03/2021;B;19:00:00;2970
19/03/2021;A;19:00:00;24240
19/03/2021;B;19:00:00;3101
20/03/2021;A;19:00:00;19328
20/03/2021;B;19:00:00;2466
21/03/2021;A;19:00:00;10508
21/03/2021;B;19:00:00;1696
22/03/2021;A;19:00:00;9055
22/03/2021;B;19:00:00;1380
23/03/2021;A;19:00:00;17795
23/03/2021;B;19:00:00;2689
24/03/2021;A;19:00:00;21302
24/03/2021;B;19:00:00;2772
25/03/2021;A;19:00:00;23705
25/03/2021;B;19:00:00;2842
26/03/2021;A;19:00:00;22915
26/03/2021;B;19:00:00;2925
27/03/2021;A;19:00:00;16044
27/03/2021;B;19:00:00;2332
28/03/2021;A;19:00:00;10094
28/03/2021;B;19:00:00;1635
29/03/2021;A;19:00:00;22456
29/03/2021;B;19:00:00;2727
30/03/2021;A;19:00:00;22595
30/03/2021;B;19:00:00;2672
31/03/2021;A;19:00:00;7077
31/03/2021;B;19:00:00;807
1/04/2021;A;19:00:00;3311
1/04/2021;B;19:00:00;363
2/04/2021;A;19:00:00;2862
2/04/2021;B;19:00:00;304
3/04/2021;A;19:00:00;4375
3/04/2021;B;19:00:00;573
4/04/2021;A;19:00:00;4394
4/04/2021;B;19:00:00;486
5/04/2021;A;19:00:00;9259
5/04/2021;B;19:00:00;1095
6/04/2021;A;19:00:00;9002
6/04/2021;B;19:00:00;1135
7/04/2021;A;19:00:00;8975
7/04/2021;B;19:00:00;1127
8/04/2021;A;19:00:00;18158
8/04/2021;B;19:00:00;2380
9/04/2021;A;19:00:00;6418
9/04/2021;B;19:00:00;780
10/04/2021;A;19:00:00;4292
10/04/2021;B;19:00:00;593
11/04/2021;A;19:00:00;3318
11/04/2021;B;19:00:00;523
12/04/2021;A;19:00:00;21827
12/04/2021;B;19:00:00;2783
13/04/2021;A;19:00:00;21098
13/04/2021;B;19:00:00;2623
14/04/2021;A;19:00:00;20973
14/04/2021;B;19:00:00;2823
15/04/2021;A;19:00:00;25751
15/04/2021;B;19:00:00;2982
16/04/2021;A;19:00:00;9880
16/04/2021;B;19:00:00;1122
17/04/2021;A;19:00:00;5148
17/04/2021;B;19:00:00;737
18/04/2021;A;19:00:00;3726
18/04/2021;B;19:00:00;564
19/04/2021;A;19:00:00;23350
19/04/2021;B;19:00:00;2979
20/04/2021;A;19:00:00;22176
20/04/2021;B;19:00:00;2730
21/04/2021;A;19:00:00;22104
21/04/2021;B;19:00:00;2849
22/04/2021;A;19:00:00;22859
22/04/2021;B;19:00:00;2892
23/04/2021;A;19:00:00;10116
23/04/2021;B;19:00:00;1299
24/04/2021;A;19:00:00;5538
24/04/2021;B;19:00:00;773
25/04/2021;A;19:00:00;3948
25/04/2021;B;19:00:00;572
26/04/2021;A;19:00:00;22229
26/04/2021;B;19:00:00;2775
27/04/2021;A;19:00:00;22367
27/04/2021;B;19:00:00;2740
28/04/2021;A;19:00:00;13581
28/04/2021;B;19:00:00;1728
29/04/2021;A;19:00:00;18209
29/04/2021;B;19:00:00;2475
30/04/2021;A;19:00:00;8354
30/04/2021;B;19:00:00;1108
1/05/2021;A;19:00:00;
1/05/2021;B;19:00:00;
2/05/2021;A;19:00:00;1549
2/05/2021;B;19:00:00;181
3/05/2021;A;19:00:00;16013
3/05/2021;B;19:00:00;2216
4/05/2021;A;19:00:00;17941
4/05/2021;B;19:00:00;2181
5/05/2021;A;19:00:00;3593
5/05/2021;B;19:00:00;545
6/05/2021;A;19:00:00;17127
6/05/2021;B;19:00:00;2158
7/05/2021;A;19:00:00;18427
7/05/2021;B;19:00:00;2411
8/05/2021;A;19:00:00;5277
8/05/2021;B;19:00:00;794
9/05/2021;A;19:00:00;3943
9/05/2021;B;19:00:00;660
10/05/2021;A;19:00:00;17697
10/05/2021;B;19:00:00;2359
11/05/2021;A;19:00:00;18312
11/05/2021;B;19:00:00;2421
12/05/2021;A;19:00:00;14612
12/05/2021;B;19:00:00;2092
13/05/2021;A;19:00:00;18421
13/05/2021;B;19:00:00;2582
14/05/2021;A;19:00:00;19890
14/05/2021;B;19:00:00;2592
15/05/2021;A;19:00:00;15059
15/05/2021;B;19:00:00;1674
16/05/2021;A;19:00:00;9222
16/05/2021;B;19:00:00;1205
17/05/2021;A;19:00:00;8984
17/05/2021;B;19:00:00;1194
18/05/2021;A;19:00:00;17035
18/05/2021;B;19:00:00;2244
19/05/2021;A;19:00:00;15093
19/05/2021;B;19:00:00;2093
20/05/2021;A;19:00:00;18256
20/05/2021;B;19:00:00;2542
21/05/2021;A;19:00:00;19009
21/05/2021;B;19:00:00;2587
22/05/2021;A;19:00:00;14974
22/05/2021;B;19:00:00;2030
23/05/2021;A;19:00:00;10030
23/05/2021;B;19:00:00;1360
24/05/2021;A;19:00:00;17835
24/05/2021;B;19:00:00;2442
25/05/2021;A;19:00:00;18577
25/05/2021;B;19:00:00;2469
26/05/2021;A;19:00:00;17392
26/05/2021;B;19:00:00;2528
27/05/2021;A;19:00:00;19119
27/05/2021;B;19:00:00;2592
28/05/2021;A;19:00:00;17283
28/05/2021;B;19:00:00;193
29/05/2021;A;19:00:00;15535
29/05/2021;B;19:00:00;1931
30/05/2021;A;19:00:00;10504
30/05/2021;B;19:00:00;1467
31/05/2021;A;19:00:00;20188
31/05/2021;B;19:00:00;2723
1/06/2021;A;19:00:00;19703
1/06/2021;B;19:00:00;2574
2/06/2021;A;19:00:00;21288
2/06/2021;B;19:00:00;2516
3/06/2021;A;19:00:00;19033
3/06/2021;B;19:00:00;2364
4/06/2021;A;19:00:00;23369
4/06/2021;B;19:00:00;2998
5/06/2021;A;19:00:00;17245
5/06/2021;B;19:00:00;2284
6/06/2021;A;19:00:00;10347
6/06/2021;B;19:00:00;1459
7/06/2021;A;19:00:00;10610
7/06/2021;B;19:00:00;1365
8/06/2021;A;19:00:00;18437
8/06/2021;B;19:00:00;2265
9/06/2021;A;19:00:00;21008
9/06/2021;B;19:00:00;2303
10/06/2021;A;19:00:00;20443
10/06/2021;B;19:00:00;2777
11/06/2021;A;19:00:00;26091
11/06/2021;B;19:00:00;3576
12/06/2021;A;19:00:00;16961
12/06/2021;B;19:00:00;2263
13/06/2021;A;19:00:00;9451
13/06/2021;B;19:00:00;1467
14/06/2021;A;19:00:00;10966
14/06/2021;B;19:00:00;1415
15/06/2021;A;19:00:00;23647
15/06/2021;B;19:00:00;2913
16/06/2021;A;19:00:00;25785
16/06/2021;B;19:00:00;3193
17/06/2021;A;19:00:00;19282
17/06/2021;B;19:00:00;2360
18/06/2021;A;19:00:00;24443
18/06/2021;B;19:00:00;3143
19/06/2021;A;19:00:00;19608
19/06/2021;B;19:00:00;2388
20/06/2021;A;19:00:00;10271
20/06/2021;B;19:00:00;1362
21/06/2021;A;19:00:00;20370
21/06/2021;B;19:00:00;2551
22/06/2021;A;19:00:00;21343
22/06/2021;B;19:00:00;2781
23/06/2021;A;19:00:00;19449
23/06/2021;B;19:00:00;2376
24/06/2021;A;19:00:00;22082
24/06/2021;B;19:00:00;2796
25/06/2021;A;19:00:00;22313
25/06/2021;B;19:00:00;2976
26/06/2021;A;19:00:00;18093
26/06/2021;B;19:00:00;2430
27/06/2021;A;19:00:00;12983
27/06/2021;B;19:00:00;1776
28/06/2021;A;19:00:00;21562
28/06/2021;B;19:00:00;2724
29/06/2021;A;19:00:00;21902
29/06/2021;B;19:00:00;2748
30/06/2021;A;19:00:00;23508
30/06/2021;B;19:00:00;2807
1/07/2021;A;19:00:00;22529
1/07/2021;B;19:00:00;2812
2/07/2021;A;19:00:00;26123
2/07/2021;B;19:00:00;3261
3/07/2021;A;19:00:00;19535
3/07/2021;B;19:00:00;2723
4/07/2021;A;19:00:00;15860
4/07/2021;B;19:00:00;1898
5/07/2021;A;19:00:00;12758
5/07/2021;B;19:00:00;1792
6/07/2021;A;19:00:00;24262
6/07/2021;B;19:00:00;2937
7/07/2021;A;19:00:00;23470
7/07/2021;B;19:00:00;2994
8/07/2021;A;19:00:00;23814
8/07/2021;B;19:00:00;3145
9/07/2021;A;19:00:00;23861
9/07/2021;B;19:00:00;3049
10/07/2021;A;19:00:00;18779
10/07/2021;B;19:00:00;2498
11/07/2021;A;19:00:00;13415
11/07/2021;B;19:00:00;2038
12/07/2021;A;19:00:00;21506
12/07/2021;B;19:00:00;2698
13/07/2021;A;19:00:00;21849
13/07/2021;B;19:00:00;2872
14/07/2021;A;19:00:00;24048
14/07/2021;B;19:00:00;3114
15/07/2021;A;19:00:00;23967
15/07/2021;B;19:00:00;2985
16/07/2021;A;19:00:00;26900
16/07/2021;B;19:00:00;3683
17/07/2021;A;19:00:00;21083
17/07/2021;B;19:00:00;3087
18/07/2021;A;19:00:00;13578
18/07/2021;B;19:00:00;2087
19/07/2021;A;19:00:00;23792
19/07/2021;B;19:00:00;3044
20/07/2021;A;19:00:00;10717
20/07/2021;B;19:00:00;1456
21/07/2021;A;19:00:00;23814
21/07/2021;B;19:00:00;3078
22/07/2021;A;19:00:00;23853
22/07/2021;B;19:00:00;3148
23/07/2021;A;19:00:00;25559
23/07/2021;B;19:00:00;3223
24/07/2021;A;19:00:00;18122
24/07/2021;B;19:00:00;2442
25/07/2021;A;19:00:00;12593
25/07/2021;B;19:00:00;1732
26/07/2021;A;19:00:00;22331
26/07/2021;B;19:00:00;3087
27/07/2021;A;19:00:00;24495
27/07/2021;B;19:00:00;2914
28/07/2021;A;19:00:00;25184
28/07/2021;B;19:00:00;3361
29/07/2021;A;19:00:00;22724
29/07/2021;B;19:00:00;3099
30/07/2021;A;19:00:00;28536
30/07/2021;B;19:00:00;3546
31/07/2021;A;19:00:00;21033
31/07/2021;B;19:00:00;2684
1/08/2021;A;19:00:00;13199
1/08/2021;B;19:00:00;2024
2/08/2021;A;19:00:00;23579
2/08/2021;B;19:00:00;2973
3/08/2021;A;19:00:00;23435
3/08/2021;B;19:00:00;2982
4/08/2021;A;19:00:00;25128
4/08/2021;B;19:00:00;3235
5/08/2021;A;19:00:00;24772
5/08/2021;B;19:00:00;3198
6/08/2021;A;19:00:00;29616
6/08/2021;B;19:00:00;3906
7/08/2021;A;19:00:00;15307
7/08/2021;B;19:00:00;2911
8/08/2021;A;19:00:00;13864
8/08/2021;B;19:00:00;2008
9/08/2021;A;19:00:00;23395
9/08/2021;B;19:00:00;3143
10/08/2021;A;19:00:00;24656
10/08/2021;B;19:00:00;3238
11/08/2021;A;19:00:00;24702
11/08/2021;B;19:00:00;3291
12/08/2021;A;19:00:00;26269
12/08/2021;B;19:00:00;3288
13/08/2021;A;19:00:00;28595
13/08/2021;B;19:00:00;4038
14/08/2021;A;19:00:00;23003
14/08/2021;B;19:00:00;3247
15/08/2021;A;19:00:00;14932
15/08/2021;B;19:00:00;2351
16/08/2021;A;19:00:00;14283
16/08/2021;B;19:00:00;1872
17/08/2021;A;19:00:00;26322
17/08/2021;B;19:00:00;3183
18/08/2021;A;19:00:00;26475
18/08/2021;B;19:00:00;3407
19/08/2021;A;19:00:00;25011
19/08/2021;B;19:00:00;3195
20/08/2021;A;19:00:00;31895
20/08/2021;B;19:00:00;4085
21/08/2021;A;19:00:00;20944
21/08/2021;B;19:00:00;2762
22/08/2021;A;19:00:00;15002
22/08/2021;B;19:00:00;2945
23/08/2021;A;19:00:00;23325
23/08/2021;B;19:00:00;3178
24/08/2021;A;19:00:00;24695
24/08/2021;B;19:00:00;2915
25/08/2021;A;19:00:00;25494
25/08/2021;B;19:00:00;3181
26/08/2021;A;19:00:00;26402
26/08/2021;B;19:00:00;3392
27/08/2021;A;19:00:00;28227
27/08/2021;B;19:00:00;3681
28/08/2021;A;19:00:00;21871
28/08/2021;B;19:00:00;2840
29/08/2021;A;19:00:00;14015
29/08/2021;B;19:00:00;2053
30/08/2021;A;19:00:00;24921
30/08/2021;B;19:00:00;3198
31/08/2021;A;19:00:00;29092
31/08/2021;B;19:00:00;3584
1/09/2021;A;19:00:00;26543
1/09/2021;B;19:00:00;3495
2/09/2021;A;19:00:00;26916
2/09/2021;B;19:00:00;3452
3/09/2021;A;19:00:00;30256
3/09/2021;B;19:00:00;4077
4/09/2021;A;19:00:00;21439
4/09/2021;B;19:00:00;3113
5/09/2021;A;19:00:00;15748
5/09/2021;B;19:00:00;2367
6/09/2021;A;19:00:00;24006
6/09/2021;B;19:00:00;3214
7/09/2021;A;19:00:00;25734
7/09/2021;B;19:00:00;3442
8/09/2021;A;19:00:00;26091
8/09/2021;B;19:00:00;3436
9/09/2021;A;19:00:00;25611
9/09/2021;B;19:00:00;3303
10/09/2021;A;19:00:00;29039
10/09/2021;B;19:00:00;3762
11/09/2021;A;19:00:00;21031
11/09/2021;B;19:00:00;2714
12/09/2021;A;19:00:00;14301
12/09/2021;B;19:00:00;2169
13/09/2021;A;19:00:00;24833
13/09/2021;B;19:00:00;3280
14/09/2021;A;19:00:00;25215
14/09/2021;B;19:00:00;3362
15/09/2021;A;19:00:00;27789
15/09/2021;B;19:00:00;5041
16/09/2021;A;19:00:00;28849
16/09/2021;B;19:00:00;3697
17/09/2021;A;19:00:00;31203
17/09/2021;B;19:00:00;4053
18/09/2021;A;19:00:00;23060
18/09/2021;B;19:00:00;3209
19/09/2021;A;19:00:00;14707
19/09/2021;B;19:00:00;2175
20/09/2021;A;19:00:00;24408
20/09/2021;B;19:00:00;2956
21/09/2021;A;19:00:00;24177
21/09/2021;B;19:00:00;3191
22/09/2021;A;19:00:00;26367
22/09/2021;B;19:00:00;3439
23/09/2021;A;19:00:00;26197
23/09/2021;B;19:00:00;3493
24/09/2021;A;19:00:00;29118
24/09/2021;B;19:00:00;3879
25/09/2021;A;19:00:00;21315
25/09/2021;B;19:00:00;2919
26/09/2021;A;19:00:00;15143
26/09/2021;B;19:00:00;2356
27/09/2021;A;19:00:00;25507
27/09/2021;B;19:00:00;3187
28/09/2021;A;19:00:00;24282
28/09/2021;B;19:00:00;3193
29/09/2021;A;19:00:00;26163
29/09/2021;B;19:00:00;3289
30/09/2021;A;19:00:00;29040
30/09/2021;B;19:00:00;3678
1/10/2021;A;19:00:00;30050
1/10/2021;B;19:00:00;3837
2/10/2021;A;19:00:00;23869
2/10/2021;B;19:00:00;2880
3/10/2021;A;19:00:00;15759
3/10/2021;B;19:00:00;2109
4/10/2021;A;19:00:00;24626
4/10/2021;B;19:00:00;3130
5/10/2021;A;19:00:00;26898
5/10/2021;B;19:00:00;3437
6/10/2021;A;19:00:00;27589
6/10/2021;B;19:00:00;3848
7/10/2021;A;19:00:00;24680
7/10/2021;B;19:00:00;3137
8/10/2021;A;19:00:00;29977
8/10/2021;B;19:00:00;3883
9/10/2021;A;19:00:00;21408
9/10/2021;B;19:00:00;2755
10/10/2021;A;19:00:00;13403
10/10/2021;B;19:00:00;1930
11/10/2021;A;19:00:00;25504
11/10/2021;B;19:00:00;3418
12/10/2021;A;19:00:00;25686
12/10/2021;B;19:00:00;3222
13/10/2021;A;19:00:00;26361
13/10/2021;B;19:00:00;3446
14/10/2021;A;19:00:00;23921
14/10/2021;B;19:00:00;3203
15/10/2021;A;19:00:00;30409
15/10/2021;B;19:00:00;3878
16/10/2021;A;19:00:00;22523
16/10/2021;B;19:00:00;2818
17/10/2021;A;19:00:00;14053
17/10/2021;B;19:00:00;2030
18/10/2021;A;19:00:00;14924
18/10/2021;B;19:00:00;2081
19/10/2021;A;19:00:00;27971
19/10/2021;B;19:00:00;3567
20/10/2021;A;19:00:00;28570
20/10/2021;B;19:00:00;3711
21/10/2021;A;19:00:00;28244
21/10/2021;B;19:00:00;3855
22/10/2021;A;19:00:00;29456
22/10/2021;B;19:00:00;3864
23/10/2021;A;19:00:00;21315
23/10/2021;B;19:00:00;2762
24/10/2021;A;19:00:00;14204
24/10/2021;B;19:00:00;2032
25/10/2021;A;19:00:00;27360
25/10/2021;B;19:00:00;3433
26/10/2021;A;19:00:00;28182
26/10/2021;B;19:00:00;3694
27/10/2021;A;19:00:00;28265
27/10/2021;B;19:00:00;3804
28/10/2021;A;19:00:00;28691
28/10/2021;B;19:00:00;3630
29/10/2021;A;19:00:00;33972
29/10/2021;B;19:00:00;4181
30/10/2021;A;19:00:00;24703
30/10/2021;B;19:00:00;3083
31/10/2021;A;19:00:00;16948
31/10/2021;B;19:00:00;2153
1/11/2021;A;19:00:00;13402
1/11/2021;B;19:00:00;1907
2/11/2021;A;19:00:00;29025
2/11/2021;B;19:00:00;3555
3/11/2021;A;19:00:00;29560
3/11/2021;B;19:00:00;3651
4/11/2021;A;19:00:00;29722
4/11/2021;B;19:00:00;3734
5/11/2021;A;19:00:00;31918
5/11/2021;B;19:00:00;4017
6/11/2021;A;19:00:00;23133
6/11/2021;B;19:00:00;3065
7/11/2021;A;19:00:00;14729
7/11/2021;B;19:00:00;2202
8/11/2021;A;19:00:00;27532
8/11/2021;B;19:00:00;3346
9/11/2021;A;19:00:00;28469
9/11/2021;B;19:00:00;3596
10/11/2021;A;19:00:00;30480
10/11/2021;B;19:00:00;3874
11/11/2021;A;19:00:00;28390
11/11/2021;B;19:00:00;3629
12/11/2021;A;19:00:00;32735
12/11/2021;B;19:00:00;4035
13/11/2021;A;19:00:00;24448
13/11/2021;B;19:00:00;2897
14/11/2021;A;19:00:00;14373
14/11/2021;B;19:00:00;2866
15/11/2021;A;19:00:00;14120
15/11/2021;B;19:00:00;1966
16/11/2021;A;19:00:00;27432
16/11/2021;B;19:00:00;3199
17/11/2021;A;19:00:00;30750
17/11/2021;B;19:00:00;3885
18/11/2021;A;19:00:00;31711
18/11/2021;B;19:00:00;4096
19/11/2021;A;19:00:00;34700
19/11/2021;B;19:00:00;4081
20/11/2021;A;19:00:00;25983
20/11/2021;B;19:00:00;3416
21/11/2021;A;19:00:00;14527
21/11/2021;B;19:00:00;2662
22/11/2021;A;19:00:00;29111
22/11/2021;B;19:00:00;3507
23/11/2021;A;19:00:00;29758
23/11/2021;B;19:00:00;3606
24/11/2021;A;19:00:00;30937
24/11/2021;B;19:00:00;3860
25/11/2021;A;19:00:00;30871
25/11/2021;B;19:00:00;3945
26/11/2021;A;19:00:00;35150
26/11/2021;B;19:00:00;4079
27/11/2021;A;19:00:00;25220
27/11/2021;B;19:00:00;3105
28/11/2021;A;19:00:00;16102
28/11/2021;B;19:00:00;2318
29/11/2021;A;19:00:00;30867
29/11/2021;B;19:00:00;3566
30/11/2021;A;19:00:00;35234
30/11/2021;B;19:00:00;4041
1/12/2021;A;19:00:00;33453
1/12/2021;B;19:00:00;3906
2/12/2021;A;19:00:00;34868
2/12/2021;B;19:00:00;4200
3/12/2021;A;19:00:00;39725
3/12/2021;B;19:00:00;4496
4/12/2021;A;19:00:00;30587
4/12/2021;B;19:00:00;4043
5/12/2021;A;19:00:00;18939
5/12/2021;B;19:00:00;2528
6/12/2021;A;19:00:00;34772
6/12/2021;B;19:00:00;4088
7/12/2021;A;19:00:00;39906
7/12/2021;B;19:00:00;4761
8/12/2021;A;19:00:00;18131
8/12/2021;B;19:00:00;2551
9/12/2021;A;19:00:00;35567
9/12/2021;B;19:00:00;4216
10/12/2021;A;19:00:00;38975
10/12/2021;B;19:00:00;4469
11/12/2021;A;19:00:00;29286
11/12/2021;B;19:00:00;3490
12/12/2021;A;19:00:00;20903
12/12/2021;B;19:00:00;2686
13/12/2021;A;19:00:00;35751
13/12/2021;B;19:00:00;4167
14/12/2021;A;19:00:00;36068
14/12/2021;B;19:00:00;3977
15/12/2021;A;19:00:00;37839
15/12/2021;B;19:00:00;4256
16/12/2021;A;19:00:00;39120
16/12/2021;B;19:00:00;4371
17/12/2021;A;19:00:00;39046
17/12/2021;B;19:00:00;4197
18/12/2021;A;19:00:00;34758
18/12/2021;B;19:00:00;4305
19/12/2021;A;19:00:00;23832
19/12/2021;B;19:00:00;2799
20/12/2021;A;19:00:00;38294
20/12/2021;B;19:00:00;4469
21/12/2021;A;19:00:00;39841
21/12/2021;B;19:00:00;4409
22/12/2021;A;19:00:00;36887
22/12/2021;B;19:00:00;4065
23/12/2021;A;19:00:00;41033
23/12/2021;B;19:00:00;4545
24/12/2021;A;19:00:00;25251
24/12/2021;B;19:00:00;3154
25/12/2021;A;19:00:00;14078
25/12/2021;B;19:00:00;1944
26/12/2021;A;19:00:00;17568
26/12/2021;B;19:00:00;2109
27/12/2021;A;19:00:00;29011
27/12/2021;B;19:00:00;3142
28/12/2021;A;19:00:00;31280
28/12/2021;B;19:00:00;3830
29/12/2021;A;19:00:00;31399
29/12/2021;B;19:00:00;3493
30/12/2021;A;19:00:00;31683
30/12/2021;B;19:00:00;3553
31/12/2021;A;19:00:00;17750
31/12/2021;B;19:00:00;2406
1/01/2022;A;19:00:00;10610
1/01/2022;B;19:00:00;1526
2/01/2022;A;19:00:00;15140
2/01/2022;B;19:00:00;2380
3/01/2022;A;19:00:00;23251
3/01/2022;B;19:00:00;3058
4/01/2022;A;19:00:00;24466
4/01/2022;B;19:00:00;3031
5/01/2022;A;19:00:00;23337
5/01/2022;B;19:00:00;3082
6/01/2022;A;19:00:00;21746
6/01/2022;B;19:00:00;2635
7/01/2022;A;19:00:00;22877
7/01/2022;B;19:00:00;2733
8/01/2022;A;19:00:00;18677
8/01/2022;B;19:00:00;2633
9/01/2022;A;19:00:00;14562
9/01/2022;B;19:00:00;2461
10/01/2022;A;19:00:00;13672
10/01/2022;B;19:00:00;2418
11/01/2022;A;19:00:00;23443
11/01/2022;B;19:00:00;2975
12/01/2022;A;19:00:00;24644
12/01/2022;B;19:00:00;3325
13/01/2022;A;19:00:00;23873
13/01/2022;B;19:00:00;3305
14/01/2022;A;19:00:00;27848
14/01/2022;B;19:00:00;3488
15/01/2022;A;19:00:00;21672
15/01/2022;B;19:00:00;2924
16/01/2022;A;19:00:00;15128
16/01/2022;B;19:00:00;2567
17/01/2022;A;19:00:00;25823
17/01/2022;B;19:00:00;3475
18/01/2022;A;19:00:00;26566
18/01/2022;B;19:00:00;3392
19/01/2022;A;19:00:00;27671
19/01/2022;B;19:00:00;3609
20/01/2022;A;19:00:00;28218
20/01/2022;B;19:00:00;3721
21/01/2022;A;19:00:00;29638
21/01/2022;B;19:00:00;4049
22/01/2022;A;19:00:00;20669
22/01/2022;B;19:00:00;2999
23/01/2022;A;19:00:00;15154
23/01/2022;B;19:00:00;2882
24/01/2022;A;19:00:00;26401
24/01/2022;B;19:00:00;3508
25/01/2022;A;19:00:00;27601
25/01/2022;B;19:00:00;3550
26/01/2022;A;19:00:00;29630
26/01/2022;B;19:00:00;3978
27/01/2022;A;19:00:00;27882
27/01/2022;B;19:00:00;3809
28/01/2022;A;19:00:00;28279
28/01/2022;B;19:00:00;3644
29/01/2022;A;19:00:00;21995
29/01/2022;B;19:00:00;2949
30/01/2022;A;19:00:00;16480
30/01/2022;B;19:00:00;3086
31/01/2022;A;19:00:00;30464
31/01/2022;B;19:00:00;3883
1/02/2022;A;19:00:00;27232
1/02/2022;B;19:00:00;3531
2/02/2022;A;19:00:00;30184
2/02/2022;B;19:00:00;4000
3/02/2022;A;19:00:00;31816
3/02/2022;B;19:00:00;4306
4/02/2022;A;19:00:00;32396
4/02/2022;B;19:00:00;4215
5/02/2022;A;19:00:00;21963
5/02/2022;B;19:00:00;3125
6/02/2022;A;19:00:00;15754
6/02/2022;B;19:00:00;2486
7/02/2022;A;19:00:00;28634
7/02/2022;B;19:00:00;3877
8/02/2022;A;19:00:00;30128
8/02/2022;B;19:00:00;4165
9/02/2022;A;19:00:00;28960
9/02/2022;B;19:00:00;4149
10/02/2022;A;19:00:00;31360
10/02/2022;B;19:00:00;4329
11/02/2022;A;19:00:00;33362
11/02/2022;B;19:00:00;4584
12/02/2022;A;19:00:00;22239
12/02/2022;B;19:00:00;3227
13/02/2022;A;19:00:00;14708
13/02/2022;B;19:00:00;2330
14/02/2022;A;19:00:00;29615
14/02/2022;B;19:00:00;4000
15/02/2022;A;19:00:00;32065
15/02/2022;B;19:00:00;4188
16/02/2022;A;19:00:00;32027
16/02/2022;B;19:00:00;4538
17/02/2022;A;19:00:00;30296
17/02/2022;B;19:00:00;4110
18/02/2022;A;19:00:00;32438
18/02/2022;B;19:00:00;4193
19/02/2022;A;19:00:00;25608
19/02/2022;B;19:00:00;3393
20/02/2022;A;19:00:00;16844
20/02/2022;B;19:00:00;2467
21/02/2022;A;19:00:00;31243
21/02/2022;B;19:00:00;4354
22/02/2022;A;19:00:00;29542
22/02/2022;B;19:00:00;3918
23/02/2022;A;19:00:00;29754
23/02/2022;B;19:00:00;4143
24/02/2022;A;19:00:00;31315
24/02/2022;B;19:00:00;4410
25/02/2022;A;19:00:00;32073
25/02/2022;B;19:00:00;4386
26/02/2022;A;19:00:00;22133
26/02/2022;B;19:00:00;2983
27/02/2022;A;19:00:00;14637
27/02/2022;B;19:00:00;2362
28/02/2022;A;19:00:00;31832
28/02/2022;B;19:00:00;4064
1/03/2022;A;19:00:00;33778
1/03/2022;B;19:00:00;4352
2/03/2022;A;19:00:00;32300
2/03/2022;B;19:00:00;4660
3/03/2022;A;19:00:00;30562
3/03/2022;B;19:00:00;4342
4/03/2022;A;19:00:00;36562
4/03/2022;B;19:00:00;4417
5/03/2022;A;19:00:00;22488
5/03/2022;B;19:00:00;3117
6/03/2022;A;19:00:00;15358
6/03/2022;B;19:00:00;2191
7/03/2022;A;19:00:00;36850
7/03/2022;B;19:00:00;4582
8/03/2022;A;19:00:00;33811
8/03/2022;B;19:00:00;4807
9/03/2022;A;19:00:00;31255
9/03/2022;B;19:00:00;4590
10/03/2022;A;19:00:00;32878
10/03/2022;B;19:00:00;4583
11/03/2022;A;19:00:00;34023
11/03/2022;B;19:00:00;4834
12/03/2022;A;19:00:00;22556
12/03/2022;B;19:00:00;3387
13/03/2022;A;19:00:00;15205
13/03/2022;B;19:00:00;2686
14/03/2022;A;19:00:00;27759
14/03/2022;B;19:00:00;3579
15/03/2022;A;19:00:00;32969
15/03/2022;B;19:00:00;4274
16/03/2022;A;19:00:00;32503
16/03/2022;B;19:00:00;4446
17/03/2022;A;19:00:00;32646
17/03/2022;B;19:00:00;4666
18/03/2022;A;19:00:00;35078
18/03/2022;B;19:00:00;4713
19/03/2022;A;19:00:00;22942
19/03/2022;B;19:00:00;3227
20/03/2022;A;19:00:00;14264
20/03/2022;B;19:00:00;2583
21/03/2022;A;19:00:00;15326
21/03/2022;B;19:00:00;2241
22/03/2022;A;19:00:00;31105
22/03/2022;B;19:00:00;4366
23/03/2022;A;19:00:00;31975
23/03/2022;B;19:00:00;4594
24/03/2022;A;19:00:00;29135
24/03/2022;B;19:00:00;4054
25/03/2022;A;19:00:00;32989
25/03/2022;B;19:00:00;4523
26/03/2022;A;19:00:00;23119
26/03/2022;B;19:00:00;3367
27/03/2022;A;19:00:00;15148
27/03/2022;B;19:00:00;2135
28/03/2022;A;19:00:00;29605
28/03/2022;B;19:00:00;4223
29/03/2022;A;19:00:00;26885
29/03/2022;B;19:00:00;3711
30/03/2022;A;19:00:00;32507
30/03/2022;B;19:00:00;4332
31/03/2022;A;19:00:00;32861
31/03/2022;B;19:00:00;4210
1/04/2022;A;19:00:00;35130
1/04/2022;B;19:00:00;4550
2/04/2022;A;19:00:00;24468
2/04/2022;B;19:00:00;3393
3/04/2022;A;19:00:00;16245
3/04/2022;B;19:00:00;2668
4/04/2022;A;19:00:00;29282
4/04/2022;B;19:00:00;3576
5/04/2022;A;19:00:00;32851
5/04/2022;B;19:00:00;4369
6/04/2022;A;19:00:00;31876
6/04/2022;B;19:00:00;4493
7/04/2022;A;19:00:00;34040
7/04/2022;B;19:00:00;5248
8/04/2022;A;19:00:00;34130
8/04/2022;B;19:00:00;4240
9/04/2022;A;19:00:00;24499
9/04/2022;B;19:00:00;3895
10/04/2022;A;19:00:00;15870
10/04/2022;B;19:00:00;6123
11/04/2022;A;19:00:00;28460
11/04/2022;B;19:00:00;3549
12/04/2022;A;19:00:00;30092
12/04/2022;B;19:00:00;3994
13/04/2022;A;19:00:00;30190
13/04/2022;B;19:00:00;3825
14/04/2022;A;19:00:00;11999
14/04/2022;B;19:00:00;2428
15/04/2022;A;19:00:00;10977
15/04/2022;B;19:00:00;2243
16/04/2022;A;19:00:00;17873
16/04/2022;B;19:00:00;2735
17/04/2022;A;19:00:00;14965
17/04/2022;B;19:00:00;2166
18/04/2022;A;19:00:00;31471
18/04/2022;B;19:00:00;4047
19/04/2022;A;19:00:00;32221
19/04/2022;B;19:00:00;4403
20/04/2022;A;19:00:00;33666
20/04/2022;B;19:00:00;4328
21/04/2022;A;19:00:00;32982
21/04/2022;B;19:00:00;4664
22/04/2022;A;19:00:00;34159
22/04/2022;B;19:00:00;4609
23/04/2022;A;19:00:00;23048
23/04/2022;B;19:00:00;3676
24/04/2022;A;19:00:00;15398
24/04/2022;B;19:00:00;2496
25/04/2022;A;19:00:00;31122
25/04/2022;B;19:00:00;4167
26/04/2022;A;19:00:00;32050
26/04/2022;B;19:00:00;4311
27/04/2022;A;19:00:00;32933
27/04/2022;B;19:00:00;4781
28/04/2022;A;19:00:00;26622
28/04/2022;B;19:00:00;3353
29/04/2022;A;19:00:00;37285
29/04/2022;B;19:00:00;5007
30/04/2022;A;19:00:00;25658
30/04/2022;B;19:00:00;3461
1/05/2022;A;19:00:00;17950
1/05/2022;B;19:00:00;2795
2/05/2022;A;19:00:00;33003
2/05/2022;B;19:00:00;4173
3/05/2022;A;19:00:00;33628
3/05/2022;B;19:00:00;4384
4/05/2022;A;19:00:00;33321
4/05/2022;B;19:00:00;4155
5/05/2022;A;19:00:00;33439
5/05/2022;B;19:00:00;4604
6/05/2022;A;19:00:00;34249
6/05/2022;B;19:00:00;4347
7/05/2022;A;19:00:00;23395
7/05/2022;B;19:00:00;2902
8/05/2022;A;19:00:00;15659
8/05/2022;B;19:00:00;2302
9/05/2022;A;19:00:00;27897
9/05/2022;B;19:00:00;3656
10/05/2022;A;19:00:00;30503
10/05/2022;B;19:00:00;3899
11/05/2022;A;19:00:00;31780
11/05/2022;B;19:00:00;4188
12/05/2022;A;19:00:00;31256
12/05/2022;B;19:00:00;4434
13/05/2022;A;19:00:00;33370
13/05/2022;B;19:00:00;4673
14/05/2022;A;19:00:00;23454
14/05/2022;B;19:00:00;3399
15/05/2022;A;19:00:00;18073
15/05/2022;B;19:00:00;2699
16/05/2022;A;19:00:00;30775
16/05/2022;B;19:00:00;3960
17/05/2022;A;19:00:00;32311
17/05/2022;B;19:00:00;4389
18/05/2022;A;19:00:00;33100
18/05/2022;B;19:00:00;4250
19/05/2022;A;19:00:00;35503
19/05/2022;B;19:00:00;4910
20/05/2022;A;19:00:00;35529
20/05/2022;B;19:00:00;4699
21/05/2022;A;19:00:00;22927
21/05/2022;B;19:00:00;4782
22/05/2022;A;19:00:00;15958
22/05/2022;B;19:00:00;2380
23/05/2022;A;19:00:00;30573
23/05/2022;B;19:00:00;3774
24/05/2022;A;19:00:00;29627
24/05/2022;B;19:00:00;4139
25/05/2022;A;19:00:00;30652
25/05/2022;B;19:00:00;4039
26/05/2022;A;19:00:00;33105
26/05/2022;B;19:00:00;4453
27/05/2022;A;19:00:00;34358
27/05/2022;B;19:00:00;4660
28/05/2022;A;19:00:00;20915
28/05/2022;B;19:00:00;2885
29/05/2022;A;19:00:00;13356
29/05/2022;B;19:00:00;2165
30/05/2022;A;19:00:00;14339
30/05/2022;B;19:00:00;2080
31/05/2022;A;19:00:00;33962
31/05/2022;B;19:00:00;4383
1/06/2022;A;19:00:00;32307
1/06/2022;B;19:00:00;3842
2/06/2022;A;19:00:00;37356
2/06/2022;B;19:00:00;4786
3/06/2022;A;19:00:00;35638
3/06/2022;B;19:00:00;4784
4/06/2022;A;19:00:00;22570
4/06/2022;B;19:00:00;6493
5/06/2022;A;19:00:00;14532
5/06/2022;B;19:00:00;2186
6/06/2022;A;19:00:00;29945
6/06/2022;B;19:00:00;3752
7/06/2022;A;19:00:00;32159
7/06/2022;B;19:00:00;3835
8/06/2022;A;19:00:00;31959
8/06/2022;B;19:00:00;4266
9/06/2022;A;19:00:00;31654
9/06/2022;B;19:00:00;4318
10/06/2022;A;19:00:00;34597
10/06/2022;B;19:00:00;4230
11/06/2022;A;19:00:00;23076
11/06/2022;B;19:00:00;3164
12/06/2022;A;19:00:00;14722
12/06/2022;B;19:00:00;4901
13/06/2022;A;19:00:00;28460
13/06/2022;B;19:00:00;3538
14/06/2022;A;19:00:00;30891
14/06/2022;B;19:00:00;3860
15/06/2022;A;19:00:00;34389
15/06/2022;B;19:00:00;4264
16/06/2022;A;19:00:00;26766
16/06/2022;B;19:00:00;3643
17/06/2022;A;19:00:00;27803
17/06/2022;B;19:00:00;3774
18/06/2022;A;19:00:00;17142
18/06/2022;B;19:00:00;2699
19/06/2022;A;19:00:00;9169
19/06/2022;B;19:00:00;1782
20/06/2022;A;19:00:00;11252
20/06/2022;B;19:00:00;1757
21/06/2022;A;19:00:00;25800
21/06/2022;B;19:00:00;3638
22/06/2022;A;19:00:00;31155
22/06/2022;B;19:00:00;4178
23/06/2022;A;19:00:00;31153
23/06/2022;B;19:00:00;4058
24/06/2022;A;19:00:00;32515
24/06/2022;B;19:00:00;4125
25/06/2022;A;19:00:00;25159
25/06/2022;B;19:00:00;3744
26/06/2022;A;19:00:00;14047
26/06/2022;B;19:00:00;2257
27/06/2022;A;19:00:00;14497
27/06/2022;B;19:00:00;2111
28/06/2022;A;19:00:00;30474
28/06/2022;B;19:00:00;3893
29/06/2022;A;19:00:00;29949
29/06/2022;B;19:00:00;4077
30/06/2022;A;19:00:00;37458
30/06/2022;B;19:00:00;4214
1/07/2022;A;19:00:00;35579
1/07/2022;B;19:00:00;4452
2/07/2022;A;19:00:00;25761
2/07/2022;B;19:00:00;3900
3/07/2022;A;19:00:00;17971
3/07/2022;B;19:00:00;9593
4/07/2022;A;19:00:00;16542
4/07/2022;B;19:00:00;2555
5/07/2022;A;19:00:00;33719
5/07/2022;B;19:00:00;4062
6/07/2022;A;19:00:00;33400
6/07/2022;B;19:00:00;4079
7/07/2022;A;19:00:00;32583
7/07/2022;B;19:00:00;4027
8/07/2022;A;19:00:00;33563
8/07/2022;B;19:00:00;4101
9/07/2022;A;19:00:00;24714
9/07/2022;B;19:00:00;3530
10/07/2022;A;19:00:00;15765
10/07/2022;B;19:00:00;3299
11/07/2022;A;19:00:00;30940
11/07/2022;B;19:00:00;3777
12/07/2022;A;19:00:00;30930
12/07/2022;B;19:00:00;3746
13/07/2022;A;19:00:00;33174
13/07/2022;B;19:00:00;4168
14/07/2022;A;19:00:00;33694
14/07/2022;B;19:00:00;4645
15/07/2022;A;19:00:00;35892
15/07/2022;B;19:00:00;4617
16/07/2022;A;19:00:00;25129
16/07/2022;B;19:00:00;3973
17/07/2022;A;19:00:00;18656
17/07/2022;B;19:00:00;2647
18/07/2022;A;19:00:00;31455
18/07/2022;B;19:00:00;4096
19/07/2022;A;19:00:00;35730
19/07/2022;B;19:00:00;4227
20/07/2022;A;19:00:00;15877
20/07/2022;B;19:00:00;2395
21/07/2022;A;19:00:00;31915
21/07/2022;B;19:00:00;4077
22/07/2022;A;19:00:00;34512
22/07/2022;B;19:00:00;4189
23/07/2022;A;19:00:00;22523
23/07/2022;B;19:00:00;3172
24/07/2022;A;19:00:00;14390
24/07/2022;B;19:00:00;4509
25/07/2022;A;19:00:00;34510
25/07/2022;B;19:00:00;4237
26/07/2022;A;19:00:00;34350
26/07/2022;B;19:00:00;4070
27/07/2022;A;19:00:00;33406
27/07/2022;B;19:00:00;4422
28/07/2022;A;19:00:00;34388
28/07/2022;B;19:00:00;4950
29/07/2022;A;19:00:00;37101
29/07/2022;B;19:00:00;4668
30/07/2022;A;19:00:00;25473
30/07/2022;B;19:00:00;3498
31/07/2022;A;19:00:00;17805
31/07/2022;B;19:00:00;2807
1/08/2022;A;19:00:00;31002
1/08/2022;B;19:00:00;3762
2/08/2022;A;19:00:00;33987
2/08/2022;B;19:00:00;4204
3/08/2022;A;19:00:00;32777
3/08/2022;B;19:00:00;4210
4/08/2022;A;19:00:00;32416
4/08/2022;B;19:00:00;4536
5/08/2022;A;19:00:00;32918
5/08/2022;B;19:00:00;3835
6/08/2022;A;19:00:00;25234
6/08/2022;B;19:00:00;3446
7/08/2022;A;19:00:00;18105
7/08/2022;B;19:00:00;2968
8/08/2022;A;19:00:00;31348
8/08/2022;B;19:00:00;4289
9/08/2022;A;19:00:00;33958
9/08/2022;B;19:00:00;4635
10/08/2022;A;19:00:00;34405
10/08/2022;B;19:00:00;4645
11/08/2022;A;19:00:00;35164
11/08/2022;B;19:00:00;4956
12/08/2022;A;19:00:00;36588
12/08/2022;B;19:00:00;5097
13/08/2022;A;19:00:00;32670
13/08/2022;B;19:00:00;4515
14/08/2022;A;19:00:00;17316
14/08/2022;B;19:00:00;3425
15/08/2022;A;19:00:00;20596
15/08/2022;B;19:00:00;3815
16/08/2022;A;19:00:00;35286
16/08/2022;B;19:00:00;4773
17/08/2022;A;19:00:00;34543
17/08/2022;B;19:00:00;4698
18/08/2022;A;19:00:00;33685
18/08/2022;B;19:00:00;4613
19/08/2022;A;19:00:00;36789
19/08/2022;B;19:00:00;4880
20/08/2022;A;19:00:00;26607
20/08/2022;B;19:00:00;3937
21/08/2022;A;19:00:00;16332
21/08/2022;B;19:00:00;2783
22/08/2022;A;19:00:00;31950
22/08/2022;B;19:00:00;4125
23/08/2022;A;19:00:00;34743
23/08/2022;B;19:00:00;4867
24/08/2022;A;19:00:00;33726
24/08/2022;B;19:00:00;4518
25/08/2022;A;19:00:00;34477
25/08/2022;B;19:00:00;4858
26/08/2022;A;19:00:00;38788
26/08/2022;B;19:00:00;5081
27/08/2022;A;19:00:00;23540
27/08/2022;B;19:00:00;3524
28/08/2022;A;19:00:00;16699
28/08/2022;B;19:00:00;2700
29/08/2022;A;19:00:00;31864
29/08/2022;B;19:00:00;4230
30/08/2022;A;19:00:00;34690
30/08/2022;B;19:00:00;4753
31/08/2022;A;19:00:00;36471
31/08/2022;B;19:00:00;4647
1/09/2022;A;19:00:00;34794
1/09/2022;B;19:00:00;4922
2/09/2022;A;19:00:00;36665
2/09/2022;B;19:00:00;4907
3/09/2022;A;19:00:00;25583
3/09/2022;B;19:00:00;3579
4/09/2022;A;19:00:00;16366
4/09/2022;B;19:00:00;2505
5/09/2022;A;19:00:00;33811
5/09/2022;B;19:00:00;4280
6/09/2022;A;19:00:00;34675
6/09/2022;B;19:00:00;4543
7/09/2022;A;19:00:00;34606
7/09/2022;B;19:00:00;4497
8/09/2022;A;19:00:00;36023
8/09/2022;B;19:00:00;5278
9/09/2022;A;19:00:00;36756
9/09/2022;B;19:00:00;4567
10/09/2022;A;19:00:00;26002
10/09/2022;B;19:00:00;3514
11/09/2022;A;19:00:00;18237
11/09/2022;B;19:00:00;2778
12/09/2022;A;19:00:00;31953
12/09/2022;B;19:00:00;4051
13/09/2022;A;19:00:00;32705
13/09/2022;B;19:00:00;4287
14/09/2022;A;19:00:00;33307
14/09/2022;B;19:00:00;4376
15/09/2022;A;19:00:00;36479
15/09/2022;B;19:00:00;4865
16/09/2022;A;19:00:00;38474
16/09/2022;B;19:00:00;4719
17/09/2022;A;19:00:00;27792
17/09/2022;B;19:00:00;3598
18/09/2022;A;19:00:00;18636
18/09/2022;B;19:00:00;5734
19/09/2022;A;19:00:00;31172
19/09/2022;B;19:00:00;4197
20/09/2022;A;19:00:00;32372
20/09/2022;B;19:00:00;4256
21/09/2022;A;19:00:00;34381
21/09/2022;B;19:00:00;4433
22/09/2022;A;19:00:00;32759
22/09/2022;B;19:00:00;4396
23/09/2022;A;19:00:00;35533
23/09/2022;B;19:00:00;4382
24/09/2022;A;19:00:00;22970
24/09/2022;B;19:00:00;3141
25/09/2022;A;19:00:00;16141
25/09/2022;B;19:00:00;2436
26/09/2022;A;19:00:00;32077
26/09/2022;B;19:00:00;4335
27/09/2022;A;19:00:00;33372
27/09/2022;B;19:00:00;4358
28/09/2022;A;19:00:00;33282
28/09/2022;B;19:00:00;4418
29/09/2022;A;19:00:00;33587
29/09/2022;B;19:00:00;4499
30/09/2022;A;19:00:00;38935
30/09/2022;B;19:00:00;4775
1/10/2022;A;19:00:00;26192
1/10/2022;B;19:00:00;3484
2/10/2022;A;19:00:00;17711
2/10/2022;B;19:00:00;2624
3/10/2022;A;19:00:00;33402
3/10/2022;B;19:00:00;4171
4/10/2022;A;19:00:00;32820
4/10/2022;B;19:00:00;4830
5/10/2022;A;19:00:00;35397
5/10/2022;B;19:00:00;4414
6/10/2022;A;19:00:00;35268
6/10/2022;B;19:00:00;4491
7/10/2022;A;19:00:00;34711
7/10/2022;B;19:00:00;4576
8/10/2022;A;19:00:00;24679
8/10/2022;B;19:00:00;3474
9/10/2022;A;19:00:00;15852
9/10/2022;B;19:00:00;2746
10/10/2022;A;19:00:00;31454
10/10/2022;B;19:00:00;4129
11/10/2022;A;19:00:00;32046
11/10/2022;B;19:00:00;4257
12/10/2022;A;19:00:00;32643
12/10/2022;B;19:00:00;4219
13/10/2022;A;19:00:00;32763
13/10/2022;B;19:00:00;4363
14/10/2022;A;19:00:00;35406
14/10/2022;B;19:00:00;4844
15/10/2022;A;19:00:00;23746
15/10/2022;B;19:00:00;3280
16/10/2022;A;19:00:00;16233
16/10/2022;B;19:00:00;2979
17/10/2022;A;19:00:00;16148
17/10/2022;B;19:00:00;2198
18/10/2022;A;19:00:00;33914
18/10/2022;B;19:00:00;4142
19/10/2022;A;19:00:00;34375
19/10/2022;B;19:00:00;4324
20/10/2022;A;19:00:00;35453
20/10/2022;B;19:00:00;4592
21/10/2022;A;19:00:00;34784
21/10/2022;B;19:00:00;4402
22/10/2022;A;19:00:00;24576
22/10/2022;B;19:00:00;3044
23/10/2022;A;19:00:00;15524
23/10/2022;B;19:00:00;2153
24/10/2022;A;19:00:00;31698
24/10/2022;B;19:00:00;4047
25/10/2022;A;19:00:00;34721
25/10/2022;B;19:00:00;4607
26/10/2022;A;19:00:00;34073
26/10/2022;B;19:00:00;4240
27/10/2022;A;19:00:00;34358
27/10/2022;B;19:00:00;4515
28/10/2022;A;19:00:00;37429
28/10/2022;B;19:00:00;4413
29/10/2022;A;19:00:00;26631
29/10/2022;B;19:00:00;3352
30/10/2022;A;19:00:00;17037
30/10/2022;B;19:00:00;3609
31/10/2022;A;19:00:00;33603
31/10/2022;B;19:00:00;4308
1/11/2022;A;19:00:00;34879
1/11/2022;B;19:00:00;4397
2/11/2022;A;19:00:00;35036
2/11/2022;B;19:00:00;4436
3/11/2022;A;19:00:00;34041
3/11/2022;B;19:00:00;4366
4/11/2022;A;19:00:00;35620
4/11/2022;B;19:00:00;4361
5/11/2022;A;19:00:00;24354
5/11/2022;B;19:00:00;3466
6/11/2022;A;19:00:00;14772
6/11/2022;B;19:00:00;2253
7/11/2022;A;19:00:00;14279
7/11/2022;B;19:00:00;2030
8/11/2022;A;19:00:00;41223
8/11/2022;B;19:00:00;4175
9/11/2022;A;19:00:00;34121
9/11/2022;B;19:00:00;4410
10/11/2022;A;19:00:00;35717
10/11/2022;B;19:00:00;4291
11/11/2022;A;19:00:00;35649
11/11/2022;B;19:00:00;4596
12/11/2022;A;19:00:00;24071
12/11/2022;B;19:00:00;2882
13/11/2022;A;19:00:00;15676
13/11/2022;B;19:00:00;2413
14/11/2022;A;19:00:00;15462
14/11/2022;B;19:00:00;2148
15/11/2022;A;19:00:00;35910
15/11/2022;B;19:00:00;4145
16/11/2022;A;19:00:00;35440
16/11/2022;B;19:00:00;4432
17/11/2022;A;19:00:00;36041
17/11/2022;B;19:00:00;4365
18/11/2022;A;19:00:00;37520
18/11/2022;B;19:00:00;4509
19/11/2022;A;19:00:00;26422
19/11/2022;B;19:00:00;3563
20/11/2022;A;19:00:00;15915
20/11/2022;B;19:00:00;2290
21/11/2022;A;19:00:00;33378
21/11/2022;B;19:00:00;4059
22/11/2022;A;19:00:00;34367
22/11/2022;B;19:00:00;4320
23/11/2022;A;19:00:00;35087
23/11/2022;B;19:00:00;4193
24/11/2022;A;19:00:00;35049
24/11/2022;B;19:00:00;4194
25/11/2022;A;19:00:00;36102
25/11/2022;B;19:00:00;4263
26/11/2022;A;19:00:00;26675
26/11/2022;B;19:00:00;3425
27/11/2022;A;19:00:00;16402
27/11/2022;B;19:00:00;2310
28/11/2022;A;19:00:00;33034
28/11/2022;B;19:00:00;3918
29/11/2022;A;19:00:00;33735
29/11/2022;B;19:00:00;4058
30/11/2022;A;19:00:00;37709
30/11/2022;B;19:00:00;4388
1/12/2022;A;19:00:00;37619
1/12/2022;B;19:00:00;4532
2/12/2022;A;19:00:00;40708
2/12/2022;B;19:00:00;4610
3/12/2022;A;19:00:00;30599
3/12/2022;B;19:00:00;3866
4/12/2022;A;19:00:00;17794
4/12/2022;B;19:00:00;2671
5/12/2022;A;19:00:00;35495
5/12/2022;B;19:00:00;4057
6/12/2022;A;19:00:00;38140
6/12/2022;B;19:00:00;4323
7/12/2022;A;19:00:00;41593
7/12/2022;B;19:00:00;4629
8/12/2022;A;19:00:00;20503
8/12/2022;B;19:00:00;2778
9/12/2022;A;19:00:00;39461
9/12/2022;B;19:00:00;4613
10/12/2022;A;19:00:00;35540
10/12/2022;B;19:00:00;4346
11/12/2022;A;19:00:00;22945
11/12/2022;B;19:00:00;3021
12/12/2022;A;19:00:00;37274
12/12/2022;B;19:00:00;4026
13/12/2022;A;19:00:00;39116
13/12/2022;B;19:00:00;4313
14/12/2022;A;19:00:00;40848
14/12/2022;B;19:00:00;4455
15/12/2022;A;19:00:00;44256
15/12/2022;B;19:00:00;4762
16/12/2022;A;19:00:00;46546
16/12/2022;B;19:00:00;5459
17/12/2022;A;19:00:00;39609
17/12/2022;B;19:00:00;4757
18/12/2022;A;19:00:00;27745
18/12/2022;B;19:00:00;3322
19/12/2022;A;19:00:00;40307
19/12/2022;B;19:00:00;4219
20/12/2022;A;19:00:00;42524
20/12/2022;B;19:00:00;4289
21/12/2022;A;19:00:00;41413
21/12/2022;B;19:00:00;4201
22/12/2022;A;19:00:00;43627
22/12/2022;B;19:00:00;4447
23/12/2022;A;19:00:00;39326
23/12/2022;B;19:00:00;4203
24/12/2022;A;19:00:00;26255
24/12/2022;B;19:00:00;3193
25/12/2022;A;19:00:00;19382
25/12/2022;B;19:00:00;2258
26/12/2022;A;19:00:00;31084
26/12/2022;B;19:00:00;3489
27/12/2022;A;19:00:00;34010
27/12/2022;B;19:00:00;3538
28/12/2022;A;19:00:00;35568
28/12/2022;B;19:00:00;4078
29/12/2022;A;19:00:00;36439
29/12/2022;B;19:00:00;3814
30/12/2022;A;19:00:00;34114
30/12/2022;B;19:00:00;3743
31/12/2022;A;19:00:00;18482
31/12/2022;B;19:00:00;2393
1/01/2023;A;19:00:00;15663
1/01/2024;B;19:00:00;2029
1/02/2023;A;19:00:00;22506
1/02/2023;B;19:00:00;3209
1/03/2023;A;19:00:00;25553
1/03/2023;B;19:00:00;3358
1/04/2023;A;19:00:00;29084
1/04/2023;B;19:00:00;4100
1/05/2023;A;19:00:00;28507
1/05/2023;B;19:00:00;3769
1/06/2023;A;19:00:00;30850
1/06/2023;B;19:00:00;4164
1/07/2023;A;19:00:00;24755
1/07/2023;B;19:00:00;4040
1/08/2023;A;19:00:00;20869
1/08/2023;B;19:00:00;3969
1/09/2023;A;19:00:00;17125
1/09/2023;B;19:00:00;2801
1/10/2023;A;19:00:00;29656
1/10/2023;B;19:00:00;3892
1/11/2023;A;19:00:00;28728
1/11/2023;B;19:00:00;2444
1/12/2023;A;19:00:00;28852
1/12/2023;B;19:00:00;3940
13/01/2023;A;19:00:00;32423
13/01/2023;B;19:00:00;4269
14/01/2023;A;19:00:00;24898
14/01/2023;B;19:00:00;2702
15/01/2023;A;19:00:00;18927
15/01/2023;B;19:00:00;3380
16/01/2023;A;19:00:00;29436
16/01/2023;B;19:00:00;3626
17/01/2023;A;19:00:00;36843
17/01/2023;B;19:00:00;3624
18/01/2023;A;19:00:00;29314
18/01/2023;B;19:00:00;3896
19/01/2023;A;19:00:00;30751
19/01/2023;B;19:00:00;3905
20/01/2023;A;19:00:00;32267
20/01/2023;B;19:00:00;4208
21/01/2023;A;19:00:00;23193
21/01/2023;B;19:00:00;3297
22/01/2023;A;19:00:00;15835
22/01/2023;B;19:00:00;2560
23/01/2023;A;19:00:00;30737
23/01/2023;B;19:00:00;3690
24/01/2023;A;19:00:00;31463
24/01/2023;B;19:00:00;3956
25/01/2023;A;19:00:00;32190
25/01/2023;B;19:00:00;4067
26/01/2023;A;19:00:00;33224
26/01/2023;B;19:00:00;4206
27/01/2023;A;19:00:00;33544
27/01/2023;B;19:00:00;4380
28/01/2023;A;19:00:00;23359
28/01/2023;B;19:00:00;3376
29/01/2023;A;19:00:00;16062
29/01/2023;B;19:00:00;2877
30/01/2023;A;19:00:00;31725
30/01/2023;B;19:00:00;3798
31/01/2023;A;19:00:00;34712
31/01/2023;B;19:00:00;4345
2/01/2023;A;19:00:00;33850
2/01/2023;B;19:00:00;4257
2/02/2023;A;19:00:00;33468
2/02/2023;B;19:00:00;4360
2/03/2023;A;19:00:00;34996
2/03/2023;B;19:00:00;4363
2/04/2023;A;19:00:00;23661
2/04/2023;B;19:00:00;3702
2/05/2023;A;19:00:00;14882
2/05/2023;B;19:00:00;2869
2/06/2023;A;19:00:00;31150
2/06/2023;B;19:00:00;4129
2/07/2023;A;19:00:00;33530
2/07/2023;B;19:00:00;4793
2/08/2023;A;19:00:00;30929
2/08/2023;B;19:00:00;4188
2/09/2023;A;19:00:00;33180
2/09/2023;B;19:00:00;4563
2/10/2023;A;19:00:00;34086
2/10/2023;B;19:00:00;4682
2/11/2023;A;19:00:00;22682
2/11/2023;B;19:00:00;3274
2/12/2023;A;19:00:00;15349
2/12/2023;B;19:00:00;2441
13/02/2023;A;19:00:00;31858
13/02/2023;B;19:00:00;4219
14/02/2023;A;19:00:00;29716
14/02/2023;B;19:00:00;4143
15/02/2023;A;19:00:00;33851
15/02/2023;B;19:00:00;4434
16/02/2023;A;19:00:00;35805
16/02/2023;B;19:00:00;5269
17/02/2023;A;19:00:00;33988
17/02/2023;B;19:00:00;4680
18/02/2023;A;19:00:00;23787
18/02/2023;B;19:00:00;4281
19/02/2023;A;19:00:00;16644
19/02/2023;B;19:00:00;2419
20/02/2023;A;19:00:00;33887
20/02/2023;B;19:00:00;4326
21/02/2023;A;19:00:00;31836
21/02/2023;B;19:00:00;4230
22/02/2023;A;19:00:00;25274
22/02/2023;B;19:00:00;3388
23/02/2023;A;19:00:00;32829
23/02/2023;B;19:00:00;4513
24/02/2023;A;19:00:00;34803
24/02/2023;B;19:00:00;4862
25/02/2023;A;19:00:00;23250
25/02/2023;B;19:00:00;3364
26/02/2023;A;19:00:00;16196
26/02/2023;B;19:00:00;2558
27/02/2023;A;19:00:00;31202
27/02/2023;B;19:00:00;5830
28/02/2023;A;19:00:00;35113
28/02/2023;B;19:00:00;4743
3/01/2023;A;19:00:00;34642
3/01/2023;B;19:00:00;4680
3/02/2023;A;19:00:00;34314
3/02/2023;B;19:00:00;4603
3/03/2023;A;19:00:00;35694
3/03/2023;B;19:00:00;4868
3/04/2023;A;19:00:00;25361
3/04/2023;B;19:00:00;3685
3/05/2023;A;19:00:00;17170
3/05/2023;B;19:00:00;2601
3/06/2023;A;19:00:00;32707
3/06/2023;B;19:00:00;4320
3/07/2023;A;19:00:00;32050
3/07/2023;B;19:00:00;4119
3/08/2023;A;19:00:00;34561
3/08/2023;B;19:00:00;4765
3/09/2023;A;19:00:00;32963
3/09/2023;B;19:00:00;4386
3/10/2023;A;19:00:00;35116
3/10/2023;B;19:00:00;4601
3/11/2023;A;19:00:00;21695
3/11/2023;B;19:00:00;3223
3/12/2023;A;19:00:00;15086
3/12/2023;B;19:00:00;2053
13/03/2023;A;19:00:00;31983
13/03/2023;B;19:00:00;3955
14/03/2023;A;19:00:00;31928
14/03/2023;B;19:00:00;4202
15/03/2023;A;19:00:00;34498
15/03/2023;B;19:00:00;4509
16/03/2023;A;19:00:00;37334
16/03/2023;B;19:00:00;4652
17/03/2023;A;19:00:00;34974
17/03/2023;B;19:00:00;4497
18/03/2023;A;19:00:00;21681
18/03/2023;B;19:00:00;3046
19/03/2023;A;19:00:00;16082
19/03/2023;B;19:00:00;2746
20/03/2023;A;19:00:00;16611
20/03/2023;B;19:00:00;2408
21/03/2023;A;19:00:00;33804
21/03/2023;B;19:00:00;4468
22/03/2023;A;19:00:00;33489
22/03/2023;B;19:00:00;4859
23/03/2023;A;19:00:00;33555
23/03/2023;B;19:00:00;4504
24/03/2023;A;19:00:00;35060
24/03/2023;B;19:00:00;4677
25/03/2023;A;19:00:00;21652
25/03/2023;B;19:00:00;3194
26/03/2023;A;19:00:00;15273
26/03/2023;B;19:00:00;2519
27/03/2023;A;19:00:00;33626
27/03/2023;B;19:00:00;4781
28/03/2023;A;19:00:00;33331
28/03/2023;B;19:00:00;4384
29/03/2023;A;19:00:00;33035
29/03/2023;B;19:00:00;4370
30/03/2023;A;19:00:00;36403
30/03/2023;B;19:00:00;4491
31/03/2023;A;19:00:00;37023
31/03/2023;B;19:00:00;4785
4/01/2023;A;19:00:00;24220
4/01/2023;B;19:00:00;4033
4/02/2023;A;19:00:00;15832
4/02/2023;B;19:00:00;2323
4/03/2023;A;19:00:00;30558
4/03/2023;B;19:00:00;3688
4/04/2023;A;19:00:00;30397
4/04/2023;B;19:00:00;3734
4/05/2023;A;19:00:00;30428
4/05/2023;B;19:00:00;3987
4/06/2023;A;19:00:00;12228
4/06/2023;B;19:00:00;2256
4/07/2023;A;19:00:00;10635
4/07/2023;B;19:00:00;1960
4/08/2023;A;19:00:00;17997
4/08/2023;B;19:00:00;2774
4/09/2023;A;19:00:00;14880
4/09/2023;B;19:00:00;2265
4/10/2023;A;19:00:00;30943
4/10/2023;B;19:00:00;4286
4/11/2023;A;19:00:00;33430
4/11/2023;B;19:00:00;4258
4/12/2023;A;19:00:00;35693
4/12/2023;B;19:00:00;4452
13/04/2023;A;19:00:00;33038
13/04/2023;B;19:00:00;4245
14/04/2023;A;19:00:00;34757
14/04/2023;B;19:00:00;4444
15/04/2023;A;19:00:00;24102
15/04/2023;B;19:00:00;3376
16/04/2023;A;19:00:00;15259
16/04/2023;B;19:00:00;2877
17/04/2023;A;19:00:00;32284
17/04/2023;B;19:00:00;4047
18/04/2023;A;19:00:00;33374
18/04/2023;B;19:00:00;4284
19/04/2023;A;19:00:00;33348
19/04/2023;B;19:00:00;4499
20/04/2023;A;19:00:00;32939
20/04/2023;B;19:00:00;4402
21/04/2023;A;19:00:00;35963
21/04/2023;B;19:00:00;4536
22/04/2023;A;19:00:00;22786
22/04/2023;B;19:00:00;3315
23/04/2023;A;19:00:00;16607
23/04/2023;B;19:00:00;2762
24/04/2023;A;19:00:00;32903
24/04/2023;B;19:00:00;4043
25/04/2023;A;19:00:00;32823
25/04/2023;B;19:00:00;4306
26/04/2023;A;19:00:00;33810
26/04/2023;B;19:00:00;3998
27/04/2023;A;19:00:00;33876
27/04/2023;B;19:00:00;3392
28/04/2023;A;19:00:00;37967
28/04/2023;B;19:00:00;4549
29/04/2023;A;19:00:00;26746
29/04/2023;B;19:00:00;3647
30/04/2023;A;19:00:00;16405
30/04/2023;B;19:00:00;2540
5/01/2023;A;19:00:00;17841
5/01/2023;B;19:00:00;2579
5/02/2023;A;19:00:00;35763
5/02/2023;B;19:00:00;4323
5/03/2023;A;19:00:00;34589
5/03/2023;B;19:00:00;4463
5/04/2023;A;19:00:00;35435
5/04/2023;B;19:00:00;4513
5/05/2023;A;19:00:00;36516
5/05/2023;B;19:00:00;4617
5/06/2023;A;19:00:00;25358
5/06/2023;B;19:00:00;3253
5/07/2023;A;19:00:00;16939
5/07/2023;B;19:00:00;3213
5/08/2023;A;19:00:00;31848
5/08/2023;B;19:00:00;4163
5/09/2023;A;19:00:00;33138
5/09/2023;B;19:00:00;4115
5/10/2023;A;19:00:00;33786
5/10/2023;B;19:00:00;4230
5/11/2023;A;19:00:00;32735
5/11/2023;B;19:00:00;4404
5/12/2023;A;19:00:00;36842
5/12/2023;B;19:00:00;4473
13/05/2023;A;19:00:00;23795
13/05/2023;B;19:00:00;3102
14/05/2023;A;19:00:00;16370
14/05/2023;B;19:00:00;2399
15/05/2023;A;19:00:00;33804
15/05/2023;B;19:00:00;4166
16/05/2023;A;19:00:00;35781
16/05/2023;B;19:00:00;4638
17/05/2023;A;19:00:00;34540
17/05/2023;B;19:00:00;4442
18/05/2023;A;19:00:00;35603
18/05/2023;B;19:00:00;4687
19/05/2023;A;19:00:00;35061
19/05/2023;B;19:00:00;4761
20/05/2023;A;19:00:00;23451
20/05/2023;B;19:00:00;3270
21/05/2023;A;19:00:00;14079
21/05/2023;B;19:00:00;2088
22/05/2023;A;19:00:00;16615
22/05/2023;B;19:00:00;2712
23/05/2023;A;19:00:00;32354
23/05/2023;B;19:00:00;4350
24/05/2023;A;19:00:00;33097
24/05/2023;B;19:00:00;4137
25/05/2023;A;19:00:00;29866
25/05/2023;B;19:00:00;4369
26/05/2023;A;19:00:00;33459
26/05/2023;B;19:00:00;4368
27/05/2023;A;19:00:00;22012
27/05/2023;B;19:00:00;3363
28/05/2023;A;19:00:00;15597
28/05/2023;B;19:00:00;2685
29/05/2023;A;19:00:00;30581
29/05/2023;B;19:00:00;3669
30/05/2023;A;19:00:00;33823
30/05/2023;B;19:00:00;4161
31/05/2023;A;19:00:00;33873
31/05/2023;B;19:00:00;4037
6/01/2023;A;19:00:00;33851
6/01/2023;B;19:00:00;4206
6/02/2023;A;19:00:00;34949
6/02/2023;B;19:00:00;4326
6/03/2023;A;19:00:00;23476
6/03/2023;B;19:00:00;3135
6/04/2023;A;19:00:00;16859
6/04/2023;B;19:00:00;2684
6/05/2023;A;19:00:00;32235
6/05/2023;B;19:00:00;3704
6/06/2023;A;19:00:00;33629
6/06/2023;B;19:00:00;4067
6/07/2023;A;19:00:00;32735
6/07/2023;B;19:00:00;4033
6/08/2023;A;19:00:00;34528
6/08/2023;B;19:00:00;4353
6/09/2023;A;19:00:00;35667
6/09/2023;B;19:00:00;4554
6/10/2023;A;19:00:00;23383
6/10/2023;B;19:00:00;3184
6/11/2023;A;19:00:00;14864
6/11/2023;B;19:00:00;2513
6/12/2023;A;19:00:00;15603
6/12/2023;B;19:00:00;3911
13/06/2023;A;19:00:00;32303
13/06/2023;B;19:00:00;3839
14/06/2023;A;19:00:00;32574
14/06/2023;B;19:00:00;4041
15/06/2023;A;19:00:00;35364
15/06/2023;B;19:00:00;4141
16/06/2023;A;19:00:00;37870
16/06/2023;B;19:00:00;4421
17/06/2023;A;19:00:00;25233
17/06/2023;B;19:00:00;3373
18/06/2023;A;19:00:00;16007
18/06/2023;B;19:00:00;2707
19/06/2023;A;19:00:00;17198
19/06/2023;B;19:00:00;2449
20/06/2023;A;19:00:00;32430
20/06/2023;B;19:00:00;3983
21/06/2023;A;19:00:00;34343
21/06/2023;B;19:00:00;4069
22/06/2023;A;19:00:00;32681
22/06/2023;B;19:00:00;4001
23/06/2023;A;19:00:00;34973
23/06/2023;B;19:00:00;4390
24/06/2023;A;19:00:00;22902
24/06/2023;B;19:00:00;3109
25/06/2023;A;19:00:00;16519
25/06/2023;B;19:00:00;2439
26/06/2023;A;19:00:00;31364
26/06/2023;B;19:00:00;3885
27/06/2023;A;19:00:00;32057
27/06/2023;B;19:00:00;3968
28/06/2023;A;19:00:00;33178
28/06/2023;B;19:00:00;3984
29/06/2023;A;19:00:00;32968
29/06/2023;B;19:00:00;4011
30/06/2023;A;19:00:00;38178
30/06/2023;B;19:00:00;4553
7/01/2023;A;19:00:00;26238
7/01/2023;B;19:00:00;3517
7/02/2023;A;19:00:00;23958
7/02/2023;B;19:00:00;3284
7/03/2023;A;19:00:00;17784
7/03/2023;B;19:00:00;2794
7/04/2023;A;19:00:00;33184
7/04/2023;B;19:00:00;3867
7/05/2023;A;19:00:00;32710
7/05/2023;B;19:00:00;3868
7/06/2023;A;19:00:00;32582
7/06/2023;B;19:00:00;3939
7/07/2023;A;19:00:00;36321
7/07/2023;B;19:00:00;4442
7/08/2023;A;19:00:00;24504
7/08/2023;B;19:00:00;3396
7/09/2023;A;19:00:00;17491
7/09/2023;B;19:00:00;3477
7/10/2023;A;19:00:00;31066
7/10/2023;B;19:00:00;3773
7/11/2023;A;19:00:00;32850
7/11/2023;B;19:00:00;3770
7/12/2023;A;19:00:00;34071
7/12/2023;B;19:00:00;4869
13/07/2023;A;19:00:00;33564
13/07/2023;B;19:00:00;3957
14/07/2023;A;19:00:00;35361
14/07/2023;B;19:00:00;4156
15/07/2023;A;19:00:00;26569
15/07/2023;B;19:00:00;3808
16/07/2023;A;19:00:00;18789
16/07/2023;B;19:00:00;2995
17/07/2023;A;19:00:00;31361
17/07/2023;B;19:00:00;3471
18/07/2023;A;19:00:00;33339
18/07/2023;B;19:00:00;4007
19/07/2023;A;19:00:00;36845
19/07/2023;B;19:00:00;4321
20/07/2023;A;19:00:00;17523
20/07/2023;B;19:00:00;2997
21/07/2023;A;19:00:00;31332
21/07/2023;B;19:00:00;4053
22/07/2023;A;19:00:00;23888
22/07/2023;B;19:00:00;3419
23/07/2023;A;19:00:00;17175
23/07/2023;B;19:00:00;2744
24/07/2023;A;19:00:00;31690
24/07/2023;B;19:00:00;3656
25/07/2023;A;19:00:00;32027
25/07/2023;B;19:00:00;3985
26/07/2023;A;19:00:00;32956
26/07/2023;B;19:00:00;4051
27/07/2023;A;19:00:00;33604
27/07/2023;B;19:00:00;4247
28/07/2023;A;19:00:00;38254
28/07/2023;B;19:00:00;4911
29/07/2023;A;19:00:00;26482
29/07/2023;B;19:00:00;3787
30/07/2023;A;19:00:00;18334
30/07/2023;B;19:00:00;2771
31/07/2023;A;19:00:00;32959
31/07/2023;B;19:00:00;3899
8/01/2023;A;19:00:00;33776
8/01/2023;B;19:00:00;4280
8/02/2023;A;19:00:00;35925
8/02/2023;B;19:00:00;4793
8/03/2023;A;19:00:00;35695
8/03/2023;B;19:00:00;4640
8/04/2023;A;19:00:00;36843
8/04/2023;B;19:00:00;4915
8/05/2023;A;19:00:00;28092
8/05/2023;B;19:00:00;3932
8/06/2023;A;19:00:00;18788
8/06/2023;B;19:00:00;3596
8/07/2023;A;19:00:00;22400
8/07/2023;B;19:00:00;3281
8/08/2023;A;19:00:00;35626
8/08/2023;B;19:00:00;4597
8/09/2023;A;19:00:00;35418
8/09/2023;B;19:00:00;4426
8/10/2023;A;19:00:00;35272
8/10/2023;B;19:00:00;4445
8/11/2023;A;19:00:00;35595
8/11/2023;B;19:00:00;4502
8/12/2023;A;19:00:00;23866
8/12/2023;B;19:00:00;3215
13/08/2023;A;19:00:00;16741
13/08/2023;B;19:00:00;2350
14/08/2023;A;19:00:00;32194
14/08/2023;B;19:00:00;4051
15/08/2023;A;19:00:00;35568
15/08/2023;B;19:00:00;4423
16/08/2023;A;19:00:00;34110
16/08/2023;B;19:00:00;4279
17/08/2023;A;19:00:00;36556
17/08/2023;B;19:00:00;4686
18/08/2023;A;19:00:00;36396
18/08/2023;B;19:00:00;4500
19/08/2023;A;19:00:00;25249
19/08/2023;B;19:00:00;3502
20/08/2023;A;19:00:00;14973
20/08/2023;B;19:00:00;2374
21/08/2023;A;19:00:00;16081
21/08/2023;B;19:00:00;2034
22/08/2023;A;19:00:00;32871
22/08/2023;B;19:00:00;4098
23/08/2023;A;19:00:00;33857
23/08/2023;B;19:00:00;4295
24/08/2023;A;19:00:00;34622
24/08/2023;B;19:00:00;4484
25/08/2023;A;19:00:00;36342
25/08/2023;B;19:00:00;4641
26/08/2023;A;19:00:00;23944
26/08/2023;B;19:00:00;3446
27/08/2023;A;19:00:00;16189
27/08/2023;B;19:00:00;2423
28/08/2023;A;19:00:00;526
28/08/2023;B;19:00:00;
29/08/2023;A;19:00:00;32599
29/08/2023;B;19:00:00;4521
30/08/2023;A;19:00:00;32860
30/08/2023;B;19:00:00;4150
31/08/2023;A;19:00:00;35015
31/08/2023;B;19:00:00;4569
9/01/2023;A;19:00:00;35905
9/01/2023;B;19:00:00;4581
9/02/2023;A;19:00:00;24592
9/02/2023;B;19:00:00;3324
9/03/2023;A;19:00:00;17000
9/03/2023;B;19:00:00;2965
9/04/2023;A;19:00:00;31621
9/04/2023;B;19:00:00;3885
9/05/2023;A;19:00:00;33679
9/05/2023;B;19:00:00;4464
9/06/2023;A;19:00:00;33317
9/06/2023;B;19:00:00;4357
9/07/2023;A;19:00:00;30033
9/07/2023;B;19:00:00;3864
9/08/2023;A;19:00:00;34786
9/08/2023;B;19:00:00;4292
9/09/2023;A;19:00:00;25075
9/09/2023;B;19:00:00;3148
9/10/2023;A;19:00:00;17143
9/10/2023;B;19:00:00;2391
9/11/2023;A;19:00:00;31237
9/11/2023;B;19:00:00;4035
9/12/2023;A;19:00:00;36864
9/12/2023;B;19:00:00;4167
13/09/2023;A;19:00:00;34155
13/09/2023;B;19:00:00;4387
14/09/2023;A;19:00:00;33240
14/09/2023;B;19:00:00;4209
15/09/2023;A;19:00:00;37170
15/09/2023;B;19:00:00;4626
16/09/2023;A;19:00:00;28238
16/09/2023;B;19:00:00;3216
17/09/2023;A;19:00:00;17705
17/09/2023;B;19:00:00;2481
18/09/2023;A;19:00:00;31831
18/09/2023;B;19:00:00;3876
19/09/2023;A;19:00:00;32595
19/09/2023;B;19:00:00;4124
20/09/2023;A;19:00:00;33783
20/09/2023;B;19:00:00;4342
21/09/2023;A;19:00:00;33110
21/09/2023;B;19:00:00;4282
22/09/2023;A;19:00:00;23737
22/09/2023;B;19:00:00;1470
23/09/2023;A;19:00:00;23808
23/09/2023;B;19:00:00;3061
24/09/2023;A;19:00:00;15760
24/09/2023;B;19:00:00;2312
25/09/2023;A;19:00:00;30947
25/09/2023;B;19:00:00;3829
26/09/2023;A;19:00:00;33108
26/09/2023;B;19:00:00;4261
27/09/2023;A;19:00:00;35883
27/09/2023;B;19:00:00;5447
28/09/2023;A;19:00:00;38196
28/09/2023;B;19:00:00;6320
29/09/2023;A;19:00:00;35424
29/09/2023;B;19:00:00;4531
30/09/2023;A;19:00:00;25024
30/09/2023;B;19:00:00;3136
10/01/2023;A;19:00:00;16848
10/01/2023;B;19:00:00;2365
10/02/2023;A;19:00:00;31824
10/02/2023;B;19:00:00;3784
10/03/2023;A;19:00:00;31555
10/03/2023;B;19:00:00;4098
10/04/2023;A;19:00:00;32672
10/04/2023;B;19:00:00;4123
10/05/2023;A;19:00:00;34948
10/05/2023;B;19:00:00;4553
10/06/2023;A;19:00:00;33676
10/06/2023;B;19:00:00;4173
10/07/2023;A;19:00:00;23033
10/07/2023;B;19:00:00;3056
10/08/2023;A;19:00:00;15521
10/08/2023;B;19:00:00;2298
10/09/2023;A;19:00:00;30760
10/09/2023;B;19:00:00;3983
10/10/2023;A;19:00:00;32191
10/10/2023;B;19:00:00;4382
10/11/2023;A;19:00:00;32513
10/11/2023;B;19:00:00;4241
10/12/2023;A;19:00:00;32045
10/12/2023;B;19:00:00;4351
13/10/2023;A;19:00:00;34282
13/10/2023;B;19:00:00;4328
14/10/2023;A;19:00:00;22576
14/10/2023;B;19:00:00;3226
15/10/2023;A;19:00:00;15754
15/10/2023;B;19:00:00;2476
16/10/2023;A;19:00:00;15740
16/10/2023;B;19:00:00;2052
17/10/2023;A;19:00:00;30411
17/10/2023;B;19:00:00;3840
18/10/2023;A;19:00:00;33909
18/10/2023;B;19:00:00;4254
19/10/2023;A;19:00:00;33349
19/10/2023;B;19:00:00;4217
20/10/2023;A;19:00:00;37055
20/10/2023;B;19:00:00;4718
21/10/2023;A;19:00:00;23174
21/10/2023;B;19:00:00;3126
22/10/2023;A;19:00:00;14871
22/10/2023;B;19:00:00;2526
23/10/2023;A;19:00:00;31233
23/10/2023;B;19:00:00;3898
24/10/2023;A;19:00:00;33416
24/10/2023;B;19:00:00;4324
25/10/2023;A;19:00:00;32147
25/10/2023;B;19:00:00;4214
26/10/2023;A;19:00:00;37523
26/10/2023;B;19:00:00;5069
27/10/2023;A;19:00:00;35338
27/10/2023;B;19:00:00;4657
28/10/2023;A;19:00:00;22556
28/10/2023;B;19:00:00;2772
29/10/2023;A;19:00:00;14357
29/10/2023;B;19:00:00;2249
30/10/2023;A;19:00:00;33063
30/10/2023;B;19:00:00;3970
31/10/2023;A;19:00:00;30487
31/10/2023;B;19:00:00;3405
11/01/2023;A;19:00:00;33445
11/01/2023;B;19:00:00;4177
11/02/2023;A;19:00:00;33657
11/02/2023;B;19:00:00;4385
11/03/2023;A;19:00:00;35924
11/03/2023;B;19:00:00;4647
11/04/2023;A;19:00:00;25469
11/04/2023;B;19:00:00;4238
11/05/2023;A;19:00:00;15883
11/05/2023;B;19:00:00;2937
11/06/2023;A;19:00:00;15538
11/06/2023;B;19:00:00;2428
11/07/2023;A;19:00:00;35657
11/07/2023;B;19:00:00;4548
11/08/2023;A;19:00:00;34124
11/08/2023;B;19:00:00;4368
11/09/2023;A;19:00:00;34927
11/09/2023;B;19:00:00;4371
11/10/2023;A;19:00:00;35849
11/10/2023;B;19:00:00;4498
11/11/2023;A;19:00:00;22308
11/11/2023;B;19:00:00;2986
11/12/2023;A;19:00:00;14002
11/12/2023;B;19:00:00;4450
13/11/2023;A;19:00:00;15811
13/11/2023;B;19:00:00;2139
14/11/2023;A;19:00:00;32006
14/11/2023;B;19:00:00;3930
15/11/2023;A;19:00:00;37368
15/11/2023;B;19:00:00;4450
16/11/2023;A;19:00:00;33917
16/11/2023;B;19:00:00;4001
17/11/2023;A;19:00:00;35781
17/11/2023;B;19:00:00;4335
18/11/2023;A;19:00:00;27086
18/11/2023;B;19:00:00;3653
19/11/2023;A;19:00:00;15157
19/11/2023;B;19:00:00;2372
20/11/2023;A;19:00:00;32976
20/11/2023;B;19:00:00;3975
21/11/2023;A;19:00:00;32933
21/11/2023;B;19:00:00;4032
22/11/2023;A;19:00:00;34286
22/11/2023;B;19:00:00;4006
23/11/2023;A;19:00:00;35238
23/11/2023;B;19:00:00;4359
24/11/2023;A;19:00:00;37045
24/11/2023;B;19:00:00;5021
25/11/2023;A;19:00:00;26838
25/11/2023;B;19:00:00;3294
26/11/2023;A;19:00:00;17270
26/11/2023;B;19:00:00;2448
27/11/2023;A;19:00:00;34966
27/11/2023;B;19:00:00;3991
28/11/2023;A;19:00:00;34676
28/11/2023;B;19:00:00;4226
29/11/2023;A;19:00:00;35944
29/11/2023;B;19:00:00;4186
30/11/2023;A;19:00:00;40709
30/11/2023;B;19:00:00;4548
12/01/2023;A;19:00:00;40667
12/01/2023;B;19:00:00;5099
12/02/2023;A;19:00:00;32610
12/02/2023;B;19:00:00;4366
12/03/2023;A;19:00:00;20846
12/03/2023;B;19:00:00;3238
12/04/2023;A;19:00:00;38029
12/04/2023;B;19:00:00;4089
12/05/2023;A;19:00:00;39005
12/05/2023;B;19:00:00;4341
12/06/2023;A;19:00:00;41376
12/06/2023;B;19:00:00;4691
12/07/2023;A;19:00:00;41420
12/07/2023;B;19:00:00;4813
12/08/2023;A;19:00:00;22958
12/08/2023;B;19:00:00;3500
12/09/2023;A;19:00:00;32696
12/09/2023;B;19:00:00;4432
12/10/2023;A;19:00:00;20368
12/10/2023;B;19:00:00;2890
12/11/2023;A;19:00:00;38091
12/11/2023;B;19:00:00;4222
12/12/2023;A;19:00:00;40533
12/12/2023;B;19:00:00;4494
13/12/2023;A;19:00:00;39200
13/12/2023;B;19:00:00;4500
14/12/2023;A;19:00:00;79206
14/12/2023;B;19:00:00;8442
15/12/2023;A;19:00:00;43219
15/12/2023;B;19:00:00;4955
16/12/2023;A;19:00:00;33737
16/12/2023;B;19:00:00;3517
17/12/2023;A;19:00:00;25350
17/12/2023;B;19:00:00;3224
18/12/2023;A;19:00:00;40393
18/12/2023;B;19:00:00;4298
19/12/2023;A;19:00:00;39840
19/12/2023;B;19:00:00;4283
20/12/2023;A;19:00:00;41923
20/12/2023;B;19:00:00;4465
21/12/2023;A;19:00:00;42403
21/12/2023;B;19:00:00;4595
22/12/2023;A;19:00:00;42792
22/12/2023;B;19:00:00;4686
23/12/2023;A;19:00:00;29997
23/12/2023;B;19:00:00;3309
24/12/2023;A;19:00:00;20958
24/12/2023;B;19:00:00;2828
25/12/2023;A;19:00:00;16871
25/12/2023;B;19:00:00;1991
26/12/2023;A;19:00:00;32992
26/12/2023;B;19:00:00;3526
27/12/2023;A;19:00:00;34803
27/12/2023;B;19:00:00;4014
28/12/2023;A;19:00:00;36475
28/12/2023;B;19:00:00;4328
29/12/2023;A;19:00:00;36945
29/12/2023;B;19:00:00;4222
30/12/2023;A;19:00:00;26945
30/12/2023;B;19:00:00;3445
31/12/2023;A;19:00:00;16130
31/12/2023;B;19:00:00;2381
1/01/2024;A;19:00:00;14537
1/01/2024;B;19:00:00;2043
2/01/2024;A;19:00:00;24275
2/01/2024;B;19:00:00;3227
3/01/2024;A;19:00:00;26257
3/01/2024;B;19:00:00;3502
4/01/2024;A;19:00:00;27432
4/01/2024;B;19:00:00;3802
5/01/2024;A;19:00:00;29874
5/01/2024;B;19:00:00;3892
6/01/2024;A;19:00:00;25277
6/01/2024;B;19:00:00;3907
7/01/2024;A;19:00:00;18814
7/01/2024;B;19:00:00;3393
8/01/2024;A;19:00:00;17210
8/01/2024;B;19:00:00;2901
9/01/2024;A;19:00:00;27529
9/01/2024;B;19:00:00;3389
10/01/2024;A;19:00:00;27145
10/01/2024;B;19:00:00;3575
11/01/2024;A;19:00:00;27899
11/01/2024;B;19:00:00;3668
12/01/2024;A;19:00:00;28212
12/01/2024;B;19:00:00;3464
13/01/2024;A;19:00:00;22648
13/01/2024;B;19:00:00;3449
14/01/2024;A;19:00:00;15786
14/01/2024;B;19:00:00;2858
15/01/2024;A;19:00:00;30965
15/01/2024;B;19:00:00;3678
16/01/2024;A;19:00:00;31018
16/01/2024;B;19:00:00;3599
17/01/2024;A;19:00:00;30865
17/01/2024;B;19:00:00;3647
18/01/2024;A;19:00:00;30891
18/01/2024;B;19:00:00;3658
19/01/2024;A;19:00:00;32997
19/01/2024;B;19:00:00;3941
20/01/2024;A;19:00:00;22529
20/01/2024;B;19:00:00;3251
21/01/2024;A;19:00:00;16424
21/01/2024;B;19:00:00;2458
22/01/2024;A;19:00:00;29825
22/01/2024;B;19:00:00;3646
23/01/2024;A;19:00:00;30802
23/01/2024;B;19:00:00;3632
24/01/2024;A;19:00:00;30752
24/01/2024;B;19:00:00;3752
25/01/2024;A;19:00:00;30165
25/01/2024;B;19:00:00;3730
26/01/2024;A;19:00:00;30936
26/01/2024;B;19:00:00;4076
27/01/2024;A;19:00:00;22467
27/01/2024;B;19:00:00;2772
28/01/2024;A;19:00:00;15544
28/01/2024;B;19:00:00;2441
29/01/2024;A;19:00:00;28873
29/01/2024;B;19:00:00;3628
30/01/2024;A;19:00:00;32284
30/01/2024;B;19:00:00;3949
31/01/2024;A;19:00:00;32359
31/01/2024;B;19:00:00;4013
1/02/2024;A;19:00:00;30626
1/02/2024;B;19:00:00;3841
2/02/2024;A;19:00:00;32697
2/02/2024;B;19:00:00;4146
3/02/2024;A;19:00:00;23926
3/02/2024;B;19:00:00;3354
4/02/2024;A;19:00:00;16467
4/02/2024;B;19:00:00;2585
5/02/2024;A;19:00:00;32081
5/02/2024;B;19:00:00;4210
6/02/2024;A;19:00:00;32377
6/02/2024;B;19:00:00;4168
7/02/2024;A;19:00:00;32069
7/02/2024;B;19:00:00;4292
8/02/2024;A;19:00:00;33236
8/02/2024;B;19:00:00;4267
9/02/2024;A;19:00:00;33700
9/02/2024;B;19:00:00;4512
10/02/2024;A;19:00:00;23696
10/02/2024;B;19:00:00;3264
11/02/2024;A;19:00:00;15931
11/02/2024;B;19:00:00;2565
12/02/2024;A;19:00:00;29746
12/02/2024;B;19:00:00;3877
13/02/2024;A;19:00:00;32163
13/02/2024;B;19:00:00;4048
14/02/2024;A;19:00:00;33529
14/02/2024;B;19:00:00;4309
15/02/2024;A;19:00:00;34824
15/02/2024;B;19:00:00;4623
16/02/2024;A;19:00:00;35230
16/02/2024;B;19:00:00;4539
17/02/2024;A;19:00:00;23856
17/02/2024;B;19:00:00;3360
18/02/2024;A;19:00:00;17531
18/02/2024;B;19:00:00;2638
19/02/2024;A;19:00:00;31148
19/02/2024;B;19:00:00;4162
20/02/2024;A;19:00:00;32589
20/02/2024;B;19:00:00;4213
21/02/2024;A;19:00:00;32427
21/02/2024;B;19:00:00;4159
22/02/2024;A;19:00:00;32363
22/02/2024;B;19:00:00;4197
23/02/2024;A;19:00:00;33257
23/02/2024;B;19:00:00;4346
24/02/2024;A;19:00:00;22687
24/02/2024;B;19:00:00;3178
25/02/2024;A;19:00:00;15663
25/02/2024;B;19:00:00;2483
26/02/2024;A;19:00:00;33241
26/02/2024;B;19:00:00;4205
27/02/2024;A;19:00:00;31635
27/02/2024;B;19:00:00;4203
28/02/2024;A;19:00:00;32855
28/02/2024;B;19:00:00;4256
29/02/2024;A;19:00:00;35759
29/02/2024;B;19:00:00;4557
1/03/2024;A;19:00:00;34976
1/03/2024;B;19:00:00;4468
2/03/2024;A;19:00:00;23850
2/03/2024;B;19:00:00;3242
3/03/2024;A;19:00:00;17136
3/03/2024;B;19:00:00;2343
4/03/2024;A;19:00:00;30906
4/03/2024;B;19:00:00;3919
5/03/2024;A;19:00:00;32513
5/03/2024;B;19:00:00;4183
6/03/2024;A;19:00:00;32761
6/03/2024;B;19:00:00;4174
7/03/2024;A;19:00:00;33437
7/03/2024;B;19:00:00;4342
8/03/2024;A;19:00:00;35246
8/03/2024;B;19:00:00;4644
9/03/2024;A;19:00:00;22798
9/03/2024;B;19:00:00;3178
10/03/2024;A;19:00:00;16043
10/03/2024;B;19:00:00;2807
11/03/2024;A;19:00:00;30251
11/03/2024;B;19:00:00;3824
12/03/2024;A;19:00:00;32708
12/03/2024;B;19:00:00;4283
13/03/2024;A;19:00:00;31543
13/03/2024;B;19:00:00;4068
14/03/2024;A;19:00:00;32935
14/03/2024;B;19:00:00;4435
15/03/2024;A;19:00:00;35789
15/03/2024;B;19:00:00;4729
16/03/2024;A;19:00:00;24119
16/03/2024;B;19:00:00;3180
17/03/2024;A;19:00:00;16690
17/03/2024;B;19:00:00;2592
18/03/2024;A;19:00:00;31634
18/03/2024;B;19:00:00;3965
19/03/2024;A;19:00:00;32504
19/03/2024;B;19:00:00;4134
20/03/2024;A;19:00:00;33540
20/03/2024;B;19:00:00;4130
21/03/2024;A;19:00:00;34896
21/03/2024;B;19:00:00;4360
22/03/2024;A;19:00:00;34316
22/03/2024;B;19:00:00;4380
23/03/2024;A;19:00:00;22050
23/03/2024;B;19:00:00;3062
24/03/2024;A;19:00:00;12714
24/03/2024;B;19:00:00;2236
25/03/2024;A;19:00:00;13401
25/03/2024;B;19:00:00;2113
26/03/2024;A;19:00:00;25142
26/03/2024;B;19:00:00;3195
27/03/2024;A;19:00:00;26740
27/03/2024;B;19:00:00;3380
28/03/2024;A;19:00:00;11774
28/03/2024;B;19:00:00;2275
29/03/2024;A;19:00:00;11294
29/03/2024;B;19:00:00;2165
30/03/2024;A;19:00:00;17777
30/03/2024;B;19:00:00;2564
31/03/2024;A;19:00:00;14157
31/03/2024;B;19:00:00;1900
1/04/2024;A;19:00:00;30395
1/04/2024;B;19:00:00;3592
2/04/2024;A;19:00:00;32119
2/04/2024;B;19:00:00;4023
3/04/2024;A;19:00:00;30916
3/04/2024;B;19:00:00;3872
4/04/2024;A;19:00:00;33631
4/04/2024;B;19:00:00;4058
5/04/2024;A;19:00:00;34421
5/04/2024;B;19:00:00;4483
6/04/2024;A;19:00:00;22755
6/04/2024;B;19:00:00;3069
7/04/2024;A;19:00:00;15063
7/04/2024;B;19:00:00;2458
8/04/2024;A;19:00:00;29726
8/04/2024;B;19:00:00;3788
9/04/2024;A;19:00:00;31504
9/04/2024;B;19:00:00;3958
10/04/2024;A;19:00:00;33163
10/04/2024;B;19:00:00;4193
11/04/2024;A;19:00:00;31295
11/04/2024;B;19:00:00;4244
12/04/2024;A;19:00:00;33220
12/04/2024;B;19:00:00;4191
13/04/2024;A;19:00:00;21928
13/04/2024;B;19:00:00;3030
14/04/2024;A;19:00:00;14757
14/04/2024;B;19:00:00;2919
15/04/2024;A;19:00:00;30748
15/04/2024;B;19:00:00;3755
16/04/2024;A;19:00:00;32132
16/04/2024;B;19:00:00;4102
17/04/2024;A;19:00:00;32335
17/04/2024;B;19:00:00;4057
18/04/2024;A;19:00:00;34692
18/04/2024;B;19:00:00;4351
19/04/2024;A;19:00:00;31341
19/04/2024;B;19:00:00;3959
20/04/2024;A;19:00:00;22135
20/04/2024;B;19:00:00;2956
21/04/2024;A;19:00:00;15372
21/04/2024;B;19:00:00;2596
22/04/2024;A;19:00:00;29345
22/04/2024;B;19:00:00;3664
23/04/2024;A;19:00:00;30646
23/04/2024;B;19:00:00;3873
24/04/2024;A;19:00:00;31047
24/04/2024;B;19:00:00;4075
25/04/2024;A;19:00:00;31848
25/04/2024;B;19:00:00;4059
26/04/2024;A;19:00:00;31659
26/04/2024;B;19:00:00;4125
27/04/2024;A;19:00:00;21742
27/04/2024;B;19:00:00;3202
28/04/2024;A;19:00:00;14959
28/04/2024;B;19:00:00;2313
29/04/2024;A;19:00:00;30889
29/04/2024;B;19:00:00;3775
30/04/2024;A;19:00:00;36333
30/04/2024;B;19:00:00;4259
1/05/2024;A;19:00:00;15105
1/05/2024;B;19:00:00;2399
2/05/2024;A;19:00:00;32679
2/05/2024;B;19:00:00;4312
3/05/2024;A;19:00:00;34030
3/05/2024;B;19:00:00;4378
4/05/2024;A;19:00:00;25016
4/05/2024;B;19:00:00;3537
5/05/2024;A;19:00:00;15785
5/05/2024;B;19:00:00;2645
6/05/2024;A;19:00:00;31781
6/05/2024;B;19:00:00;3880
7/05/2024;A;19:00:00;33016
7/05/2024;B;19:00:00;4247
8/05/2024;A;19:00:00;33145
8/05/2024;B;19:00:00;4066
9/05/2024;A;19:00:00;34126
9/05/2024;B;19:00:00;4154
10/05/2024;A;19:00:00;34220
10/05/2024;B;19:00:00;4126
11/05/2024;A;19:00:00;23457
11/05/2024;B;19:00:00;3083
12/05/2024;A;19:00:00;15043
12/05/2024;B;19:00:00;2633
13/05/2024;A;19:00:00;14528
13/05/2024;B;19:00:00;2230
14/05/2024;A;19:00:00;31810
14/05/2024;B;19:00:00;3826
15/05/2024;A;19:00:00;34418
15/05/2024;B;19:00:00;4341
16/05/2024;A;19:00:00;35861
16/05/2024;B;19:00:00;4590
17/05/2024;A;19:00:00;34124
17/05/2024;B;19:00:00;4442
18/05/2024;A;19:00:00;24060
18/05/2024;B;19:00:00;3207
19/05/2024;A;19:00:00;15876
19/05/2024;B;19:00:00;2515
20/05/2024;A;19:00:00;30952
20/05/2024;B;19:00:00;3744
21/05/2024;A;19:00:00;34206
21/05/2024;B;19:00:00;4869
22/05/2024;A;19:00:00;30111
22/05/2024;B;19:00:00;3774
23/05/2024;A;19:00:00;35839
23/05/2024;B;19:00:00;4446
24/05/2024;A;19:00:00;33065
24/05/2024;B;19:00:00;4297
25/05/2024;A;19:00:00;21503
25/05/2024;B;19:00:00;2914
26/05/2024;A;19:00:00;15042
26/05/2024;B;19:00:00;2338
27/05/2024;A;19:00:00;28257
27/05/2024;B;19:00:00;3544
28/05/2024;A;19:00:00;31384
28/05/2024;B;19:00:00;3708
29/05/2024;A;19:00:00;30066
29/05/2024;B;19:00:00;3900
30/05/2024;A;19:00:00;36410
30/05/2024;B;19:00:00;4717
31/05/2024;A;19:00:00;36131
31/05/2024;B;19:00:00;4438
1/06/2024;A;19:00:00;24284
1/06/2024;B;19:00:00;3045
2/06/2024;A;19:00:00;14258
2/06/2024;B;19:00:00;2217
3/06/2024;A;19:00:00;15041
3/06/2024;B;19:00:00;2159
4/06/2024;A;19:00:00;32327
4/06/2024;B;19:00:00;3791
5/06/2024;A;19:00:00;33219
5/06/2024;B;19:00:00;4023
6/06/2024;A;19:00:00;32570
6/06/2024;B;19:00:00;3929
7/06/2024;A;19:00:00;35057
7/06/2024;B;19:00:00;4169
8/06/2024;A;19:00:00;22066
8/06/2024;B;19:00:00;3007
9/06/2024;A;19:00:00;13763
9/06/2024;B;19:00:00;2191
10/06/2024;A;19:00:00;14749
10/06/2024;B;19:00:00;2088
11/06/2024;A;19:00:00;31541
11/06/2024;B;19:00:00;3687
12/06/2024;A;19:00:00;32423
12/06/2024;B;19:00:00;3901
13/06/2024;A;19:00:00;31896
13/06/2024;B;19:00:00;3792
14/06/2024;A;19:00:00;34107
14/06/2024;B;19:00:00;3944
15/06/2024;A;19:00:00;25903
15/06/2024;B;19:00:00;3120
16/06/2024;A;19:00:00;17857
16/06/2024;B;19:00:00;2920
17/06/2024;A;19:00:00;30015
17/06/2024;B;19:00:00;3697
18/06/2024;A;19:00:00;31533
18/06/2024;B;19:00:00;3589
19/06/2024;A;19:00:00;31436
19/06/2024;B;19:00:00;3807
20/06/2024;A;19:00:00;31882
20/06/2024;B;19:00:00;4045
21/06/2024;A;19:00:00;32467
21/06/2024;B;19:00:00;4178
22/06/2024;A;19:00:00;24230
22/06/2024;B;19:00:00;3347
23/06/2024;A;19:00:00;16874
23/06/2024;B;19:00:00;2515
24/06/2024;A;19:00:00;32019
24/06/2024;B;19:00:00;4011
25/06/2024;A;19:00:00;31242
25/06/2024;B;19:00:00;4917
26/06/2024;A;19:00:00;30928
26/06/2024;B;19:00:00;3695
27/06/2024;A;19:00:00;30814
27/06/2024;B;19:00:00;3627
28/06/2024;A;19:00:00;35527
28/06/2024;B;19:00:00;4303
29/06/2024;A;19:00:00;24755
29/06/2024;B;19:00:00;3177
30/06/2024;A;19:00:00;17869
30/06/2024;B;19:00:00;5773
1/07/2024;A;19:00:00;16340
1/07/2024;B;19:00:00;2199
2/07/2024;A;19:00:00;30714
2/07/2024;B;19:00:00;3612
3/07/2024;A;19:00:00;31623
3/07/2024;B;19:00:00;3868
4/07/2024;A;19:00:00;30583
4/07/2024;B;19:00:00;3977
5/07/2024;A;19:00:00;33685
5/07/2024;B;19:00:00;4139
6/07/2024;A;19:00:00;23728
6/07/2024;B;19:00:00;3652
7/07/2024;A;19:00:00;17006
7/07/2024;B;19:00:00;2387
8/07/2024;A;19:00:00;30264
8/07/2024;B;19:00:00;3595
9/07/2024;A;19:00:00;29908
9/07/2024;B;19:00:00;3629
10/07/2024;A;19:00:00;21176
10/07/2024;B;19:00:00;2529
11/07/2024;A;19:00:00;30273
11/07/2024;B;19:00:00;3777
12/07/2024;A;19:00:00;32280
12/07/2024;B;19:00:00;3915
13/07/2024;A;19:00:00;23164
13/07/2024;B;19:00:00;2808
14/07/2024;A;19:00:00;10127
14/07/2024;B;19:00:00;1275
15/07/2024;A;19:00:00;27696
15/07/2024;B;19:00:00;3393
16/07/2024;A;19:00:00;31573
16/07/2024;B;19:00:00;3941
17/07/2024;A;19:00:00;30680
17/07/2024;B;19:00:00;3651
18/07/2024;A;19:00:00;32241
18/07/2024;B;19:00:00;3973
19/07/2024;A;19:00:00;34385
19/07/2024;B;19:00:00;4273
20/07/2024;A;19:00:00;18946
20/07/2024;B;19:00:00;2860
21/07/2024;A;19:00:00;16798
21/07/2024;B;19:00:00;2686
22/07/2024;A;19:00:00;29148
22/07/2024;B;19:00:00;3743
23/07/2024;A;19:00:00;30516
23/07/2024;B;19:00:00;3776
24/07/2024;A;19:00:00;31062
24/07/2024;B;19:00:00;4056
25/07/2024;A;19:00:00;30947
25/07/2024;B;19:00:00;3930
26/07/2024;A;19:00:00;32625
26/07/2024;B;19:00:00;4109
27/07/2024;A;19:00:00;22922
27/07/2024;B;19:00:00;3079
28/07/2024;A;19:00:00;15742
28/07/2024;B;19:00:00;2587
29/07/2024;A;19:00:00;29024
29/07/2024;B;19:00:00;3637
30/07/2024;A;19:00:00;32345
30/07/2024;B;19:00:00;4044
31/07/2024;A;19:00:00;34046
31/07/2024;B;19:00:00;4351
1/08/2024;A;19:00:00;32080
1/08/2024;B;19:00:00;4348
2/08/2024;A;19:00:00;34591
2/08/2024;B;19:00:00;4930
3/08/2024;A;19:00:00;25141
3/08/2024;B;19:00:00;3387
4/08/2024;A;19:00:00;17724
4/08/2024;B;19:00:00;2684
5/08/2024;A;19:00:00;30933
5/08/2024;B;19:00:00;4588
6/08/2024;A;19:00:00;36911
6/08/2024;B;19:00:00;4759
7/08/2024;A;19:00:00;18467
7/08/2024;B;19:00:00;2920
8/08/2024;A;19:00:00;34745
8/08/2024;B;19:00:00;4577
9/08/2024;A;19:00:00;36025
9/08/2024;B;19:00:00;4956
10/08/2024;A;19:00:00;23541
10/08/2024;B;19:00:00;3915
11/08/2024;A;19:00:00;16945
11/08/2024;B;19:00:00;3056
12/08/2024;A;19:00:00;31430
12/08/2024;B;19:00:00;5136
13/08/2024;A;19:00:00;32609
13/08/2024;B;19:00:00;4236
14/08/2024;A;19:00:00;33732
14/08/2024;B;19:00:00;4275
15/08/2024;A;19:00:00;35151
15/08/2024;B;19:00:00;4739
16/08/2024;A;19:00:00;36376
16/08/2024;B;19:00:00;4721
17/08/2024;A;19:00:00;24000
17/08/2024;B;19:00:00;3196
18/08/2024;A;19:00:00;16358
18/08/2024;B;19:00:00;2668
19/08/2024;A;19:00:00;16346
19/08/2024;B;19:00:00;2303
20/08/2024;A;19:00:00;32776
20/08/2024;B;19:00:00;4198
21/08/2024;A;19:00:00;33057
21/08/2024;B;19:00:00;4362
22/08/2024;A;19:00:00;32877
22/08/2024;B;19:00:00;4335
23/08/2024;A;19:00:00;33931
23/08/2024;B;19:00:00;4312
24/08/2024;A;19:00:00;22708
24/08/2024;B;19:00:00;3041
25/08/2024;A;19:00:00;15380
25/08/2024;B;19:00:00;2525
26/08/2024;A;19:00:00;30332
26/08/2024;B;19:00:00;3703
27/08/2024;A;19:00:00;32961
27/08/2024;B;19:00:00;4045
28/08/2024;A;19:00:00;31633
28/08/2024;B;19:00:00;3910
29/08/2024;A;19:00:00;31782
29/08/2024;B;19:00:00;4069
30/08/2024;A;19:00:00;37024
30/08/2024;B;19:00:00;4489
31/08/2024;A;19:00:00;25390
31/08/2024;B;19:00:00;3431
1/09/2024;A;19:00:00;16285
1/09/2024;B;19:00:00;2434
2/09/2024;A;19:00:00;31456
2/09/2024;B;19:00:00;4103
3/09/2024;A;19:00:00;32988
3/09/2024;B;19:00:00;4679
4/09/2024;A;19:00:00;30101
4/09/2024;B;19:00:00;4049
5/09/2024;A;19:00:00;29204
5/09/2024;B;19:00:00;4033
6/09/2024;A;19:00:00;31764
6/09/2024;B;19:00:00;8958
7/09/2024;A;19:00:00;23559
7/09/2024;B;19:00:00;3073
8/09/2024;A;19:00:00;17112
8/09/2024;B;19:00:00;2415
9/09/2024;A;19:00:00;31289
9/09/2024;B;19:00:00;3950
10/09/2024;A;19:00:00;31307
10/09/2024;B;19:00:00;3906
11/09/2024;A;19:00:00;33541
11/09/2024;B;19:00:00;4125
12/09/2024;A;19:00:00;33306
12/09/2024;B;19:00:00;4239
13/09/2024;A;19:00:00;35855
13/09/2024;B;19:00:00;4512
14/09/2024;A;19:00:00;23820
14/09/2024;B;19:00:00;2918
15/09/2024;A;19:00:00;19264
15/09/2024;B;19:00:00;2816
16/09/2024;A;19:00:00;30294
16/09/2024;B;19:00:00;3740
17/09/2024;A;19:00:00;32806
17/09/2024;B;19:00:00;4210
18/09/2024;A;19:00:00;32902
18/09/2024;B;19:00:00;4284
19/09/2024;A;19:00:00;32471
19/09/2024;B;19:00:00;4389
20/09/2024;A;19:00:00;33792
20/09/2024;B;19:00:00;4336
21/09/2024;A;19:00:00;23311
21/09/2024;B;19:00:00;3077
22/09/2024;A;19:00:00;15170
22/09/2024;B;19:00:00;2504
23/09/2024;A;19:00:00;30191
23/09/2024;B;19:00:00;3753
24/09/2024;A;19:00:00;31371
24/09/2024;B;19:00:00;3961
25/09/2024;A;19:00:00;31201
25/09/2024;B;19:00:00;3968
26/09/2024;A;19:00:00;31658
26/09/2024;B;19:00:00;4221
27/09/2024;A;19:00:00;33645
27/09/2024;B;19:00:00;4042
28/09/2024;A;19:00:00;22069
28/09/2024;B;19:00:00;2797
29/09/2024;A;19:00:00;15077
29/09/2024;B;19:00:00;2016
30/09/2024;A;19:00:00;31238
30/09/2024;B;19:00:00;3493
1/10/2024;A;19:00:00;32417
1/10/2024;B;19:00:00;4132
2/10/2024;A;19:00:00;31242
2/10/2024;B;19:00:00;3981
3/10/2024;A;19:00:00;34748
3/10/2024;B;19:00:00;4294
4/10/2024;A;19:00:00;32728
4/10/2024;B;19:00:00;3834
5/10/2024;A;19:00:00;23578
5/10/2024;B;19:00:00;2778
6/10/2024;A;19:00:00;15927
6/10/2024;B;19:00:00;2428
7/10/2024;A;19:00:00;31920
7/10/2024;B;19:00:00;3673
8/10/2024;A;19:00:00;29482
8/10/2024;B;19:00:00;3595
9/10/2024;A;19:00:00;31743
9/10/2024;B;19:00:00;4145
10/10/2024;A;19:00:00;30203
10/10/2024;B;19:00:00;4069
11/10/2024;A;19:00:00;33365
11/10/2024;B;19:00:00;4279
12/10/2024;A;19:00:00;22875
12/10/2024;B;19:00:00;3057
13/10/2024;A;19:00:00;14352
13/10/2024;B;19:00:00;2308
14/10/2024;A;19:00:00;14677
14/10/2024;B;19:00:00;2209
15/10/2024;A;19:00:00;31405
15/10/2024;B;19:00:00;3775
16/10/2024;A;19:00:00;32442
16/10/2024;B;19:00:00;3984
17/10/2024;A;19:00:00;32822
17/10/2024;B;19:00:00;4269
18/10/2024;A;19:00:00;34846
18/10/2024;B;19:00:00;4350
19/10/2024;A;19:00:00;23918
19/10/2024;B;19:00:00;3035
20/10/2024;A;19:00:00;15579
20/10/2024;B;19:00:00;2184
21/10/2024;A;19:00:00;21078
21/10/2024;B;19:00:00;3661
22/10/2024;A;19:00:00;30446
22/10/2024;B;19:00:00;3876
23/10/2024;A;19:00:00;30483
23/10/2024;B;19:00:00;3916
24/10/2024;A;19:00:00;33193
24/10/2024;B;19:00:00;4360
25/10/2024;A;19:00:00;34296
25/10/2024;B;19:00:00;4379
26/10/2024;A;19:00:00;22246
26/10/2024;B;19:00:00;2829
27/10/2024;A;19:00:00;15068
27/10/2024;B;19:00:00;2249
28/10/2024;A;19:00:00;30508
28/10/2024;B;19:00:00;3900
29/10/2024;A;19:00:00;31548
29/10/2024;B;19:00:00;4346
30/10/2024;A;19:00:00;33186
30/10/2024;B;19:00:00;4268
31/10/2024;A;19:00:00;30442
31/10/2024;B;19:00:00;4060
1/01/2019;A;20:00:00;14244
2/01/2019;A;20:00:00;22079
3/01/2019;A;20:00:00;22220
4/01/2019;A;20:00:00;23682
5/01/2019;A;20:00:00;21264
6/01/2019;A;20:00:00;19248
7/01/2019;A;20:00:00;18592
8/01/2019;A;20:00:00;18060
9/01/2019;A;20:00:00;18584
10/01/2019;A;20:00:00;19068
11/01/2019;A;20:00:00;20414
12/01/2019;A;20:00:00;18041
13/01/2019;A;20:00:00;17290
14/01/2019;A;20:00:00;18174
15/01/2019;A;20:00:00;21576
16/01/2019;A;20:00:00;21633
17/01/2019;A;20:00:00;21177
18/01/2019;A;20:00:00;22572
19/01/2019;A;20:00:00;19324
20/01/2019;A;20:00:00;18629
21/01/2019;A;20:00:00;20229
22/01/2019;A;20:00:00;21740
23/01/2019;A;20:00:00;21666
24/01/2019;A;20:00:00;21581
25/01/2019;A;20:00:00;23039
26/01/2019;A;20:00:00;18907
27/01/2019;A;20:00:00;17871
28/01/2019;A;20:00:00;19413
29/01/2019;A;20:00:00;21496
30/01/2019;A;20:00:00;22001
31/01/2019;A;20:00:00;22593
1/02/2019;A;20:00:00;23406
2/02/2019;A;20:00:00;19903
3/02/2019;A;20:00:00;19402
4/02/2019;A;20:00:00;21533
5/02/2019;A;20:00:00;22880
6/02/2019;A;20:00:00;22543
7/02/2019;A;20:00:00;22688
8/02/2019;A;20:00:00;23191
9/02/2019;A;20:00:00;18461
10/02/2019;A;20:00:00;17912
11/02/2019;A;20:00:00;21652
12/02/2019;A;20:00:00;22956
13/02/2019;A;20:00:00;23280
14/02/2019;A;20:00:00;24231
15/02/2019;A;20:00:00;24966
16/02/2019;A;20:00:00;19795
17/02/2019;A;20:00:00;18531
18/02/2019;A;20:00:00;23490
19/02/2019;A;20:00:00;23565
20/02/2019;A;20:00:00;23590
21/02/2019;A;20:00:00;23953
22/02/2019;A;20:00:00;14068
23/02/2019;A;20:00:00;18704
24/02/2019;A;20:00:00;16758
25/02/2019;A;20:00:00;22661
26/02/2019;A;20:00:00;23612
27/02/2019;A;20:00:00;23757
28/02/2019;A;20:00:00;25402
1/03/2019;A;20:00:00;25768
2/03/2019;A;20:00:00;20550
3/03/2019;A;20:00:00;18108
4/03/2019;A;20:00:00;22503
5/03/2019;A;20:00:00;24776
6/03/2019;A;20:00:00;25868
7/03/2019;A;20:00:00;25353
8/03/2019;A;20:00:00;27026
9/03/2019;A;20:00:00;19674
10/03/2019;A;20:00:00;17239
11/03/2019;A;20:00:00;21190
12/03/2019;A;20:00:00;23073
13/03/2019;A;20:00:00;28782
14/03/2019;A;20:00:00;29109
15/03/2019;A;20:00:00;26043
16/03/2019;A;20:00:00;21056
17/03/2019;A;20:00:00;19075
18/03/2019;A;20:00:00;23620
19/03/2019;A;20:00:00;25066
20/03/2019;A;20:00:00;23965
21/03/2019;A;20:00:00;23170
22/03/2019;A;20:00:00;24737
23/03/2019;A;20:00:00;19178
24/03/2019;A;20:00:00;15016
25/03/2019;A;20:00:00;15319
26/03/2019;A;20:00:00;23208
27/03/2019;A;20:00:00;24260
28/03/2019;A;20:00:00;23298
29/03/2019;A;20:00:00;27248
30/03/2019;A;20:00:00;20750
31/03/2019;A;20:00:00;17867
1/04/2019;A;20:00:00;23550
2/04/2019;A;20:00:00;25423
3/04/2019;A;20:00:00;24136
4/04/2019;A;20:00:00;25215
5/04/2019;A;20:00:00;25008
6/04/2019;A;20:00:00;18566
7/04/2019;A;20:00:00;17156
8/04/2019;A;20:00:00;22108
9/04/2019;A;20:00:00;23389
10/04/2019;A;20:00:00;23583
11/04/2019;A;20:00:00;25305
12/04/2019;A;20:00:00;25695
13/04/2019;A;20:00:00;19274
14/04/2019;A;20:00:00;15659
15/04/2019;A;20:00:00;20540
16/04/2019;A;20:00:00;21502
17/04/2019;A;20:00:00;21586
18/04/2019;A;20:00:00;13042
19/04/2019;A;20:00:00;12313
20/04/2019;A;20:00:00;14576
21/04/2019;A;20:00:00;14983
22/04/2019;A;20:00:00;23139
23/04/2019;A;20:00:00;26023
24/04/2019;A;20:00:00;20182
25/04/2019;A;20:00:00;141028
26/04/2019;A;20:00:00;26735
27/04/2019;A;20:00:00;19285
28/04/2019;A;20:00:00;17313
29/04/2019;A;20:00:00;22709
30/04/2019;A;20:00:00;28096
1/05/2019;A;20:00:00;18605
2/05/2019;A;20:00:00;25451
3/05/2019;A;20:00:00;25635
4/05/2019;A;20:00:00;20576
5/05/2019;A;20:00:00;18179
6/05/2019;A;20:00:00;22780
7/05/2019;A;20:00:00;24371
8/05/2019;A;20:00:00;24535
9/05/2019;A;20:00:00;25529
10/05/2019;A;20:00:00;26869
11/05/2019;A;20:00:00;19786
12/05/2019;A;20:00:00;17997
13/05/2019;A;20:00:00;21802
14/05/2019;A;20:00:00;25615
15/05/2019;A;20:00:00;24435
16/05/2019;A;20:00:00;23497
17/05/2019;A;20:00:00;25039
18/05/2019;A;20:00:00;19492
19/05/2019;A;20:00:00;16559
20/05/2019;A;20:00:00;21949
21/05/2019;A;20:00:00;23473
22/05/2019;A;20:00:00;22947
23/05/2019;A;20:00:00;23182
24/05/2019;A;20:00:00;24769
25/05/2019;A;20:00:00;19183
26/05/2019;A;20:00:00;16882
27/05/2019;A;20:00:00;22176
28/05/2019;A;20:00:00;22098
29/05/2019;A;20:00:00;22854
30/05/2019;A;20:00:00;24747
31/05/2019;A;20:00:00;23983
1/06/2019;A;20:00:00;19237
2/06/2019;A;20:00:00;16504
3/06/2019;A;20:00:00;17452
4/06/2019;A;20:00:00;23952
5/06/2019;A;20:00:00;23855
6/06/2019;A;20:00:00;23639
7/06/2019;A;20:00:00;25647
8/06/2019;A;20:00:00;20270
9/06/2019;A;20:00:00;17319
10/06/2019;A;20:00:00;22080
11/06/2019;A;20:00:00;24278
12/06/2019;A;20:00:00;23165
13/06/2019;A;20:00:00;23872
14/06/2019;A;20:00:00;26475
15/06/2019;A;20:00:00;22047
16/06/2019;A;20:00:00;18916
17/06/2019;A;20:00:00;22390
18/06/2019;A;20:00:00;23907
19/06/2019;A;20:00:00;22385
20/06/2019;A;20:00:00;24063
21/06/2019;A;20:00:00;25047
22/06/2019;A;20:00:00;19899
23/06/2019;A;20:00:00;15762
24/06/2019;A;20:00:00;16055
25/06/2019;A;20:00:00;22401
26/06/2019;A;20:00:00;23736
27/06/2019;A;20:00:00;23749
28/06/2019;A;20:00:00;22499
29/06/2019;A;20:00:00;20033
30/06/2019;A;20:00:00;19434
1/07/2019;A;20:00:00;18336
2/07/2019;A;20:00:00;22113
3/07/2019;A;20:00:00;22510
4/07/2019;A;20:00:00;24286
5/07/2019;A;20:00:00;22482
6/07/2019;A;20:00:00;21218
7/07/2019;A;20:00:00;18457
8/07/2019;A;20:00:00;21090
9/07/2019;A;20:00:00;22220
10/07/2019;A;20:00:00;23703
11/07/2019;A;20:00:00;23899
12/07/2019;A;20:00:00;25021
13/07/2019;A;20:00:00;20077
14/07/2019;A;20:00:00;18343
15/07/2019;A;20:00:00;23365
16/07/2019;A;20:00:00;25007
17/07/2019;A;20:00:00;24207
18/07/2019;A;20:00:00;24725
19/07/2019;A;20:00:00;27203
20/07/2019;A;20:00:00;20102
21/07/2019;A;20:00:00;20289
22/07/2019;A;20:00:00;22388
23/07/2019;A;20:00:00;24470
24/07/2019;A;20:00:00;25562
25/07/2019;A;20:00:00;25266
26/07/2019;A;20:00:00;26625
27/07/2019;A;20:00:00;20203
28/07/2019;A;20:00:00;18035
29/07/2019;A;20:00:00;21966
30/07/2019;A;20:00:00;25304
31/07/2019;A;20:00:00;26710
1/08/2019;A;20:00:00;25273
2/08/2019;A;20:00:00;29405
3/08/2019;A;20:00:00;22932
4/08/2019;A;20:00:00;20555
5/08/2019;A;20:00:00;24331
6/08/2019;A;20:00:00;29461
7/08/2019;A;20:00:00;19821
8/08/2019;A;20:00:00;26725
9/08/2019;A;20:00:00;28122
10/08/2019;A;20:00:00;21586
11/08/2019;A;20:00:00;19192
12/08/2019;A;20:00:00;24007
13/08/2019;A;20:00:00;24470
14/08/2019;A;20:00:00;24469
15/08/2019;A;20:00:00;26015
16/08/2019;A;20:00:00;27316
17/08/2019;A;20:00:00;20534
18/08/2019;A;20:00:00;17314
19/08/2019;A;20:00:00;18110
20/08/2019;A;20:00:00;25067
21/08/2019;A;20:00:00;25899
22/08/2019;A;20:00:00;25235
23/08/2019;A;20:00:00;25343
24/08/2019;A;20:00:00;19787
25/08/2019;A;20:00:00;16758
26/08/2019;A;20:00:00;23415
27/08/2019;A;20:00:00;24897
28/08/2019;A;20:00:00;24979
29/08/2019;A;20:00:00;25885
30/08/2019;A;20:00:00;28110
31/08/2019;A;20:00:00;21264
1/09/2019;A;20:00:00;18825
2/09/2019;A;20:00:00;23403
3/09/2019;A;20:00:00;26330
4/09/2019;A;20:00:00;245257
5/09/2019;A;20:00:00;25910
6/09/2019;A;20:00:00;26145
7/09/2019;A;20:00:00;21884
8/09/2019;A;20:00:00;19054
9/09/2019;A;20:00:00;23161
10/09/2019;A;20:00:00;24841
11/09/2019;A;20:00:00;25617
12/09/2019;A;20:00:00;25728
13/09/2019;A;20:00:00;27879
14/09/2019;A;20:00:00;21155
15/09/2019;A;20:00:00;19677
16/09/2019;A;20:00:00;23680
17/09/2019;A;20:00:00;25185
18/09/2019;A;20:00:00;24610
19/09/2019;A;20:00:00;26341
20/09/2019;A;20:00:00;26329
21/09/2019;A;20:00:00;20490
22/09/2019;A;20:00:00;17951
23/09/2019;A;20:00:00;22022
24/09/2019;A;20:00:00;24335
25/09/2019;A;20:00:00;23926
26/09/2019;A;20:00:00;26103
27/09/2019;A;20:00:00;26341
28/09/2019;A;20:00:00;20037
29/09/2019;A;20:00:00;18961
30/09/2019;A;20:00:00;24793
1/10/2019;A;20:00:00;26179
2/10/2019;A;20:00:00;25477
3/10/2019;A;20:00:00;25312
4/10/2019;A;20:00:00;27103
5/10/2019;A;20:00:00;21063
6/10/2019;A;20:00:00;17748
7/10/2019;A;20:00:00;24273
8/10/2019;A;20:00:00;25000
9/10/2019;A;20:00:00;25358
10/10/2019;A;20:00:00;24625
11/10/2019;A;20:00:00;26615
12/10/2019;A;20:00:00;18820
13/10/2019;A;20:00:00;17424
14/10/2019;A;20:00:00;18420
15/10/2019;A;20:00:00;26507
16/10/2019;A;20:00:00;25085
17/10/2019;A;20:00:00;26160
18/10/2019;A;20:00:00;27558
19/10/2019;A;20:00:00;19909
20/10/2019;A;20:00:00;18082
21/10/2019;A;20:00:00;23049
22/10/2019;A;20:00:00;23771
23/10/2019;A;20:00:00;25012
24/10/2019;A;20:00:00;24517
25/10/2019;A;20:00:00;26359
26/10/2019;A;20:00:00;19047
27/10/2019;A;20:00:00;18427
28/10/2019;A;20:00:00;22760
29/10/2019;A;20:00:00;23799
30/10/2019;A;20:00:00;26336
31/10/2019;A;20:00:00;26533
1/11/2019;A;20:00:00;26498
2/11/2019;A;20:00:00;22029
3/11/2019;A;20:00:00;15578
4/11/2019;A;20:00:00;17183
5/11/2019;A;20:00:00;25108
6/11/2019;A;20:00:00;25333
7/11/2019;A;20:00:00;25886
8/11/2019;A;20:00:00;24778
9/11/2019;A;20:00:00;20060
10/11/2019;A;20:00:00;15621
11/11/2019;A;20:00:00;20192
12/11/2019;A;20:00:00;24313
13/11/2019;A;20:00:00;24131
14/11/2019;A;20:00:00;25294
15/11/2019;A;20:00:00;26580
16/11/2019;A;20:00:00;22365
17/11/2019;A;20:00:00;17781
18/11/2019;A;20:00:00;24561
19/11/2019;A;20:00:00;25124
20/11/2019;A;20:00:00;30047
21/11/2019;A;20:00:00;13339
22/11/2019;A;20:00:00;29078
23/11/2019;A;20:00:00;20871
24/11/2019;A;20:00:00;18298
25/11/2019;A;20:00:00;25203
26/11/2019;A;20:00:00;28058
27/11/2019;A;20:00:00;24696
28/11/2019;A;20:00:00;26951
29/11/2019;A;20:00:00;32923
30/11/2019;A;20:00:00;30842
1/12/2019;A;20:00:00;23376
2/12/2019;A;20:00:00;28086
3/12/2019;A;20:00:00;29006
4/12/2019;A;20:00:00;25378
5/12/2019;A;20:00:00;31606
6/12/2019;A;20:00:00;34057
7/12/2019;A;20:00:00;28194
8/12/2019;A;20:00:00;31785
9/12/2019;A;20:00:00;29873
10/12/2019;A;20:00:00;30037
11/12/2019;A;20:00:00;30852
12/12/2019;A;20:00:00;32329
13/12/2019;A;20:00:00;36561
14/12/2019;A;20:00:00;40851
15/12/2019;A;20:00:00;29902
16/12/2019;A;20:00:00;30666
17/12/2019;A;20:00:00;31411
18/12/2019;A;20:00:00;32143
19/12/2019;A;20:00:00;36620
20/12/2019;A;20:00:00;39176
21/12/2019;A;20:00:00;38378
22/12/2019;A;20:00:00;28409
23/12/2019;A;20:00:00;33311
24/12/2019;A;20:00:00;24288
25/12/2019;A;20:00:00;17668
26/12/2019;A;20:00:00;27883
27/12/2019;A;20:00:00;29410
28/12/2019;A;20:00:00;30794
29/12/2019;A;20:00:00;23015
30/12/2019;A;20:00:00;29862
31/12/2019;A;20:00:00;15804
1/01/2019;B;20:00:00;1245
2/01/2019;B;20:00:00;2574
3/01/2019;B;20:00:00;2677
4/01/2019;B;20:00:00;3037
5/01/2019;B;20:00:00;3033
6/01/2019;B;20:00:00;2227
7/01/2019;B;20:00:00;2335
8/01/2019;B;20:00:00;2520
9/01/2019;B;20:00:00;2840
10/01/2019;B;20:00:00;2921
11/01/2019;B;20:00:00;3001
12/01/2019;B;20:00:00;2975
13/01/2019;B;20:00:00;1747
14/01/2019;B;20:00:00;2689
15/01/2019;B;20:00:00;3179
16/01/2019;B;20:00:00;3155
17/01/2019;B;20:00:00;3066
18/01/2019;B;20:00:00;3256
19/01/2019;B;20:00:00;2984
20/01/2019;B;20:00:00;2313
21/01/2019;B;20:00:00;2890
22/01/2019;B;20:00:00;3212
23/01/2019;B;20:00:00;3356
24/01/2019;B;20:00:00;3912
25/01/2019;B;20:00:00;3421
26/01/2019;B;20:00:00;5976
27/01/2019;B;20:00:00;2258
28/01/2019;B;20:00:00;3240
29/01/2019;B;20:00:00;3833
30/01/2019;B;20:00:00;3691
31/01/2019;B;20:00:00;3941
1/02/2019;B;20:00:00;3963
2/02/2019;B;20:00:00;3008
3/02/2019;B;20:00:00;2503
4/02/2019;B;20:00:00;3726
5/02/2019;B;20:00:00;4340
6/02/2019;B;20:00:00;3920
7/02/2019;B;20:00:00;3995
8/02/2019;B;20:00:00;4026
9/02/2019;B;20:00:00;2739
10/02/2019;B;20:00:00;2581
11/02/2019;B;20:00:00;3618
12/02/2019;B;20:00:00;5718
13/02/2019;B;20:00:00;3961
14/02/2019;B;20:00:00;6594
15/02/2019;B;20:00:00;4057
16/02/2019;B;20:00:00;2938
17/02/2019;B;20:00:00;2568
18/02/2019;B;20:00:00;3532
19/02/2019;B;20:00:00;4161
20/02/2019;B;20:00:00;3857
21/02/2019;B;20:00:00;4182
22/02/2019;B;20:00:00;4181
23/02/2019;B;20:00:00;2740
24/02/2019;B;20:00:00;2813
25/02/2019;B;20:00:00;3684
26/02/2019;B;20:00:00;3755
27/02/2019;B;20:00:00;3890
28/02/2019;B;20:00:00;4162
1/03/2019;B;20:00:00;3992
2/03/2019;B;20:00:00;3094
3/03/2019;B;20:00:00;2300
4/03/2019;B;20:00:00;3599
5/03/2019;B;20:00:00;4327
6/03/2019;B;20:00:00;4465
7/03/2019;B;20:00:00;4237
8/03/2019;B;20:00:00;4418
9/03/2019;B;20:00:00;2961
10/03/2019;B;20:00:00;4629
11/03/2019;B;20:00:00;3536
12/03/2019;B;20:00:00;4092
13/03/2019;B;20:00:00;3883
14/03/2019;B;20:00:00;3983
15/03/2019;B;20:00:00;4305
16/03/2019;B;20:00:00;3285
17/03/2019;B;20:00:00;2546
18/03/2019;B;20:00:00;3842
19/03/2019;B;20:00:00;4312
20/03/2019;B;20:00:00;3955
21/03/2019;B;20:00:00;3777
22/03/2019;B;20:00:00;4057
23/03/2019;B;20:00:00;2904
24/03/2019;B;20:00:00;2066
25/03/2019;B;20:00:00;1738
26/03/2019;B;20:00:00;3918
27/03/2019;B;20:00:00;4054
28/03/2019;B;20:00:00;3958
29/03/2019;B;20:00:00;4275
30/03/2019;B;20:00:00;3288
31/03/2019;B;20:00:00;2319
1/04/2019;B;20:00:00;3739
2/04/2019;B;20:00:00;4254
3/04/2019;B;20:00:00;3915
4/04/2019;B;20:00:00;3985
5/04/2019;B;20:00:00;3995
6/04/2019;B;20:00:00;2884
7/04/2019;B;20:00:00;2907
8/04/2019;B;20:00:00;3588
9/04/2019;B;20:00:00;4014
10/04/2019;B;20:00:00;3783
11/04/2019;B;20:00:00;4112
12/04/2019;B;20:00:00;3980
13/04/2019;B;20:00:00;2915
14/04/2019;B;20:00:00;2148
15/04/2019;B;20:00:00;2821
16/04/2019;B;20:00:00;2975
17/04/2019;B;20:00:00;2989
18/04/2019;B;20:00:00;1887
19/04/2019;B;20:00:00;1285
20/04/2019;B;20:00:00;2293
21/04/2019;B;20:00:00;2059
22/04/2019;B;20:00:00;3553
23/04/2019;B;20:00:00;4138
24/04/2019;B;20:00:00;3253
25/04/2019;B;20:00:00;20420
26/04/2019;B;20:00:00;4149
27/04/2019;B;20:00:00;7143
28/04/2019;B;20:00:00;2552
29/04/2019;B;20:00:00;3634
30/04/2019;B;20:00:00;4548
1/05/2019;B;20:00:00;2423
2/05/2019;B;20:00:00;4064
3/05/2019;B;20:00:00;3927
4/05/2019;B;20:00:00;3008
5/05/2019;B;20:00:00;2528
6/05/2019;B;20:00:00;3568
7/05/2019;B;20:00:00;4252
8/05/2019;B;20:00:00;3863
9/05/2019;B;20:00:00;4048
10/05/2019;B;20:00:00;4328
11/05/2019;B;20:00:00;2865
12/05/2019;B;20:00:00;2199
13/05/2019;B;20:00:00;3818
14/05/2019;B;20:00:00;4047
15/05/2019;B;20:00:00;3916
16/05/2019;B;20:00:00;3924
17/05/2019;B;20:00:00;4407
18/05/2019;B;20:00:00;3003
19/05/2019;B;20:00:00;2597
20/05/2019;B;20:00:00;3504
21/05/2019;B;20:00:00;3869
22/05/2019;B;20:00:00;3650
23/05/2019;B;20:00:00;3752
24/05/2019;B;20:00:00;3505
25/05/2019;B;20:00:00;2892
26/05/2019;B;20:00:00;2336
27/05/2019;B;20:00:00;3243
28/05/2019;B;20:00:00;3358
29/05/2019;B;20:00:00;3444
30/05/2019;B;20:00:00;3571
31/05/2019;B;20:00:00;3207
1/06/2019;B;20:00:00;2758
2/06/2019;B;20:00:00;2370
3/06/2019;B;20:00:00;2920
4/06/2019;B;20:00:00;3679
5/06/2019;B;20:00:00;5460
6/06/2019;B;20:00:00;3743
7/06/2019;B;20:00:00;4079
8/06/2019;B;20:00:00;3188
9/06/2019;B;20:00:00;2288
10/06/2019;B;20:00:00;3166
11/06/2019;B;20:00:00;3734
12/06/2019;B;20:00:00;3370
13/06/2019;B;20:00:00;3680
14/06/2019;B;20:00:00;3560
15/06/2019;B;20:00:00;2780
16/06/2019;B;20:00:00;2243
17/06/2019;B;20:00:00;3112
18/06/2019;B;20:00:00;3561
19/06/2019;B;20:00:00;3260
20/06/2019;B;20:00:00;3722
21/06/2019;B;20:00:00;3568
22/06/2019;B;20:00:00;2773
23/06/2019;B;20:00:00;2033
24/06/2019;B;20:00:00;2064
25/06/2019;B;20:00:00;3203
26/06/2019;B;20:00:00;3373
27/06/2019;B;20:00:00;3558
28/06/2019;B;20:00:00;3308
29/06/2019;B;20:00:00;2674
30/06/2019;B;20:00:00;2142
1/07/2019;B;20:00:00;2083
2/07/2019;B;20:00:00;3299
3/07/2019;B;20:00:00;3345
4/07/2019;B;20:00:00;3636
5/07/2019;B;20:00:00;3209
6/07/2019;B;20:00:00;4384
7/07/2019;B;20:00:00;2376
8/07/2019;B;20:00:00;3204
9/07/2019;B;20:00:00;3386
10/07/2019;B;20:00:00;3517
11/07/2019;B;20:00:00;3561
12/07/2019;B;20:00:00;3624
13/07/2019;B;20:00:00;2963
14/07/2019;B;20:00:00;2494
15/07/2019;B;20:00:00;3293
16/07/2019;B;20:00:00;3608
17/07/2019;B;20:00:00;3588
18/07/2019;B;20:00:00;3593
19/07/2019;B;20:00:00;3782
20/07/2019;B;20:00:00;2854
21/07/2019;B;20:00:00;2625
22/07/2019;B;20:00:00;3308
23/07/2019;B;20:00:00;3571
24/07/2019;B;20:00:00;3509
25/07/2019;B;20:00:00;3793
26/07/2019;B;20:00:00;3877
27/07/2019;B;20:00:00;2942
28/07/2019;B;20:00:00;2668
29/07/2019;B;20:00:00;3516
30/07/2019;B;20:00:00;3938
31/07/2019;B;20:00:00;4167
1/08/2019;B;20:00:00;4295
2/08/2019;B;20:00:00;4705
3/08/2019;B;20:00:00;3383
4/08/2019;B;20:00:00;3108
5/08/2019;B;20:00:00;3917
6/08/2019;B;20:00:00;4685
7/08/2019;B;20:00:00;2873
8/08/2019;B;20:00:00;4633
9/08/2019;B;20:00:00;4462
10/08/2019;B;20:00:00;3246
11/08/2019;B;20:00:00;2581
12/08/2019;B;20:00:00;3749
13/08/2019;B;20:00:00;4216
14/08/2019;B;20:00:00;4152
15/08/2019;B;20:00:00;4416
16/08/2019;B;20:00:00;4232
17/08/2019;B;20:00:00;2948
18/08/2019;B;20:00:00;6234
19/08/2019;B;20:00:00;2309
20/08/2019;B;20:00:00;4258
21/08/2019;B;20:00:00;4112
22/08/2019;B;20:00:00;6426
23/08/2019;B;20:00:00;4076
24/08/2019;B;20:00:00;3073
25/08/2019;B;20:00:00;3679
26/08/2019;B;20:00:00;3655
27/08/2019;B;20:00:00;4118
28/08/2019;B;20:00:00;4103
29/08/2019;B;20:00:00;6968
30/08/2019;B;20:00:00;4204
31/08/2019;B;20:00:00;3347
1/09/2019;B;20:00:00;2590
2/09/2019;B;20:00:00;3603
3/09/2019;B;20:00:00;4186
4/09/2019;B;20:00:00;35417
5/09/2019;B;20:00:00;4182
6/09/2019;B;20:00:00;3852
7/09/2019;B;20:00:00;4085
8/09/2019;B;20:00:00;3227
9/09/2019;B;20:00:00;3588
10/09/2019;B;20:00:00;3903
11/09/2019;B;20:00:00;3802
12/09/2019;B;20:00:00;4069
13/09/2019;B;20:00:00;3967
14/09/2019;B;20:00:00;2860
15/09/2019;B;20:00:00;2577
16/09/2019;B;20:00:00;3566
17/09/2019;B;20:00:00;4011
18/09/2019;B;20:00:00;3998
19/09/2019;B;20:00:00;4283
20/09/2019;B;20:00:00;4262
21/09/2019;B;20:00:00;3177
22/09/2019;B;20:00:00;2406
23/09/2019;B;20:00:00;3483
24/09/2019;B;20:00:00;3963
25/09/2019;B;20:00:00;3763
26/09/2019;B;20:00:00;4233
27/09/2019;B;20:00:00;3892
28/09/2019;B;20:00:00;3001
29/09/2019;B;20:00:00;2522
30/09/2019;B;20:00:00;3494
1/10/2019;B;20:00:00;4065
2/10/2019;B;20:00:00;3961
3/10/2019;B;20:00:00;3708
4/10/2019;B;20:00:00;4118
5/10/2019;B;20:00:00;2849
6/10/2019;B;20:00:00;2654
7/10/2019;B;20:00:00;3810
8/10/2019;B;20:00:00;4031
9/10/2019;B;20:00:00;3946
10/10/2019;B;20:00:00;4057
11/10/2019;B;20:00:00;3982
12/10/2019;B;20:00:00;2747
13/10/2019;B;20:00:00;2711
14/10/2019;B;20:00:00;2194
15/10/2019;B;20:00:00;4313
16/10/2019;B;20:00:00;4237
17/10/2019;B;20:00:00;4358
18/10/2019;B;20:00:00;4149
19/10/2019;B;20:00:00;3029
20/10/2019;B;20:00:00;2680
21/10/2019;B;20:00:00;3711
22/10/2019;B;20:00:00;4044
23/10/2019;B;20:00:00;6288
24/10/2019;B;20:00:00;4269
25/10/2019;B;20:00:00;4219
26/10/2019;B;20:00:00;2990
27/10/2019;B;20:00:00;2550
28/10/2019;B;20:00:00;3558
29/10/2019;B;20:00:00;3853
30/10/2019;B;20:00:00;4000
31/10/2019;B;20:00:00;3765
1/11/2019;B;20:00:00;4137
2/11/2019;B;20:00:00;3091
3/11/2019;B;20:00:00;2158
4/11/2019;B;20:00:00;2107
5/11/2019;B;20:00:00;4074
6/11/2019;B;20:00:00;4054
7/11/2019;B;20:00:00;4087
8/11/2019;B;20:00:00;3795
9/11/2019;B;20:00:00;3260
10/11/2019;B;20:00:00;2086
11/11/2019;B;20:00:00;2081
12/11/2019;B;20:00:00;3869
13/11/2019;B;20:00:00;3661
14/11/2019;B;20:00:00;3714
15/11/2019;B;20:00:00;3823
16/11/2019;B;20:00:00;3118
17/11/2019;B;20:00:00;5229
18/11/2019;B;20:00:00;3444
19/11/2019;B;20:00:00;3753
20/11/2019;B;20:00:00;3563
21/11/2019;B;20:00:00;1652
22/11/2019;B;20:00:00;4011
23/11/2019;B;20:00:00;2916
24/11/2019;B;20:00:00;2965
25/11/2019;B;20:00:00;3476
26/11/2019;B;20:00:00;4055
27/11/2019;B;20:00:00;3465
28/11/2019;B;20:00:00;3611
29/11/2019;B;20:00:00;4137
30/11/2019;B;20:00:00;3866
1/12/2019;B;20:00:00;2718
2/12/2019;B;20:00:00;3450
3/12/2019;B;20:00:00;3860
4/12/2019;B;20:00:00;3388
5/12/2019;B;20:00:00;4012
6/12/2019;B;20:00:00;4320
7/12/2019;B;20:00:00;3302
8/12/2019;B;20:00:00;3266
9/12/2019;B;20:00:00;3425
10/12/2019;B;20:00:00;3998
11/12/2019;B;20:00:00;4262
12/12/2019;B;20:00:00;4126
13/12/2019;B;20:00:00;4461
14/12/2019;B;20:00:00;6867
15/12/2019;B;20:00:00;3012
16/12/2019;B;20:00:00;3356
17/12/2019;B;20:00:00;3672
18/12/2019;B;20:00:00;3579
19/12/2019;B;20:00:00;3929
20/12/2019;B;20:00:00;4186
21/12/2019;B;20:00:00;4271
22/12/2019;B;20:00:00;2799
23/12/2019;B;20:00:00;3355
24/12/2019;B;20:00:00;3003
25/12/2019;B;20:00:00;1837
26/12/2019;B;20:00:00;3062
27/12/2019;B;20:00:00;3366
28/12/2019;B;20:00:00;3696
29/12/2019;B;20:00:00;2253
30/12/2019;B;20:00:00;2921
31/12/2019;B;20:00:00;2434
1/01/2020;A;20:00:00;16450
1/01/2020;B;20:00:00;1738
2/01/2020;A;20:00:00;22469
2/01/2020;B;20:00:00;2415
3/01/2020;A;20:00:00;24795
3/01/2020;B;20:00:00;2858
4/01/2020;A;20:00:00;24441
4/01/2020;B;20:00:00;3003
5/01/2020;A;20:00:00;24867
5/01/2020;B;20:00:00;2741
6/01/2020;A;20:00:00;22855
6/01/2020;B;20:00:00;2572
7/01/2020;A;20:00:00;20607
7/01/2020;B;20:00:00;2645
8/01/2020;A;20:00:00;20804
8/01/2020;B;20:00:00;2742
9/01/2020;A;20:00:00;20604
9/01/2020;B;20:00:00;2870
10/01/2020;A;20:00:00;21895
10/01/2020;B;20:00:00;5844
11/01/2020;A;20:00:00;19051
11/01/2020;B;20:00:00;2821
12/01/2020;A;20:00:00;17994
12/01/2020;B;20:00:00;2287
13/01/2020;A;20:00:00;19762
13/01/2020;B;20:00:00;2757
14/01/2020;A;20:00:00;21089
14/01/2020;B;20:00:00;2927
15/01/2020;A;20:00:00;21651
15/01/2020;B;20:00:00;3023
16/01/2020;A;20:00:00;22313
16/01/2020;B;20:00:00;3084
17/01/2020;A;20:00:00;23913
17/01/2020;B;20:00:00;3212
18/01/2020;A;20:00:00;19877
18/01/2020;B;20:00:00;2816
19/01/2020;A;20:00:00;18351
19/01/2020;B;20:00:00;2239
20/01/2020;A;20:00:00;20526
20/01/2020;B;20:00:00;2869
21/01/2020;A;20:00:00;21810
21/01/2020;B;20:00:00;2899
22/01/2020;A;20:00:00;22883
22/01/2020;B;20:00:00;3262
23/01/2020;A;20:00:00;22444
23/01/2020;B;20:00:00;3340
24/01/2020;A;20:00:00;22530
24/01/2020;B;20:00:00;3346
25/01/2020;A;20:00:00;19713
25/01/2020;B;20:00:00;2931
26/01/2020;A;20:00:00;17278
26/01/2020;B;20:00:00;3882
27/01/2020;A;20:00:00;20484
27/01/2020;B;20:00:00;3162
28/01/2020;A;20:00:00;21669
28/01/2020;B;20:00:00;5595
29/01/2020;A;20:00:00;21712
29/01/2020;B;20:00:00;3523
30/01/2020;A;20:00:00;23729
30/01/2020;B;20:00:00;3841
31/01/2020;A;20:00:00;26257
31/01/2020;B;20:00:00;4044
1/02/2020;A;20:00:00;21010
1/02/2020;B;20:00:00;3013
2/02/2020;A;20:00:00;19315
2/02/2020;B;20:00:00;2418
3/02/2020;A;20:00:00;22983
3/02/2020;B;20:00:00;3591
4/02/2020;A;20:00:00;24136
4/02/2020;B;20:00:00;3975
5/02/2020;A;20:00:00;24741
5/02/2020;B;20:00:00;4163
6/02/2020;A;20:00:00;24496
6/02/2020;B;20:00:00;4221
7/02/2020;A;20:00:00;25472
7/02/2020;B;20:00:00;4031
8/02/2020;A;20:00:00;19329
8/02/2020;B;20:00:00;2862
9/02/2020;A;20:00:00;18080
9/02/2020;B;20:00:00;2552
10/02/2020;A;20:00:00;23350
10/02/2020;B;20:00:00;3877
11/02/2020;A;20:00:00;24781
11/02/2020;B;20:00:00;4141
12/02/2020;A;20:00:00;23281
12/02/2020;B;20:00:00;4179
13/02/2020;A;20:00:00;25132
13/02/2020;B;20:00:00;4198
14/02/2020;A;20:00:00;26033
14/02/2020;B;20:00:00;4054
15/02/2020;A;20:00:00;20749
15/02/2020;B;20:00:00;2983
16/02/2020;A;20:00:00;17970
16/02/2020;B;20:00:00;2525
17/02/2020;A;20:00:00;47700
17/02/2020;B;20:00:00;7742
18/02/2020;A;20:00:00;49742
18/02/2020;B;20:00:00;8426
19/02/2020;A;20:00:00;24595
19/02/2020;B;20:00:00;4209
20/02/2020;A;20:00:00;23348
20/02/2020;B;20:00:00;4069
21/02/2020;A;20:00:00;24318
21/02/2020;B;20:00:00;4050
22/02/2020;A;20:00:00;18660
22/02/2020;B;20:00:00;4079
23/02/2020;A;20:00:00;18006
23/02/2020;B;20:00:00;2288
24/02/2020;A;20:00:00;22627
24/02/2020;B;20:00:00;3703
25/02/2020;A;20:00:00;23513
25/02/2020;B;20:00:00;4046
26/02/2020;A;20:00:00;24496
26/02/2020;B;20:00:00;4211
27/02/2020;A;20:00:00;24799
27/02/2020;B;20:00:00;4182
28/02/2020;A;20:00:00;28899
28/02/2020;B;20:00:00;4668
29/02/2020;A;20:00:00;22352
29/02/2020;B;20:00:00;3639
1/03/2020;A;20:00:00;18619
1/03/2020;B;20:00:00;2538
2/03/2020;A;20:00:00;25762
2/03/2020;B;20:00:00;4067
3/03/2020;A;20:00:00;26666
3/03/2020;B;20:00:00;4378
4/03/2020;A;20:00:00;27453
4/03/2020;B;20:00:00;4648
5/03/2020;A;20:00:00;28243
5/03/2020;B;20:00:00;4468
6/03/2020;A;20:00:00;28068
6/03/2020;B;20:00:00;4647
7/03/2020;A;20:00:00;20249
7/03/2020;B;20:00:00;4967
8/03/2020;A;20:00:00;16954
8/03/2020;B;20:00:00;2590
9/03/2020;A;20:00:00;23551
9/03/2020;B;20:00:00;3500
10/03/2020;A;20:00:00;25038
10/03/2020;B;20:00:00;4197
11/03/2020;A;20:00:00;26591
11/03/2020;B;20:00:00;4116
12/03/2020;A;20:00:00;25524
12/03/2020;B;20:00:00;4145
13/03/2020;A;20:00:00;26847
13/03/2020;B;20:00:00;4148
14/03/2020;A;20:00:00;18182
14/03/2020;B;20:00:00;2685
15/03/2020;A;20:00:00;15293
15/03/2020;B;20:00:00;2132
16/03/2020;A;20:00:00;15759
16/03/2020;B;20:00:00;2098
17/03/2020;A;20:00:00;14323
17/03/2020;B;20:00:00;1865
18/03/2020;A;20:00:00;13145
18/03/2020;B;20:00:00;1728
19/03/2020;A;20:00:00;11669
19/03/2020;B;20:00:00;1517
20/03/2020;A;20:00:00;4287
20/03/2020;B;20:00:00;480
21/03/2020;A;20:00:00;2607
21/03/2020;B;20:00:00;300
22/03/2020;A;20:00:00;1738
22/03/2020;B;20:00:00;198
23/03/2020;A;20:00:00;2222
23/03/2020;B;20:00:00;244
24/03/2020;A;20:00:00;3891
24/03/2020;B;20:00:00;481
25/03/2020;A;20:00:00;3173
25/03/2020;B;20:00:00;334
26/03/2020;A;20:00:00;2989
26/03/2020;B;20:00:00;288
27/03/2020;A;20:00:00;2908
27/03/2020;B;20:00:00;271
28/03/2020;A;20:00:00;2062
28/03/2020;B;20:00:00;198
29/03/2020;A;20:00:00;1558
29/03/2020;B;20:00:00;193
30/03/2020;A;20:00:00;2815
30/03/2020;B;20:00:00;300
31/03/2020;A;20:00:00;2765
31/03/2020;B;20:00:00;302
1/04/2020;A;20:00:00;2685
1/04/2020;B;20:00:00;323
2/04/2020;A;20:00:00;2612
2/04/2020;B;20:00:00;271
3/04/2020;A;20:00:00;2614
3/04/2020;B;20:00:00;274
4/04/2020;A;20:00:00;2076
4/04/2020;B;20:00:00;197
5/04/2020;A;20:00:00;1489
5/04/2020;B;20:00:00;186
6/04/2020;A;20:00:00;2532
6/04/2020;B;20:00:00;288
7/04/2020;A;20:00:00;2638
7/04/2020;B;20:00:00;264
8/04/2020;A;20:00:00;2463
8/04/2020;B;20:00:00;253
9/04/2020;A;20:00:00;1258
9/04/2020;B;20:00:00;121
10/04/2020;A;20:00:00;1061
10/04/2020;B;20:00:00;122
11/04/2020;A;20:00:00;1680
11/04/2020;B;20:00:00;204
12/04/2020;A;20:00:00;1438
12/04/2020;B;20:00:00;196
13/04/2020;A;20:00:00;2717
13/04/2020;B;20:00:00;290
14/04/2020;A;20:00:00;2733
14/04/2020;B;20:00:00;277
15/04/2020;A;20:00:00;2983
15/04/2020;B;20:00:00;326
16/04/2020;A;20:00:00;2885
16/04/2020;B;20:00:00;320
17/04/2020;A;20:00:00;2823
17/04/2020;B;20:00:00;272
18/04/2020;A;20:00:00;2275
18/04/2020;B;20:00:00;249
19/04/2020;A;20:00:00;1682
19/04/2020;B;20:00:00;219
20/04/2020;A;20:00:00;2981
20/04/2020;B;20:00:00;328
21/04/2020;A;20:00:00;2890
21/04/2020;B;20:00:00;315
22/04/2020;A;20:00:00;2897
22/04/2020;B;20:00:00;317
23/04/2020;A;20:00:00;2967
23/04/2020;B;20:00:00;338
24/04/2020;A;20:00:00;2996
24/04/2020;B;20:00:00;352
25/04/2020;A;20:00:00;2417
25/04/2020;B;20:00:00;276
26/04/2020;A;20:00:00;1620
26/04/2020;B;20:00:00;255
27/04/2020;A;20:00:00;3002
27/04/2020;B;20:00:00;367
28/04/2020;A;20:00:00;3359
28/04/2020;B;20:00:00;392
29/04/2020;A;20:00:00;3372
29/04/2020;B;20:00:00;368
30/04/2020;A;20:00:00;3576
30/04/2020;B;20:00:00;412
1/05/2020;A;20:00:00;2203
1/05/2020;B;20:00:00;262
2/05/2020;A;20:00:00;2486
2/05/2020;B;20:00:00;310
3/05/2020;A;20:00:00;2146
3/05/2020;B;20:00:00;282
4/05/2020;A;20:00:00;3711
4/05/2020;B;20:00:00;419
5/05/2020;A;20:00:00;3742
5/05/2020;B;20:00:00;427
6/05/2020;A;20:00:00;3814
6/05/2020;B;20:00:00;473
7/05/2020;A;20:00:00;3946
7/05/2020;B;20:00:00;457
8/05/2020;A;20:00:00;3873
8/05/2020;B;20:00:00;504
9/05/2020;A;20:00:00;944
9/05/2020;B;20:00:00;76
10/05/2020;A;20:00:00;720
10/05/2020;B;20:00:00;104
11/05/2020;A;20:00:00;3696
11/05/2020;B;20:00:00;471
12/05/2020;A;20:00:00;3817
12/05/2020;B;20:00:00;514
13/05/2020;A;20:00:00;4126
13/05/2020;B;20:00:00;532
14/05/2020;A;20:00:00;4041
14/05/2020;B;20:00:00;506
15/05/2020;A;20:00:00;4269
15/05/2020;B;20:00:00;579
16/05/2020;A;20:00:00;3262
16/05/2020;B;20:00:00;448
17/05/2020;A;20:00:00;2504
17/05/2020;B;20:00:00;404
18/05/2020;A;20:00:00;4121
18/05/2020;B;20:00:00;500
19/05/2020;A;20:00:00;4192
19/05/2020;B;20:00:00;562
20/05/2020;A;20:00:00;4289
20/05/2020;B;20:00:00;601
21/05/2020;A;20:00:00;4445
21/05/2020;B;20:00:00;589
22/05/2020;A;20:00:00;4493
22/05/2020;B;20:00:00;611
23/05/2020;A;20:00:00;3594
23/05/2020;B;20:00:00;509
24/05/2020;A;20:00:00;2195
24/05/2020;B;20:00:00;328
25/05/2020;A;20:00:00;2678
25/05/2020;B;20:00:00;420
26/05/2020;A;20:00:00;4392
26/05/2020;B;20:00:00;568
27/05/2020;A;20:00:00;4563
27/05/2020;B;20:00:00;605
28/05/2020;A;20:00:00;4620
28/05/2020;B;20:00:00;571
29/05/2020;A;20:00:00;4918
29/05/2020;B;20:00:00;648
30/05/2020;A;20:00:00;3793
30/05/2020;B;20:00:00;538
31/05/2020;A;20:00:00;2727
31/05/2020;B;20:00:00;451
1/06/2020;A;20:00:00;4931
1/06/2020;B;20:00:00;658
2/06/2020;A;20:00:00;5260
2/06/2020;B;20:00:00;721
3/06/2020;A;20:00:00;5482
3/06/2020;B;20:00:00;685
4/06/2020;A;20:00:00;5582
4/06/2020;B;20:00:00;747
5/06/2020;A;20:00:00;5839
5/06/2020;B;20:00:00;800
6/06/2020;A;20:00:00;4699
6/06/2020;B;20:00:00;676
7/06/2020;A;20:00:00;3569
7/06/2020;B;20:00:00;505
8/06/2020;A;20:00:00;5563
8/06/2020;B;20:00:00;705
9/06/2020;A;20:00:00;5364
9/06/2020;B;20:00:00;740
10/06/2020;A;20:00:00;5730
10/06/2020;B;20:00:00;729
11/06/2020;A;20:00:00;6015
11/06/2020;B;20:00:00;816
12/06/2020;A;20:00:00;6696
12/06/2020;B;20:00:00;927
14/06/2020;A;20:00:00;3438
14/06/2020;B;20:00:00;520
15/06/2020;A;20:00:00;3954
15/06/2020;B;20:00:00;535
16/06/2020;A;20:00:00;6278
16/06/2020;B;20:00:00;887
17/06/2020;A;20:00:00;6656
17/06/2020;B;20:00:00;887
18/06/2020;A;20:00:00;6722
18/06/2020;B;20:00:00;951
19/06/2020;A;20:00:00;8205
19/06/2020;B;20:00:00;1055
20/06/2020;A;20:00:00;5934
20/06/2020;B;20:00:00;788
21/06/2020;A;20:00:00;3304
21/06/2020;B;20:00:00;530
22/06/2020;A;20:00:00;3961
22/06/2020;B;20:00:00;604
23/06/2020;A;20:00:00;6376
23/06/2020;B;20:00:00;910
24/06/2020;A;20:00:00;6648
24/06/2020;B;20:00:00;931
25/06/2020;A;20:00:00;6708
25/06/2020;B;20:00:00;938
26/06/2020;A;20:00:00;6998
26/06/2020;B;20:00:00;980
27/06/2020;A;20:00:00;5947
27/06/2020;B;20:00:00;813
28/06/2020;A;20:00:00;3615
28/06/2020;B;20:00:00;562
29/06/2020;A;20:00:00;4071
29/06/2020;B;20:00:00;564
30/06/2020;A;20:00:00;6739
30/06/2020;B;20:00:00;907
1/07/2020;A;20:00:00;6591
1/07/2020;B;20:00:00;965
2/07/2020;A;20:00:00;7052
2/07/2020;B;20:00:00;1014
3/07/2020;A;20:00:00;7795
3/07/2020;B;20:00:00;1068
4/07/2020;A;20:00:00;5446
4/07/2020;B;20:00:00;791
5/07/2020;A;20:00:00;4479
5/07/2020;B;20:00:00;645
6/07/2020;A;20:00:00;6381
6/07/2020;B;20:00:00;900
7/07/2020;A;20:00:00;6110
7/07/2020;B;20:00:00;859
8/07/2020;A;20:00:00;6446
8/07/2020;B;20:00:00;967
9/07/2020;A;20:00:00;6831
9/07/2020;B;20:00:00;964
10/07/2020;A;20:00:00;6963
10/07/2020;B;20:00:00;982
11/07/2020;A;20:00:00;5695
11/07/2020;B;20:00:00;847
12/07/2020;A;20:00:00;4127
12/07/2020;B;20:00:00;619
13/07/2020;A;20:00:00;5940
13/07/2020;B;20:00:00;845
14/07/2020;A;20:00:00;6126
14/07/2020;B;20:00:00;975
15/07/2020;A;20:00:00;6578
15/07/2020;B;20:00:00;994
16/07/2020;A;20:00:00;7170
16/07/2020;B;20:00:00;1007
17/07/2020;A;20:00:00;3394
17/07/2020;B;20:00:00;386
18/07/2020;A;20:00:00;2438
18/07/2020;B;20:00:00;301
19/07/2020;A;20:00:00;1496
19/07/2020;B;20:00:00;235
20/07/2020;A;20:00:00;2078
20/07/2020;B;20:00:00;325
21/07/2020;A;20:00:00;6885
21/07/2020;B;20:00:00;1014
22/07/2020;A;20:00:00;6912
22/07/2020;B;20:00:00;1042
23/07/2020;A;20:00:00;7573
23/07/2020;B;20:00:00;1052
24/07/2020;A;20:00:00;3517
24/07/2020;B;20:00:00;430
25/07/2020;A;20:00:00;2774
25/07/2020;B;20:00:00;297
26/07/2020;A;20:00:00;2193
26/07/2020;B;20:00:00;277
27/07/2020;A;20:00:00;6831
27/07/2020;B;20:00:00;983
28/07/2020;A;20:00:00;6876
28/07/2020;B;20:00:00;1086
29/07/2020;A;20:00:00;7004
29/07/2020;B;20:00:00;1076
30/07/2020;A;20:00:00;7600
30/07/2020;B;20:00:00;1082
31/07/2020;A;20:00:00;3819
31/07/2020;B;20:00:00;443
1/08/2020;A;20:00:00;2701
1/08/2020;B;20:00:00;308
2/08/2020;A;20:00:00;2206
2/08/2020;B;20:00:00;304
3/08/2020;A;20:00:00;6742
3/08/2020;B;20:00:00;950
4/08/2020;A;20:00:00;6739
4/08/2020;B;20:00:00;1013
5/08/2020;A;20:00:00;7170
5/08/2020;B;20:00:00;1044
6/08/2020;A;20:00:00;8223
6/08/2020;B;20:00:00;1095
7/08/2020;A;20:00:00;2497
7/08/2020;B;20:00:00;323
9/08/2020;A;20:00:00;2396
9/08/2020;B;20:00:00;302
10/08/2020;A;20:00:00;6873
10/08/2020;B;20:00:00;982
11/08/2020;A;20:00:00;6613
11/08/2020;B;20:00:00;952
12/08/2020;A;20:00:00;7116
12/08/2020;B;20:00:00;1056
13/08/2020;A;20:00:00;6682
13/08/2020;B;20:00:00;677
14/08/2020;A;20:00:00;7501
14/08/2020;B;20:00:00;1058
15/08/2020;A;20:00:00;3092
15/08/2020;B;20:00:00;406
16/08/2020;A;20:00:00;1907
16/08/2020;B;20:00:00;260
17/08/2020;A;20:00:00;2589
17/08/2020;B;20:00:00;364
18/08/2020;A;20:00:00;6835
18/08/2020;B;20:00:00;988
19/08/2020;A;20:00:00;6840
19/08/2020;B;20:00:00;1000
20/08/2020;A;20:00:00;14262
20/08/2020;B;20:00:00;2120
21/08/2020;A;20:00:00;7818
21/08/2020;B;20:00:00;1102
22/08/2020;A;20:00:00;6016
22/08/2020;B;20:00:00;889
23/08/2020;A;20:00:00;3830
23/08/2020;B;20:00:00;625
24/08/2020;A;20:00:00;6200
24/08/2020;B;20:00:00;975
25/08/2020;A;20:00:00;6713
25/08/2020;B;20:00:00;991
26/08/2020;A;20:00:00;6985
26/08/2020;B;20:00:00;1123
27/08/2020;A;20:00:00;7079
27/08/2020;B;20:00:00;1066
28/08/2020;A;20:00:00;8004
28/08/2020;B;20:00:00;1177
29/08/2020;A;20:00:00;6197
29/08/2020;B;20:00:00;910
30/08/2020;A;20:00:00;4248
30/08/2020;B;20:00:00;735
31/08/2020;A;20:00:00;7357
31/08/2020;B;20:00:00;1077
1/09/2020;A;20:00:00;8487
1/09/2020;B;20:00:00;1181
2/09/2020;A;20:00:00;8668
2/09/2020;B;20:00:00;1197
3/09/2020;A;20:00:00;8913
3/09/2020;B;20:00:00;1193
4/09/2020;A;20:00:00;10049
4/09/2020;B;20:00:00;1399
5/09/2020;A;20:00:00;8979
5/09/2020;B;20:00:00;1243
6/09/2020;A;20:00:00;7021
6/09/2020;B;20:00:00;920
7/09/2020;A;20:00:00;9573
7/09/2020;B;20:00:00;1319
8/09/2020;A;20:00:00;8980
8/09/2020;B;20:00:00;1208
9/09/2020;A;20:00:00;9271
9/09/2020;B;20:00:00;1252
10/09/2020;A;20:00:00;9985
10/09/2020;B;20:00:00;1415
11/09/2020;A;20:00:00;9458
11/09/2020;B;20:00:00;1222
12/09/2020;A;20:00:00;9282
12/09/2020;B;20:00:00;1305
13/09/2020;A;20:00:00;7164
13/09/2020;B;20:00:00;1015
14/09/2020;A;20:00:00;9316
14/09/2020;B;20:00:00;1266
15/09/2020;A;20:00:00;10062
15/09/2020;B;20:00:00;1510
16/09/2020;A;20:00:00;10064
16/09/2020;B;20:00:00;1381
17/09/2020;A;20:00:00;10276
17/09/2020;B;20:00:00;1381
18/09/2020;A;20:00:00;11212
18/09/2020;B;20:00:00;1515
19/09/2020;A;20:00:00;10821
19/09/2020;B;20:00:00;1358
20/09/2020;A;20:00:00;7809
20/09/2020;B;20:00:00;1092
21/09/2020;A;20:00:00;9928
21/09/2020;B;20:00:00;1295
22/09/2020;A;20:00:00;10223
22/09/2020;B;20:00:00;1378
23/09/2020;A;20:00:00;9946
23/09/2020;B;20:00:00;1347
24/09/2020;A;20:00:00;10169
24/09/2020;B;20:00:00;1471
25/09/2020;A;20:00:00;11581
25/09/2020;B;20:00:00;1571
26/09/2020;A;20:00:00;10643
26/09/2020;B;20:00:00;1468
27/09/2020;A;20:00:00;8056
27/09/2020;B;20:00:00;1209
28/09/2020;A;20:00:00;9956
28/09/2020;B;20:00:00;1289
29/09/2020;A;20:00:00;9933
29/09/2020;B;20:00:00;1376
30/09/2020;A;20:00:00;11163
30/09/2020;B;20:00:00;1467
1/10/2020;A;20:00:00;11296
1/10/2020;B;20:00:00;1519
2/10/2020;A;20:00:00;11943
2/10/2020;B;20:00:00;1670
3/10/2020;A;20:00:00;11099
3/10/2020;B;20:00:00;1462
4/10/2020;A;20:00:00;8753
4/10/2020;B;20:00:00;1168
5/10/2020;A;20:00:00;10786
5/10/2020;B;20:00:00;1529
6/10/2020;A;20:00:00;10920
6/10/2020;B;20:00:00;1606
7/10/2020;A;20:00:00;11265
7/10/2020;B;20:00:00;1552
8/10/2020;A;20:00:00;11496
8/10/2020;B;20:00:00;1574
9/10/2020;A;20:00:00;12074
9/10/2020;B;20:00:00;1632
10/10/2020;A;20:00:00;11314
10/10/2020;B;20:00:00;1559
11/10/2020;A;20:00:00;7919
11/10/2020;B;20:00:00;1062
12/10/2020;A;20:00:00;9315
12/10/2020;B;20:00:00;1190
13/10/2020;A;20:00:00;10156
13/10/2020;B;20:00:00;1438
14/10/2020;A;20:00:00;11197
14/10/2020;B;20:00:00;1628
15/10/2020;A;20:00:00;11994
15/10/2020;B;20:00:00;1726
16/10/2020;A;20:00:00;12871
16/10/2020;B;20:00:00;1750
17/10/2020;A;20:00:00;11614
17/10/2020;B;20:00:00;1557
18/10/2020;A;20:00:00;8616
18/10/2020;B;20:00:00;1186
19/10/2020;A;20:00:00;10700
19/10/2020;B;20:00:00;1406
20/10/2020;A;20:00:00;10966
20/10/2020;B;20:00:00;1523
21/10/2020;A;20:00:00;10962
21/10/2020;B;20:00:00;1634
22/10/2020;A;20:00:00;11551
22/10/2020;B;20:00:00;1631
23/10/2020;A;20:00:00;12466
23/10/2020;B;20:00:00;1785
24/10/2020;A;20:00:00;11163
24/10/2020;B;20:00:00;1428
25/10/2020;A;20:00:00;8682
25/10/2020;B;20:00:00;1213
26/10/2020;A;20:00:00;11269
26/10/2020;B;20:00:00;1569
27/10/2020;A;20:00:00;11499
27/10/2020;B;20:00:00;1594
28/10/2020;A;20:00:00;11669
28/10/2020;B;20:00:00;1692
29/10/2020;A;20:00:00;11875
29/10/2020;B;20:00:00;1692
30/10/2020;A;20:00:00;13823
30/10/2020;B;20:00:00;1891
31/10/2020;A;20:00:00;11265
31/10/2020;B;20:00:00;1502
1/11/2020;A;20:00:00;7024
1/11/2020;B;20:00:00;996
2/11/2020;A;20:00:00;7838
2/11/2020;B;20:00:00;1073
3/11/2020;A;20:00:00;12583
3/11/2020;B;20:00:00;1620
4/11/2020;A;20:00:00;12051
4/11/2020;B;20:00:00;1700
5/11/2020;A;20:00:00;12380
5/11/2020;B;20:00:00;1750
6/11/2020;A;20:00:00;13495
6/11/2020;B;20:00:00;1805
7/11/2020;A;20:00:00;11965
7/11/2020;B;20:00:00;1649
8/11/2020;A;20:00:00;9231
8/11/2020;B;20:00:00;1327
9/11/2020;A;20:00:00;11977
9/11/2020;B;20:00:00;1751
10/11/2020;A;20:00:00;12344
10/11/2020;B;20:00:00;1654
11/11/2020;A;20:00:00;12387
11/11/2020;B;20:00:00;1724
13/11/2020;A;20:00:00;13683
13/11/2020;B;20:00:00;1800
14/11/2020;A;20:00:00;12656
14/11/2020;B;20:00:00;1721
15/11/2020;A;20:00:00;8743
15/11/2020;B;20:00:00;1138
16/11/2020;A;20:00:00;9039
16/11/2020;B;20:00:00;1130
17/11/2020;A;20:00:00;11967
17/11/2020;B;20:00:00;1664
18/11/2020;A;20:00:00;12979
18/11/2020;B;20:00:00;1890
19/11/2020;A;20:00:00;13101
19/11/2020;B;20:00:00;1773
20/11/2020;A;20:00:00;14447
20/11/2020;B;20:00:00;1888
21/11/2020;A;20:00:00;13281
21/11/2020;B;20:00:00;1688
22/11/2020;A;20:00:00;10716
22/11/2020;B;20:00:00;1418
23/11/2020;A;20:00:00;13387
23/11/2020;B;20:00:00;1861
24/11/2020;A;20:00:00;13078
24/11/2020;B;20:00:00;1824
25/11/2020;A;20:00:00;13913
25/11/2020;B;20:00:00;1975
26/11/2020;A;20:00:00;14051
26/11/2020;B;20:00:00;2014
27/11/2020;A;20:00:00;16535
27/11/2020;B;20:00:00;2092
28/11/2020;A;20:00:00;13963
28/11/2020;B;20:00:00;1754
29/11/2020;A;20:00:00;11847
29/11/2020;B;20:00:00;1461
30/11/2020;A;20:00:00;15433
30/11/2020;B;20:00:00;2054
1/12/2020;A;20:00:00;15078
1/12/2020;B;20:00:00;1883
2/12/2020;A;20:00:00;15790
2/12/2020;B;20:00:00;2034
3/12/2020;A;20:00:00;16085
3/12/2020;B;20:00:00;2131
4/12/2020;A;20:00:00;17488
4/12/2020;B;20:00:00;2338
5/12/2020;A;20:00:00;17859
5/12/2020;B;20:00:00;2116
6/12/2020;A;20:00:00;13533
6/12/2020;B;20:00:00;1618
7/12/2020;A;20:00:00;15988
7/12/2020;B;20:00:00;2103
8/12/2020;A;20:00:00;12408
8/12/2020;B;20:00:00;1388
9/12/2020;A;20:00:00;16059
9/12/2020;B;20:00:00;2126
10/12/2020;A;20:00:00;16920
10/12/2020;B;20:00:00;2217
11/12/2020;A;20:00:00;18378
11/12/2020;B;20:00:00;2347
12/12/2020;A;20:00:00;18062
12/12/2020;B;20:00:00;2106
13/12/2020;A;20:00:00;14970
13/12/2020;B;20:00:00;1620
14/12/2020;A;20:00:00;16161
14/12/2020;B;20:00:00;2126
15/12/2020;A;20:00:00;18241
15/12/2020;B;20:00:00;2186
16/12/2020;A;20:00:00;18461
16/12/2020;B;20:00:00;2291
17/12/2020;A;20:00:00;19280
17/12/2020;B;20:00:00;2171
18/12/2020;A;20:00:00;20430
18/12/2020;B;20:00:00;2484
19/12/2020;A;20:00:00;20149
19/12/2020;B;20:00:00;2202
20/12/2020;A;20:00:00;13885
20/12/2020;B;20:00:00;1656
21/12/2020;A;20:00:00;20675
21/12/2020;B;20:00:00;2313
22/12/2020;A;20:00:00;17289
22/12/2020;B;20:00:00;2013
23/12/2020;A;20:00:00;18507
23/12/2020;B;20:00:00;2086
24/12/2020;A;20:00:00;4715
24/12/2020;B;20:00:00;589
25/12/2020;A;20:00:00;3584
25/12/2020;B;20:00:00;392
26/12/2020;A;20:00:00;11324
26/12/2020;B;20:00:00;1440
27/12/2020;A;20:00:00;18534
27/12/2020;B;20:00:00;2430
28/12/2020;A;20:00:00;13825
28/12/2020;B;20:00:00;1701
29/12/2020;A;20:00:00;15236
29/12/2020;B;20:00:00;1862
30/12/2020;A;20:00:00;15340
30/12/2020;B;20:00:00;1753
31/12/2020;A;20:00:00;4457
31/12/2020;B;20:00:00;555
1/01/2021;A;20:00:00;1329
1/01/2021;B;20:00:00;157
2/01/2021;A;20:00:00;2976
2/01/2021;B;20:00:00;326
3/01/2021;A;20:00:00;9334
3/01/2021;B;20:00:00;1182
4/01/2021;A;20:00:00;11873
4/01/2021;B;20:00:00;1459
5/01/2021;A;20:00:00;11762
5/01/2021;B;20:00:00;1575
6/01/2021;A;20:00:00;13372
6/01/2021;B;20:00:00;1729
7/01/2021;A;20:00:00;13312
7/01/2021;B;20:00:00;1735
8/01/2021;A;20:00:00;5585
8/01/2021;B;20:00:00;646
9/01/2021;A;20:00:00;3151
9/01/2021;B;20:00:00;338
10/01/2021;A;20:00:00;1983
10/01/2021;B;20:00:00;259
11/01/2021;A;20:00:00;3062
11/01/2021;B;20:00:00;413
12/01/2021;A;20:00:00;12948
12/01/2021;B;20:00:00;1782
13/01/2021;A;20:00:00;13679
13/01/2021;B;20:00:00;1749
14/01/2021;A;20:00:00;13455
14/01/2021;B;20:00:00;1977
15/01/2021;A;20:00:00;12215
15/01/2021;B;20:00:00;1749
16/01/2021;A;20:00:00;3854
16/01/2021;B;20:00:00;401
17/01/2021;A;20:00:00;3485
17/01/2021;B;20:00:00;449
18/01/2021;A;20:00:00;13432
18/01/2021;B;20:00:00;1995
19/01/2021;A;20:00:00;13582
19/01/2021;B;20:00:00;1965
20/01/2021;A;20:00:00;13955
20/01/2021;B;20:00:00;1954
21/01/2021;A;20:00:00;13988
21/01/2021;B;20:00:00;1993
22/01/2021;A;20:00:00;13958
22/01/2021;B;20:00:00;2009
23/01/2021;A;20:00:00;12043
23/01/2021;B;20:00:00;1684
24/01/2021;A;20:00:00;9677
24/01/2021;B;20:00:00;1297
25/01/2021;A;20:00:00;12516
25/01/2021;B;20:00:00;1879
26/01/2021;A;20:00:00;13030
26/01/2021;B;20:00:00;1987
27/01/2021;A;20:00:00;12796
27/01/2021;B;20:00:00;1865
28/01/2021;A;20:00:00;12804
28/01/2021;B;20:00:00;1832
29/01/2021;A;20:00:00;14116
29/01/2021;B;20:00:00;2117
30/01/2021;A;20:00:00;13148
30/01/2021;B;20:00:00;1907
31/01/2021;A;20:00:00;10775
31/01/2021;B;20:00:00;1374
1/02/2021;A;20:00:00;12318
1/02/2021;B;20:00:00;1879
2/02/2021;A;20:00:00;12854
2/02/2021;B;20:00:00;1924
3/02/2021;A;20:00:00;12851
3/02/2021;B;20:00:00;1892
4/02/2021;A;20:00:00;13281
4/02/2021;B;20:00:00;1974
5/02/2021;A;20:00:00;14286
5/02/2021;B;20:00:00;2043
6/02/2021;A;20:00:00;12969
6/02/2021;B;20:00:00;1758
7/02/2021;A;20:00:00;10577
7/02/2021;B;20:00:00;1530
8/02/2021;A;20:00:00;12107
8/02/2021;B;20:00:00;1736
9/02/2021;A;20:00:00;12521
9/02/2021;B;20:00:00;1915
10/02/2021;A;20:00:00;12778
10/02/2021;B;20:00:00;1960
11/02/2021;A;20:00:00;12890
11/02/2021;B;20:00:00;1937
12/02/2021;A;20:00:00;13938
12/02/2021;B;20:00:00;2019
13/02/2021;A;20:00:00;12099
13/02/2021;B;20:00:00;1649
14/02/2021;A;20:00:00;10412
14/02/2021;B;20:00:00;1438
15/02/2021;A;20:00:00;13186
15/02/2021;B;20:00:00;2007
16/02/2021;A;20:00:00;13154
16/02/2021;B;20:00:00;2022
17/02/2021;A;20:00:00;12831
17/02/2021;B;20:00:00;1952
18/02/2021;A;20:00:00;13842
18/02/2021;B;20:00:00;1979
19/02/2021;A;20:00:00;14817
19/02/2021;B;20:00:00;2171
20/02/2021;A;20:00:00;13318
20/02/2021;B;20:00:00;1864
21/02/2021;A;20:00:00;10718
21/02/2021;B;20:00:00;1425
22/02/2021;A;20:00:00;12549
22/02/2021;B;20:00:00;1860
23/02/2021;A;20:00:00;13340
23/02/2021;B;20:00:00;1973
24/02/2021;A;20:00:00;13576
24/02/2021;B;20:00:00;2175
25/02/2021;A;20:00:00;13772
25/02/2021;B;20:00:00;2054
26/02/2021;A;20:00:00;15151
26/02/2021;B;20:00:00;2138
27/02/2021;A;20:00:00;14513
27/02/2021;B;20:00:00;2145
28/02/2021;A;20:00:00;11456
28/02/2021;B;20:00:00;1600
1/03/2021;A;20:00:00;12488
1/03/2021;B;20:00:00;1823
2/03/2021;A;20:00:00;13207
2/03/2021;B;20:00:00;1946
3/03/2021;A;20:00:00;13529
3/03/2021;B;20:00:00;1976
4/03/2021;A;20:00:00;13821
4/03/2021;B;20:00:00;2145
5/03/2021;A;20:00:00;15187
5/03/2021;B;20:00:00;2135
6/03/2021;A;20:00:00;14166
6/03/2021;B;20:00:00;2047
7/03/2021;A;20:00:00;11395
7/03/2021;B;20:00:00;1619
8/03/2021;A;20:00:00;13686
8/03/2021;B;20:00:00;1910
9/03/2021;A;20:00:00;13615
9/03/2021;B;20:00:00;2030
10/03/2021;A;20:00:00;13178
10/03/2021;B;20:00:00;2058
11/03/2021;A;20:00:00;12613
11/03/2021;B;20:00:00;1832
12/03/2021;A;20:00:00;14491
12/03/2021;B;20:00:00;2201
13/03/2021;A;20:00:00;13284
13/03/2021;B;20:00:00;1904
14/03/2021;A;20:00:00;10486
14/03/2021;B;20:00:00;1450
15/03/2021;A;20:00:00;12403
15/03/2021;B;20:00:00;1749
16/03/2021;A;20:00:00;13480
16/03/2021;B;20:00:00;2098
17/03/2021;A;20:00:00;12660
17/03/2021;B;20:00:00;1943
18/03/2021;A;20:00:00;13595
18/03/2021;B;20:00:00;1906
19/03/2021;A;20:00:00;14798
19/03/2021;B;20:00:00;2312
20/03/2021;A;20:00:00;13712
20/03/2021;B;20:00:00;1994
21/03/2021;A;20:00:00;9160
21/03/2021;B;20:00:00;1267
22/03/2021;A;20:00:00;7573
22/03/2021;B;20:00:00;1144
23/03/2021;A;20:00:00;11184
23/03/2021;B;20:00:00;1868
24/03/2021;A;20:00:00;11838
24/03/2021;B;20:00:00;1834
25/03/2021;A;20:00:00;12579
25/03/2021;B;20:00:00;1941
26/03/2021;A;20:00:00;13201
26/03/2021;B;20:00:00;1900
27/03/2021;A;20:00:00;10935
27/03/2021;B;20:00:00;1792
28/03/2021;A;20:00:00;9188
28/03/2021;B;20:00:00;1470
29/03/2021;A;20:00:00;12294
29/03/2021;B;20:00:00;1896
30/03/2021;A;20:00:00;13511
30/03/2021;B;20:00:00;1956
31/03/2021;A;20:00:00;5190
31/03/2021;B;20:00:00;511
1/04/2021;A;20:00:00;1653
1/04/2021;B;20:00:00;192
2/04/2021;A;20:00:00;1589
2/04/2021;B;20:00:00;203
3/04/2021;A;20:00:00;2551
3/04/2021;B;20:00:00;334
4/04/2021;A;20:00:00;2925
4/04/2021;B;20:00:00;417
5/04/2021;A;20:00:00;5304
5/04/2021;B;20:00:00;627
6/04/2021;A;20:00:00;5601
6/04/2021;B;20:00:00;680
7/04/2021;A;20:00:00;5446
7/04/2021;B;20:00:00;713
8/04/2021;A;20:00:00;8887
8/04/2021;B;20:00:00;1230
9/04/2021;A;20:00:00;4711
9/04/2021;B;20:00:00;626
10/04/2021;A;20:00:00;3405
10/04/2021;B;20:00:00;460
11/04/2021;A;20:00:00;3058
11/04/2021;B;20:00:00;462
12/04/2021;A;20:00:00;9240
12/04/2021;B;20:00:00;1323
13/04/2021;A;20:00:00;9271
13/04/2021;B;20:00:00;1403
14/04/2021;A;20:00:00;9565
14/04/2021;B;20:00:00;1435
15/04/2021;A;20:00:00;11289
15/04/2021;B;20:00:00;1668
16/04/2021;A;20:00:00;5453
16/04/2021;B;20:00:00;771
17/04/2021;A;20:00:00;3923
17/04/2021;B;20:00:00;546
18/04/2021;A;20:00:00;3299
18/04/2021;B;20:00:00;514
19/04/2021;A;20:00:00;10495
19/04/2021;B;20:00:00;1545
20/04/2021;A;20:00:00;9945
20/04/2021;B;20:00:00;1584
21/04/2021;A;20:00:00;10138
21/04/2021;B;20:00:00;1479
22/04/2021;A;20:00:00;10849
22/04/2021;B;20:00:00;1590
23/04/2021;A;20:00:00;5822
23/04/2021;B;20:00:00;858
24/04/2021;A;20:00:00;4200
24/04/2021;B;20:00:00;658
25/04/2021;A;20:00:00;3546
25/04/2021;B;20:00:00;538
26/04/2021;A;20:00:00;10183
26/04/2021;B;20:00:00;1494
27/04/2021;A;20:00:00;10404
27/04/2021;B;20:00:00;1586
28/04/2021;A;20:00:00;7034
28/04/2021;B;20:00:00;1159
29/04/2021;A;20:00:00;9796
29/04/2021;B;20:00:00;1531
30/04/2021;A;20:00:00;5748
30/04/2021;B;20:00:00;787
1/05/2021;A;20:00:00;
1/05/2021;B;20:00:00;
2/05/2021;A;20:00:00;1294
2/05/2021;B;20:00:00;137
3/05/2021;A;20:00:00;8586
3/05/2021;B;20:00:00;1308
4/05/2021;A;20:00:00;7997
4/05/2021;B;20:00:00;1416
5/05/2021;A;20:00:00;1744
5/05/2021;B;20:00:00;180
6/05/2021;A;20:00:00;7214
6/05/2021;B;20:00:00;1237
7/05/2021;A;20:00:00;8965
7/05/2021;B;20:00:00;1429
8/05/2021;A;20:00:00;4258
8/05/2021;B;20:00:00;627
9/05/2021;A;20:00:00;3377
9/05/2021;B;20:00:00;491
10/05/2021;A;20:00:00;10056
10/05/2021;B;20:00:00;1508
11/05/2021;A;20:00:00;10964
11/05/2021;B;20:00:00;1696
12/05/2021;A;20:00:00;9394
12/05/2021;B;20:00:00;1494
13/05/2021;A;20:00:00;10990
13/05/2021;B;20:00:00;1799
14/05/2021;A;20:00:00;11834
14/05/2021;B;20:00:00;1772
15/05/2021;A;20:00:00;10740
15/05/2021;B;20:00:00;1449
16/05/2021;A;20:00:00;6696
16/05/2021;B;20:00:00;838
17/05/2021;A;20:00:00;7052
17/05/2021;B;20:00:00;916
18/05/2021;A;20:00:00;10882
18/05/2021;B;20:00:00;1554
19/05/2021;A;20:00:00;9890
19/05/2021;B;20:00:00;1578
20/05/2021;A;20:00:00;11346
20/05/2021;B;20:00:00;1867
21/05/2021;A;20:00:00;11834
21/05/2021;B;20:00:00;1895
22/05/2021;A;20:00:00;10393
22/05/2021;B;20:00:00;1635
23/05/2021;A;20:00:00;8542
23/05/2021;B;20:00:00;1214
24/05/2021;A;20:00:00;11126
24/05/2021;B;20:00:00;1737
25/05/2021;A;20:00:00;11612
25/05/2021;B;20:00:00;1879
26/05/2021;A;20:00:00;11328
26/05/2021;B;20:00:00;1812
27/05/2021;A;20:00:00;12003
27/05/2021;B;20:00:00;1943
28/05/2021;A;20:00:00;11628
28/05/2021;B;20:00:00;736
29/05/2021;A;20:00:00;11108
29/05/2021;B;20:00:00;1684
30/05/2021;A;20:00:00;9426
30/05/2021;B;20:00:00;1163
31/05/2021;A;20:00:00;11821
31/05/2021;B;20:00:00;1946
1/06/2021;A;20:00:00;11955
1/06/2021;B;20:00:00;1894
2/06/2021;A;20:00:00;12330
2/06/2021;B;20:00:00;1757
3/06/2021;A;20:00:00;12496
3/06/2021;B;20:00:00;1889
4/06/2021;A;20:00:00;13803
4/06/2021;B;20:00:00;2043
5/06/2021;A;20:00:00;11836
5/06/2021;B;20:00:00;1809
6/06/2021;A;20:00:00;8315
6/06/2021;B;20:00:00;1116
7/06/2021;A;20:00:00;8986
7/06/2021;B;20:00:00;1245
8/06/2021;A;20:00:00;12375
8/06/2021;B;20:00:00;1801
9/06/2021;A;20:00:00;13018
9/06/2021;B;20:00:00;1977
10/06/2021;A;20:00:00;12744
10/06/2021;B;20:00:00;1973
11/06/2021;A;20:00:00;14648
11/06/2021;B;20:00:00;2432
12/06/2021;A;20:00:00;11777
12/06/2021;B;20:00:00;1805
13/06/2021;A;20:00:00;7935
13/06/2021;B;20:00:00;1072
14/06/2021;A;20:00:00;9064
14/06/2021;B;20:00:00;1257
15/06/2021;A;20:00:00;13570
15/06/2021;B;20:00:00;2006
16/06/2021;A;20:00:00;14176
16/06/2021;B;20:00:00;2193
17/06/2021;A;20:00:00;11901
17/06/2021;B;20:00:00;1868
18/06/2021;A;20:00:00;14587
18/06/2021;B;20:00:00;2278
19/06/2021;A;20:00:00;13269
19/06/2021;B;20:00:00;1966
20/06/2021;A;20:00:00;9854
20/06/2021;B;20:00:00;1345
21/06/2021;A;20:00:00;12579
21/06/2021;B;20:00:00;1873
22/06/2021;A;20:00:00;12754
22/06/2021;B;20:00:00;2000
23/06/2021;A;20:00:00;12194
23/06/2021;B;20:00:00;1891
24/06/2021;A;20:00:00;13361
24/06/2021;B;20:00:00;1967
25/06/2021;A;20:00:00;14641
25/06/2021;B;20:00:00;1923
26/06/2021;A;20:00:00;12615
26/06/2021;B;20:00:00;1740
27/06/2021;A;20:00:00;11000
27/06/2021;B;20:00:00;1564
28/06/2021;A;20:00:00;12556
28/06/2021;B;20:00:00;1837
29/06/2021;A;20:00:00;13095
29/06/2021;B;20:00:00;2150
30/06/2021;A;20:00:00;14497
30/06/2021;B;20:00:00;2058
1/07/2021;A;20:00:00;13810
1/07/2021;B;20:00:00;2018
2/07/2021;A;20:00:00;15736
2/07/2021;B;20:00:00;2351
3/07/2021;A;20:00:00;13963
3/07/2021;B;20:00:00;2038
4/07/2021;A;20:00:00;12081
4/07/2021;B;20:00:00;1403
5/07/2021;A;20:00:00;10631
5/07/2021;B;20:00:00;1399
6/07/2021;A;20:00:00;12231
6/07/2021;B;20:00:00;1816
7/07/2021;A;20:00:00;13887
7/07/2021;B;20:00:00;2044
8/07/2021;A;20:00:00;13871
8/07/2021;B;20:00:00;2128
9/07/2021;A;20:00:00;13534
9/07/2021;B;20:00:00;2182
10/07/2021;A;20:00:00;12384
10/07/2021;B;20:00:00;1760
11/07/2021;A;20:00:00;11224
11/07/2021;B;20:00:00;1551
12/07/2021;A;20:00:00;13105
12/07/2021;B;20:00:00;1801
13/07/2021;A;20:00:00;13337
13/07/2021;B;20:00:00;2007
14/07/2021;A;20:00:00;14139
14/07/2021;B;20:00:00;2064
15/07/2021;A;20:00:00;14436
15/07/2021;B;20:00:00;2221
16/07/2021;A;20:00:00;16469
16/07/2021;B;20:00:00;2383
17/07/2021;A;20:00:00;14873
17/07/2021;B;20:00:00;2090
18/07/2021;A;20:00:00;11209
18/07/2021;B;20:00:00;1725
19/07/2021;A;20:00:00;14017
19/07/2021;B;20:00:00;1978
20/07/2021;A;20:00:00;9314
20/07/2021;B;20:00:00;1233
21/07/2021;A;20:00:00;13916
21/07/2021;B;20:00:00;2232
22/07/2021;A;20:00:00;14134
22/07/2021;B;20:00:00;2202
23/07/2021;A;20:00:00;15249
23/07/2021;B;20:00:00;2279
24/07/2021;A;20:00:00;12685
24/07/2021;B;20:00:00;1887
25/07/2021;A;20:00:00;10911
25/07/2021;B;20:00:00;1451
26/07/2021;A;20:00:00;13621
26/07/2021;B;20:00:00;1947
27/07/2021;A;20:00:00;14276
27/07/2021;B;20:00:00;2166
28/07/2021;A;20:00:00;14955
28/07/2021;B;20:00:00;2262
29/07/2021;A;20:00:00;13976
29/07/2021;B;20:00:00;2037
30/07/2021;A;20:00:00;17364
30/07/2021;B;20:00:00;2449
31/07/2021;A;20:00:00;13847
31/07/2021;B;20:00:00;2149
1/08/2021;A;20:00:00;11243
1/08/2021;B;20:00:00;1535
2/08/2021;A;20:00:00;14257
2/08/2021;B;20:00:00;2115
3/08/2021;A;20:00:00;14052
3/08/2021;B;20:00:00;2164
4/08/2021;A;20:00:00;15185
4/08/2021;B;20:00:00;2368
5/08/2021;A;20:00:00;15229
5/08/2021;B;20:00:00;2401
6/08/2021;A;20:00:00;17875
6/08/2021;B;20:00:00;2571
7/08/2021;A;20:00:00;12247
7/08/2021;B;20:00:00;2285
8/08/2021;A;20:00:00;12101
8/08/2021;B;20:00:00;1540
9/08/2021;A;20:00:00;14253
9/08/2021;B;20:00:00;2169
10/08/2021;A;20:00:00;15491
10/08/2021;B;20:00:00;2403
11/08/2021;A;20:00:00;15456
11/08/2021;B;20:00:00;2340
12/08/2021;A;20:00:00;15670
12/08/2021;B;20:00:00;2399
13/08/2021;A;20:00:00;19082
13/08/2021;B;20:00:00;2657
14/08/2021;A;20:00:00;16172
14/08/2021;B;20:00:00;2617
15/08/2021;A;20:00:00;12050
15/08/2021;B;20:00:00;1644
16/08/2021;A;20:00:00;11506
16/08/2021;B;20:00:00;1495
17/08/2021;A;20:00:00;15852
17/08/2021;B;20:00:00;2429
18/08/2021;A;20:00:00;16337
18/08/2021;B;20:00:00;2377
19/08/2021;A;20:00:00;15010
19/08/2021;B;20:00:00;2340
20/08/2021;A;20:00:00;19393
20/08/2021;B;20:00:00;2759
21/08/2021;A;20:00:00;14894
21/08/2021;B;20:00:00;2148
22/08/2021;A;20:00:00;12159
22/08/2021;B;20:00:00;2616
23/08/2021;A;20:00:00;14495
23/08/2021;B;20:00:00;2099
24/08/2021;A;20:00:00;14656
24/08/2021;B;20:00:00;2220
25/08/2021;A;20:00:00;15470
25/08/2021;B;20:00:00;2319
26/08/2021;A;20:00:00;15689
26/08/2021;B;20:00:00;2498
27/08/2021;A;20:00:00;17363
27/08/2021;B;20:00:00;2473
28/08/2021;A;20:00:00;15242
28/08/2021;B;20:00:00;2184
29/08/2021;A;20:00:00;11835
29/08/2021;B;20:00:00;1606
30/08/2021;A;20:00:00;15246
30/08/2021;B;20:00:00;3241
31/08/2021;A;20:00:00;16670
31/08/2021;B;20:00:00;2457
1/09/2021;A;20:00:00;16365
1/09/2021;B;20:00:00;2341
2/09/2021;A;20:00:00;16485
2/09/2021;B;20:00:00;2550
3/09/2021;A;20:00:00;19268
3/09/2021;B;20:00:00;2737
4/09/2021;A;20:00:00;16011
4/09/2021;B;20:00:00;2137
5/09/2021;A;20:00:00;12883
5/09/2021;B;20:00:00;1760
6/09/2021;A;20:00:00;14385
6/09/2021;B;20:00:00;2123
7/09/2021;A;20:00:00;15882
7/09/2021;B;20:00:00;2369
8/09/2021;A;20:00:00;15994
8/09/2021;B;20:00:00;2451
9/09/2021;A;20:00:00;18104
9/09/2021;B;20:00:00;2876
10/09/2021;A;20:00:00;17781
10/09/2021;B;20:00:00;2767
11/09/2021;A;20:00:00;14401
11/09/2021;B;20:00:00;2171
12/09/2021;A;20:00:00;13434
12/09/2021;B;20:00:00;3635
13/09/2021;A;20:00:00;15214
13/09/2021;B;20:00:00;2230
14/09/2021;A;20:00:00;16265
14/09/2021;B;20:00:00;2493
15/09/2021;A;20:00:00;17179
15/09/2021;B;20:00:00;4170
16/09/2021;A;20:00:00;17410
16/09/2021;B;20:00:00;2692
17/09/2021;A;20:00:00;19127
17/09/2021;B;20:00:00;2798
18/09/2021;A;20:00:00;17083
18/09/2021;B;20:00:00;2410
19/09/2021;A;20:00:00;13414
19/09/2021;B;20:00:00;1788
20/09/2021;A;20:00:00;15185
20/09/2021;B;20:00:00;2242
21/09/2021;A;20:00:00;15379
21/09/2021;B;20:00:00;2400
22/09/2021;A;20:00:00;16179
22/09/2021;B;20:00:00;2568
23/09/2021;A;20:00:00;16564
23/09/2021;B;20:00:00;2439
24/09/2021;A;20:00:00;18503
24/09/2021;B;20:00:00;2690
25/09/2021;A;20:00:00;15719
25/09/2021;B;20:00:00;4318
26/09/2021;A;20:00:00;14207
26/09/2021;B;20:00:00;1870
27/09/2021;A;20:00:00;15478
27/09/2021;B;20:00:00;2234
28/09/2021;A;20:00:00;15776
28/09/2021;B;20:00:00;2405
29/09/2021;A;20:00:00;16311
29/09/2021;B;20:00:00;2405
30/09/2021;A;20:00:00;17253
30/09/2021;B;20:00:00;2638
1/10/2021;A;20:00:00;18719
1/10/2021;B;20:00:00;2723
2/10/2021;A;20:00:00;17228
2/10/2021;B;20:00:00;2372
3/10/2021;A;20:00:00;14158
3/10/2021;B;20:00:00;2945
4/10/2021;A;20:00:00;15180
4/10/2021;B;20:00:00;2175
5/10/2021;A;20:00:00;16651
5/10/2021;B;20:00:00;2496
6/10/2021;A;20:00:00;16164
6/10/2021;B;20:00:00;2433
7/10/2021;A;20:00:00;18125
7/10/2021;B;20:00:00;2818
8/10/2021;A;20:00:00;17773
8/10/2021;B;20:00:00;2758
9/10/2021;A;20:00:00;15105
9/10/2021;B;20:00:00;2184
10/10/2021;A;20:00:00;13075
10/10/2021;B;20:00:00;1764
11/10/2021;A;20:00:00;15737
11/10/2021;B;20:00:00;2494
12/10/2021;A;20:00:00;16044
12/10/2021;B;20:00:00;2512
13/10/2021;A;20:00:00;16189
13/10/2021;B;20:00:00;2534
14/10/2021;A;20:00:00;15939
14/10/2021;B;20:00:00;2368
15/10/2021;A;20:00:00;19292
15/10/2021;B;20:00:00;2929
16/10/2021;A;20:00:00;15125
16/10/2021;B;20:00:00;2243
17/10/2021;A;20:00:00;12729
17/10/2021;B;20:00:00;1715
18/10/2021;A;20:00:00;12883
18/10/2021;B;20:00:00;1663
19/10/2021;A;20:00:00;16907
19/10/2021;B;20:00:00;2561
20/10/2021;A;20:00:00;17140
20/10/2021;B;20:00:00;2654
21/10/2021;A;20:00:00;17352
21/10/2021;B;20:00:00;2634
22/10/2021;A;20:00:00;17835
22/10/2021;B;20:00:00;2766
23/10/2021;A;20:00:00;15206
23/10/2021;B;20:00:00;3569
24/10/2021;A;20:00:00;12911
24/10/2021;B;20:00:00;1810
25/10/2021;A;20:00:00;15901
25/10/2021;B;20:00:00;2352
26/10/2021;A;20:00:00;17373
26/10/2021;B;20:00:00;2581
27/10/2021;A;20:00:00;17016
27/10/2021;B;20:00:00;2537
28/10/2021;A;20:00:00;18281
28/10/2021;B;20:00:00;2655
29/10/2021;A;20:00:00;20966
29/10/2021;B;20:00:00;3128
30/10/2021;A;20:00:00;17302
30/10/2021;B;20:00:00;2529
31/10/2021;A;20:00:00;15488
31/10/2021;B;20:00:00;2621
1/11/2021;A;20:00:00;12208
1/11/2021;B;20:00:00;1574
2/11/2021;A;20:00:00;16848
2/11/2021;B;20:00:00;2616
3/11/2021;A;20:00:00;17630
3/11/2021;B;20:00:00;2655
4/11/2021;A;20:00:00;18525
4/11/2021;B;20:00:00;2830
5/11/2021;A;20:00:00;19494
5/11/2021;B;20:00:00;2705
6/11/2021;A;20:00:00;15853
6/11/2021;B;20:00:00;2260
7/11/2021;A;20:00:00;13780
7/11/2021;B;20:00:00;1837
8/11/2021;A;20:00:00;16437
8/11/2021;B;20:00:00;2408
9/11/2021;A;20:00:00;17576
9/11/2021;B;20:00:00;2720
10/11/2021;A;20:00:00;18003
10/11/2021;B;20:00:00;2518
11/11/2021;A;20:00:00;16897
11/11/2021;B;20:00:00;2562
12/11/2021;A;20:00:00;20834
12/11/2021;B;20:00:00;3032
13/11/2021;A;20:00:00;17124
13/11/2021;B;20:00:00;2392
14/11/2021;A;20:00:00;13051
14/11/2021;B;20:00:00;2106
15/11/2021;A;20:00:00;12974
15/11/2021;B;20:00:00;1685
16/11/2021;A;20:00:00;20302
16/11/2021;B;20:00:00;3017
17/11/2021;A;20:00:00;18893
17/11/2021;B;20:00:00;2777
18/11/2021;A;20:00:00;19437
18/11/2021;B;20:00:00;2900
19/11/2021;A;20:00:00;22315
19/11/2021;B;20:00:00;2877
20/11/2021;A;20:00:00;17348
20/11/2021;B;20:00:00;2376
21/11/2021;A;20:00:00;13991
21/11/2021;B;20:00:00;1988
22/11/2021;A;20:00:00;17977
22/11/2021;B;20:00:00;2506
23/11/2021;A;20:00:00;18031
23/11/2021;B;20:00:00;2580
24/11/2021;A;20:00:00;18874
24/11/2021;B;20:00:00;2628
25/11/2021;A;20:00:00;19387
25/11/2021;B;20:00:00;2798
26/11/2021;A;20:00:00;22035
26/11/2021;B;20:00:00;2985
27/11/2021;A;20:00:00;18705
27/11/2021;B;20:00:00;2523
28/11/2021;A;20:00:00;15801
28/11/2021;B;20:00:00;1920
29/11/2021;A;20:00:00;18735
29/11/2021;B;20:00:00;2465
30/11/2021;A;20:00:00;22857
30/11/2021;B;20:00:00;2847
1/12/2021;A;20:00:00;21476
1/12/2021;B;20:00:00;2821
2/12/2021;A;20:00:00;22673
2/12/2021;B;20:00:00;2948
3/12/2021;A;20:00:00;28167
3/12/2021;B;20:00:00;3154
4/12/2021;A;20:00:00;23107
4/12/2021;B;20:00:00;2830
5/12/2021;A;20:00:00;18634
5/12/2021;B;20:00:00;2132
6/12/2021;A;20:00:00;22076
6/12/2021;B;20:00:00;2893
7/12/2021;A;20:00:00;23830
7/12/2021;B;20:00:00;3109
8/12/2021;A;20:00:00;18347
8/12/2021;B;20:00:00;1973
9/12/2021;A;20:00:00;22358
9/12/2021;B;20:00:00;2861
10/12/2021;A;20:00:00;24950
10/12/2021;B;20:00:00;3108
11/12/2021;A;20:00:00;22469
11/12/2021;B;20:00:00;2591
12/12/2021;A;20:00:00;19429
12/12/2021;B;20:00:00;2206
13/12/2021;A;20:00:00;22312
13/12/2021;B;20:00:00;2755
14/12/2021;A;20:00:00;23105
14/12/2021;B;20:00:00;2915
15/12/2021;A;20:00:00;25029
15/12/2021;B;20:00:00;2884
16/12/2021;A;20:00:00;26398
16/12/2021;B;20:00:00;2838
17/12/2021;A;20:00:00;26800
17/12/2021;B;20:00:00;3002
18/12/2021;A;20:00:00;28814
18/12/2021;B;20:00:00;3144
19/12/2021;A;20:00:00;20621
19/12/2021;B;20:00:00;2480
20/12/2021;A;20:00:00;24689
20/12/2021;B;20:00:00;2614
21/12/2021;A;20:00:00;27665
21/12/2021;B;20:00:00;2957
22/12/2021;A;20:00:00;25877
22/12/2021;B;20:00:00;2673
23/12/2021;A;20:00:00;31012
23/12/2021;B;20:00:00;3176
24/12/2021;A;20:00:00;18466
24/12/2021;B;20:00:00;2331
25/12/2021;A;20:00:00;11408
25/12/2021;B;20:00:00;1198
26/12/2021;A;20:00:00;17092
26/12/2021;B;20:00:00;1837
27/12/2021;A;20:00:00;18630
27/12/2021;B;20:00:00;2109
28/12/2021;A;20:00:00;21134
28/12/2021;B;20:00:00;2323
29/12/2021;A;20:00:00;21159
29/12/2021;B;20:00:00;2503
30/12/2021;A;20:00:00;23596
30/12/2021;B;20:00:00;2532
31/12/2021;A;20:00:00;12278
31/12/2021;B;20:00:00;1827
1/01/2022;A;20:00:00;8085
1/01/2022;B;20:00:00;1028
2/01/2022;A;20:00:00;14714
2/01/2022;B;20:00:00;1539
3/01/2022;A;20:00:00;16368
3/01/2022;B;20:00:00;1896
4/01/2022;A;20:00:00;16391
4/01/2022;B;20:00:00;2134
5/01/2022;A;20:00:00;16007
5/01/2022;B;20:00:00;2108
6/01/2022;A;20:00:00;12722
6/01/2022;B;20:00:00;1666
7/01/2022;A;20:00:00;15056
7/01/2022;B;20:00:00;2012
8/01/2022;A;20:00:00;13952
8/01/2022;B;20:00:00;2005
9/01/2022;A;20:00:00;13882
9/01/2022;B;20:00:00;1781
10/01/2022;A;20:00:00;13379
10/01/2022;B;20:00:00;1821
11/01/2022;A;20:00:00;14384
11/01/2022;B;20:00:00;2013
12/01/2022;A;20:00:00;15162
12/01/2022;B;20:00:00;2274
13/01/2022;A;20:00:00;15412
13/01/2022;B;20:00:00;2263
14/01/2022;A;20:00:00;17222
14/01/2022;B;20:00:00;2461
15/01/2022;A;20:00:00;15076
15/01/2022;B;20:00:00;2367
16/01/2022;A;20:00:00;14445
16/01/2022;B;20:00:00;1978
17/01/2022;A;20:00:00;16553
17/01/2022;B;20:00:00;2401
18/01/2022;A;20:00:00;16486
18/01/2022;B;20:00:00;2504
19/01/2022;A;20:00:00;16997
19/01/2022;B;20:00:00;2604
20/01/2022;A;20:00:00;17360
20/01/2022;B;20:00:00;2558
21/01/2022;A;20:00:00;18132
21/01/2022;B;20:00:00;2774
22/01/2022;A;20:00:00;15030
22/01/2022;B;20:00:00;2278
23/01/2022;A;20:00:00;14177
23/01/2022;B;20:00:00;2104
24/01/2022;A;20:00:00;16712
24/01/2022;B;20:00:00;2565
25/01/2022;A;20:00:00;16995
25/01/2022;B;20:00:00;2568
26/01/2022;A;20:00:00;17708
26/01/2022;B;20:00:00;2752
27/01/2022;A;20:00:00;17577
27/01/2022;B;20:00:00;2671
28/01/2022;A;20:00:00;17875
28/01/2022;B;20:00:00;2851
29/01/2022;A;20:00:00;15725
29/01/2022;B;20:00:00;2388
30/01/2022;A;20:00:00;15212
30/01/2022;B;20:00:00;2288
31/01/2022;A;20:00:00;18200
31/01/2022;B;20:00:00;3026
1/02/2022;A;20:00:00;19099
1/02/2022;B;20:00:00;3199
2/02/2022;A;20:00:00;18455
2/02/2022;B;20:00:00;3317
3/02/2022;A;20:00:00;19056
3/02/2022;B;20:00:00;3091
4/02/2022;A;20:00:00;19456
4/02/2022;B;20:00:00;3248
5/02/2022;A;20:00:00;16027
5/02/2022;B;20:00:00;2136
6/02/2022;A;20:00:00;14539
6/02/2022;B;20:00:00;1913
7/02/2022;A;20:00:00;18289
7/02/2022;B;20:00:00;3008
8/02/2022;A;20:00:00;18835
8/02/2022;B;20:00:00;5439
9/02/2022;A;20:00:00;18900
9/02/2022;B;20:00:00;3376
10/02/2022;A;20:00:00;19845
10/02/2022;B;20:00:00;3409
11/02/2022;A;20:00:00;20981
11/02/2022;B;20:00:00;3382
12/02/2022;A;20:00:00;15474
12/02/2022;B;20:00:00;2473
13/02/2022;A;20:00:00;13620
13/02/2022;B;20:00:00;1660
14/02/2022;A;20:00:00;18549
14/02/2022;B;20:00:00;3082
15/02/2022;A;20:00:00;20849
15/02/2022;B;20:00:00;3469
16/02/2022;A;20:00:00;20509
16/02/2022;B;20:00:00;3435
17/02/2022;A;20:00:00;20418
17/02/2022;B;20:00:00;3124
18/02/2022;A;20:00:00;20623
18/02/2022;B;20:00:00;3212
19/02/2022;A;20:00:00;16209
19/02/2022;B;20:00:00;2424
20/02/2022;A;20:00:00;15201
20/02/2022;B;20:00:00;1903
21/02/2022;A;20:00:00;19879
21/02/2022;B;20:00:00;3134
22/02/2022;A;20:00:00;19910
22/02/2022;B;20:00:00;3374
23/02/2022;A;20:00:00;19332
23/02/2022;B;20:00:00;3468
24/02/2022;A;20:00:00;20202
24/02/2022;B;20:00:00;3498
25/02/2022;A;20:00:00;21213
25/02/2022;B;20:00:00;3328
26/02/2022;A;20:00:00;15641
26/02/2022;B;20:00:00;2440
27/02/2022;A;20:00:00;13809
27/02/2022;B;20:00:00;1883
28/02/2022;A;20:00:00;20296
28/02/2022;B;20:00:00;3166
1/03/2022;A;20:00:00;21325
1/03/2022;B;20:00:00;3384
2/03/2022;A;20:00:00;21066
2/03/2022;B;20:00:00;3678
3/03/2022;A;20:00:00;20379
3/03/2022;B;20:00:00;3288
4/03/2022;A;20:00:00;22516
4/03/2022;B;20:00:00;3470
5/03/2022;A;20:00:00;16521
5/03/2022;B;20:00:00;2496
6/03/2022;A;20:00:00;13780
6/03/2022;B;20:00:00;1708
7/03/2022;A;20:00:00;20045
7/03/2022;B;20:00:00;3068
8/03/2022;A;20:00:00;21330
8/03/2022;B;20:00:00;3722
9/03/2022;A;20:00:00;20531
9/03/2022;B;20:00:00;3659
10/03/2022;A;20:00:00;21325
10/03/2022;B;20:00:00;3677
11/03/2022;A;20:00:00;22577
11/03/2022;B;20:00:00;3493
12/03/2022;A;20:00:00;15588
12/03/2022;B;20:00:00;2392
13/03/2022;A;20:00:00;13818
13/03/2022;B;20:00:00;2089
14/03/2022;A;20:00:00;18495
14/03/2022;B;20:00:00;2840
15/03/2022;A;20:00:00;21774
15/03/2022;B;20:00:00;3586
16/03/2022;A;20:00:00;20252
16/03/2022;B;20:00:00;3059
17/03/2022;A;20:00:00;21049
17/03/2022;B;20:00:00;3429
18/03/2022;A;20:00:00;22266
18/03/2022;B;20:00:00;3625
19/03/2022;A;20:00:00;16427
19/03/2022;B;20:00:00;2557
20/03/2022;A;20:00:00;13858
20/03/2022;B;20:00:00;1938
21/03/2022;A;20:00:00;14210
21/03/2022;B;20:00:00;1865
22/03/2022;A;20:00:00;20624
22/03/2022;B;20:00:00;3586
23/03/2022;A;20:00:00;19576
23/03/2022;B;20:00:00;3447
24/03/2022;A;20:00:00;21340
24/03/2022;B;20:00:00;3365
25/03/2022;A;20:00:00;20961
25/03/2022;B;20:00:00;3248
26/03/2022;A;20:00:00;16085
26/03/2022;B;20:00:00;2571
27/03/2022;A;20:00:00;14024
27/03/2022;B;20:00:00;1894
28/03/2022;A;20:00:00;19180
28/03/2022;B;20:00:00;3094
29/03/2022;A;20:00:00;19585
29/03/2022;B;20:00:00;3272
30/03/2022;A;20:00:00;21038
30/03/2022;B;20:00:00;3404
31/03/2022;A;20:00:00;21400
31/03/2022;B;20:00:00;3547
1/04/2022;A;20:00:00;22699
1/04/2022;B;20:00:00;3542
2/04/2022;A;20:00:00;17794
2/04/2022;B;20:00:00;2665
3/04/2022;A;20:00:00;15052
3/04/2022;B;20:00:00;2014
4/04/2022;A;20:00:00;20834
4/04/2022;B;20:00:00;3163
5/04/2022;A;20:00:00;21510
5/04/2022;B;20:00:00;3477
6/04/2022;A;20:00:00;20699
6/04/2022;B;20:00:00;3440
7/04/2022;A;20:00:00;21413
7/04/2022;B;20:00:00;3479
8/04/2022;A;20:00:00;21443
8/04/2022;B;20:00:00;3057
9/04/2022;A;20:00:00;17543
9/04/2022;B;20:00:00;2879
10/04/2022;A;20:00:00;14677
10/04/2022;B;20:00:00;3635
11/04/2022;A;20:00:00;17642
11/04/2022;B;20:00:00;2389
12/04/2022;A;20:00:00;18746
12/04/2022;B;20:00:00;2421
13/04/2022;A;20:00:00;20099
13/04/2022;B;20:00:00;2716
14/04/2022;A;20:00:00;11156
14/04/2022;B;20:00:00;1670
15/04/2022;A;20:00:00;9030
15/04/2022;B;20:00:00;1401
16/04/2022;A;20:00:00;12954
16/04/2022;B;20:00:00;2026
17/04/2022;A;20:00:00;13845
17/04/2022;B;20:00:00;1788
18/04/2022;A;20:00:00;20050
18/04/2022;B;20:00:00;2763
19/04/2022;A;20:00:00;20138
19/04/2022;B;20:00:00;3610
20/04/2022;A;20:00:00;21274
20/04/2022;B;20:00:00;3200
21/04/2022;A;20:00:00;21930
21/04/2022;B;20:00:00;3668
22/04/2022;A;20:00:00;21459
22/04/2022;B;20:00:00;3458
23/04/2022;A;20:00:00;17209
23/04/2022;B;20:00:00;5796
24/04/2022;A;20:00:00;15649
24/04/2022;B;20:00:00;1926
25/04/2022;A;20:00:00;19994
25/04/2022;B;20:00:00;3093
26/04/2022;A;20:00:00;20231
26/04/2022;B;20:00:00;3496
27/04/2022;A;20:00:00;21413
27/04/2022;B;20:00:00;3689
28/04/2022;A;20:00:00;17642
28/04/2022;B;20:00:00;2668
29/04/2022;A;20:00:00;23721
29/04/2022;B;20:00:00;3618
30/04/2022;A;20:00:00;17909
30/04/2022;B;20:00:00;2742
1/05/2022;A;20:00:00;17078
1/05/2022;B;20:00:00;2231
2/05/2022;A;20:00:00;20860
2/05/2022;B;20:00:00;3080
3/05/2022;A;20:00:00;21599
3/05/2022;B;20:00:00;3316
4/05/2022;A;20:00:00;21472
4/05/2022;B;20:00:00;3306
5/05/2022;A;20:00:00;22446
5/05/2022;B;20:00:00;3557
6/05/2022;A;20:00:00;21934
6/05/2022;B;20:00:00;3259
7/05/2022;A;20:00:00;16177
7/05/2022;B;20:00:00;2243
8/05/2022;A;20:00:00;14691
8/05/2022;B;20:00:00;1834
9/05/2022;A;20:00:00;18130
9/05/2022;B;20:00:00;2625
10/05/2022;A;20:00:00;20438
10/05/2022;B;20:00:00;3182
11/05/2022;A;20:00:00;19973
11/05/2022;B;20:00:00;3165
12/05/2022;A;20:00:00;21307
12/05/2022;B;20:00:00;3314
13/05/2022;A;20:00:00;21744
13/05/2022;B;20:00:00;3577
14/05/2022;A;20:00:00;17323
14/05/2022;B;20:00:00;5482
15/05/2022;A;20:00:00;16592
15/05/2022;B;20:00:00;2119
16/05/2022;A;20:00:00;20393
16/05/2022;B;20:00:00;2858
17/05/2022;A;20:00:00;20365
17/05/2022;B;20:00:00;3174
18/05/2022;A;20:00:00;21645
18/05/2022;B;20:00:00;3210
19/05/2022;A;20:00:00;20329
19/05/2022;B;20:00:00;3299
20/05/2022;A;20:00:00;22461
20/05/2022;B;20:00:00;3534
21/05/2022;A;20:00:00;16339
21/05/2022;B;20:00:00;2911
22/05/2022;A;20:00:00;15077
22/05/2022;B;20:00:00;2102
23/05/2022;A;20:00:00;19604
23/05/2022;B;20:00:00;2684
24/05/2022;A;20:00:00;20135
24/05/2022;B;20:00:00;3145
25/05/2022;A;20:00:00;20059
25/05/2022;B;20:00:00;3101
26/05/2022;A;20:00:00;21364
26/05/2022;B;20:00:00;3420
27/05/2022;A;20:00:00;21717
27/05/2022;B;20:00:00;3292
28/05/2022;A;20:00:00;15055
28/05/2022;B;20:00:00;2136
29/05/2022;A;20:00:00;12209
29/05/2022;B;20:00:00;1745
30/05/2022;A;20:00:00;13704
30/05/2022;B;20:00:00;2128
31/05/2022;A;20:00:00;19970
31/05/2022;B;20:00:00;3000
1/06/2022;A;20:00:00;20076
1/06/2022;B;20:00:00;2988
2/06/2022;A;20:00:00;21727
2/06/2022;B;20:00:00;3017
3/06/2022;A;20:00:00;22412
3/06/2022;B;20:00:00;3430
4/06/2022;A;20:00:00;16043
4/06/2022;B;20:00:00;3077
5/06/2022;A;20:00:00;14416
5/06/2022;B;20:00:00;2006
6/06/2022;A;20:00:00;18856
6/06/2022;B;20:00:00;2620
7/06/2022;A;20:00:00;20449
7/06/2022;B;20:00:00;2981
8/06/2022;A;20:00:00;19320
8/06/2022;B;20:00:00;2992
9/06/2022;A;20:00:00;19777
9/06/2022;B;20:00:00;3163
10/06/2022;A;20:00:00;21618
10/06/2022;B;20:00:00;3143
11/06/2022;A;20:00:00;16553
11/06/2022;B;20:00:00;2297
12/06/2022;A;20:00:00;14344
12/06/2022;B;20:00:00;3296
13/06/2022;A;20:00:00;18592
13/06/2022;B;20:00:00;2718
14/06/2022;A;20:00:00;19957
14/06/2022;B;20:00:00;2888
15/06/2022;A;20:00:00;21020
15/06/2022;B;20:00:00;2904
16/06/2022;A;20:00:00;17775
16/06/2022;B;20:00:00;2790
17/06/2022;A;20:00:00;18535
17/06/2022;B;20:00:00;2679
18/06/2022;A;20:00:00;11707
18/06/2022;B;20:00:00;1746
19/06/2022;A;20:00:00;9484
19/06/2022;B;20:00:00;1566
20/06/2022;A;20:00:00;10960
20/06/2022;B;20:00:00;1650
21/06/2022;A;20:00:00;16384
21/06/2022;B;20:00:00;2771
22/06/2022;A;20:00:00;18081
22/06/2022;B;20:00:00;2649
23/06/2022;A;20:00:00;20242
23/06/2022;B;20:00:00;3082
24/06/2022;A;20:00:00;20342
24/06/2022;B;20:00:00;3055
25/06/2022;A;20:00:00;15716
25/06/2022;B;20:00:00;2399
26/06/2022;A;20:00:00;10931
26/06/2022;B;20:00:00;1557
27/06/2022;A;20:00:00;13613
27/06/2022;B;20:00:00;1644
28/06/2022;A;20:00:00;18907
28/06/2022;B;20:00:00;2842
29/06/2022;A;20:00:00;19148
29/06/2022;B;20:00:00;2845
30/06/2022;A;20:00:00;23908
30/06/2022;B;20:00:00;3095
1/07/2022;A;20:00:00;23204
1/07/2022;B;20:00:00;3317
2/07/2022;A;20:00:00;19018
2/07/2022;B;20:00:00;2775
3/07/2022;A;20:00:00;16176
3/07/2022;B;20:00:00;5265
4/07/2022;A;20:00:00;14961
4/07/2022;B;20:00:00;2027
5/07/2022;A;20:00:00;20089
5/07/2022;B;20:00:00;2862
6/07/2022;A;20:00:00;19966
6/07/2022;B;20:00:00;2843
7/07/2022;A;20:00:00;20305
7/07/2022;B;20:00:00;2920
8/07/2022;A;20:00:00;20999
8/07/2022;B;20:00:00;3106
9/07/2022;A;20:00:00;18082
9/07/2022;B;20:00:00;2822
10/07/2022;A;20:00:00;16148
10/07/2022;B;20:00:00;5373
11/07/2022;A;20:00:00;17870
11/07/2022;B;20:00:00;2459
12/07/2022;A;20:00:00;18816
12/07/2022;B;20:00:00;2715
13/07/2022;A;20:00:00;20928
13/07/2022;B;20:00:00;2935
14/07/2022;A;20:00:00;20969
14/07/2022;B;20:00:00;5266
15/07/2022;A;20:00:00;22680
15/07/2022;B;20:00:00;3159
16/07/2022;A;20:00:00;18341
16/07/2022;B;20:00:00;6229
17/07/2022;A;20:00:00;16621
17/07/2022;B;20:00:00;2154
18/07/2022;A;20:00:00;20271
18/07/2022;B;20:00:00;2771
19/07/2022;A;20:00:00;22449
19/07/2022;B;20:00:00;3175
20/07/2022;A;20:00:00;14808
20/07/2022;B;20:00:00;2224
21/07/2022;A;20:00:00;19663
21/07/2022;B;20:00:00;2942
22/07/2022;A;20:00:00;21784
22/07/2022;B;20:00:00;2998
23/07/2022;A;20:00:00;15812
23/07/2022;B;20:00:00;2453
24/07/2022;A;20:00:00;14053
24/07/2022;B;20:00:00;2256
25/07/2022;A;20:00:00;19648
25/07/2022;B;20:00:00;2678
26/07/2022;A;20:00:00;20503
26/07/2022;B;20:00:00;3004
27/07/2022;A;20:00:00;21041
27/07/2022;B;20:00:00;3456
28/07/2022;A;20:00:00;21234
28/07/2022;B;20:00:00;3659
29/07/2022;A;20:00:00;23023
29/07/2022;B;20:00:00;3530
30/07/2022;A;20:00:00;18413
30/07/2022;B;20:00:00;2546
31/07/2022;A;20:00:00;16768
31/07/2022;B;20:00:00;2261
1/08/2022;A;20:00:00;22109
1/08/2022;B;20:00:00;3402
2/08/2022;A;20:00:00;20879
2/08/2022;B;20:00:00;3194
3/08/2022;A;20:00:00;22093
3/08/2022;B;20:00:00;3532
4/08/2022;A;20:00:00;21480
4/08/2022;B;20:00:00;3385
5/08/2022;A;20:00:00;25272
5/08/2022;B;20:00:00;6147
6/08/2022;A;20:00:00;19096
6/08/2022;B;20:00:00;2762
7/08/2022;A;20:00:00;16077
7/08/2022;B;20:00:00;2363
8/08/2022;A;20:00:00;20495
8/08/2022;B;20:00:00;3259
9/08/2022;A;20:00:00;22606
9/08/2022;B;20:00:00;3567
10/08/2022;A;20:00:00;22851
10/08/2022;B;20:00:00;3884
11/08/2022;A;20:00:00;24092
11/08/2022;B;20:00:00;3691
12/08/2022;A;20:00:00;24088
12/08/2022;B;20:00:00;3828
13/08/2022;A;20:00:00;22489
13/08/2022;B;20:00:00;3597
14/08/2022;A;20:00:00;17256
14/08/2022;B;20:00:00;2854
15/08/2022;A;20:00:00;16704
15/08/2022;B;20:00:00;2660
16/08/2022;A;20:00:00;23478
16/08/2022;B;20:00:00;3787
17/08/2022;A;20:00:00;22780
17/08/2022;B;20:00:00;5496
18/08/2022;A;20:00:00;21944
18/08/2022;B;20:00:00;3552
19/08/2022;A;20:00:00;24385
19/08/2022;B;20:00:00;4079
20/08/2022;A;20:00:00;18721
20/08/2022;B;20:00:00;2948
21/08/2022;A;20:00:00;15554
21/08/2022;B;20:00:00;2283
22/08/2022;A;20:00:00;21234
22/08/2022;B;20:00:00;3303
23/08/2022;A;20:00:00;22524
23/08/2022;B;20:00:00;3753
24/08/2022;A;20:00:00;22998
24/08/2022;B;20:00:00;3691
25/08/2022;A;20:00:00;23285
25/08/2022;B;20:00:00;3840
26/08/2022;A;20:00:00;23472
26/08/2022;B;20:00:00;3768
27/08/2022;A;20:00:00;16597
27/08/2022;B;20:00:00;2599
28/08/2022;A;20:00:00;15359
28/08/2022;B;20:00:00;2043
29/08/2022;A;20:00:00;20544
29/08/2022;B;20:00:00;3087
30/08/2022;A;20:00:00;22618
30/08/2022;B;20:00:00;3756
31/08/2022;A;20:00:00;24248
31/08/2022;B;20:00:00;3773
1/09/2022;A;20:00:00;22696
1/09/2022;B;20:00:00;3721
2/09/2022;A;20:00:00;24315
2/09/2022;B;20:00:00;3699
3/09/2022;A;20:00:00;18199
3/09/2022;B;20:00:00;2575
4/09/2022;A;20:00:00;15982
4/09/2022;B;20:00:00;6186
5/09/2022;A;20:00:00;21732
5/09/2022;B;20:00:00;3307
6/09/2022;A;20:00:00;22159
6/09/2022;B;20:00:00;3893
7/09/2022;A;20:00:00;22021
7/09/2022;B;20:00:00;3808
8/09/2022;A;20:00:00;23313
8/09/2022;B;20:00:00;3913
9/09/2022;A;20:00:00;23440
9/09/2022;B;20:00:00;3645
10/09/2022;A;20:00:00;19260
10/09/2022;B;20:00:00;5154
11/09/2022;A;20:00:00;16406
11/09/2022;B;20:00:00;2105
12/09/2022;A;20:00:00;20838
12/09/2022;B;20:00:00;3230
13/09/2022;A;20:00:00;21757
13/09/2022;B;20:00:00;3543
14/09/2022;A;20:00:00;22407
14/09/2022;B;20:00:00;3416
15/09/2022;A;20:00:00;24560
15/09/2022;B;20:00:00;3891
16/09/2022;A;20:00:00;24982
16/09/2022;B;20:00:00;3798
17/09/2022;A;20:00:00;20531
17/09/2022;B;20:00:00;2741
18/09/2022;A;20:00:00;16814
18/09/2022;B;20:00:00;3429
19/09/2022;A;20:00:00;20304
19/09/2022;B;20:00:00;3188
20/09/2022;A;20:00:00;21531
20/09/2022;B;20:00:00;3564
21/09/2022;A;20:00:00;22438
21/09/2022;B;20:00:00;3515
22/09/2022;A;20:00:00;22847
22/09/2022;B;20:00:00;3543
23/09/2022;A;20:00:00;23023
23/09/2022;B;20:00:00;3541
24/09/2022;A;20:00:00;16693
24/09/2022;B;20:00:00;2511
25/09/2022;A;20:00:00;16126
25/09/2022;B;20:00:00;2045
26/09/2022;A;20:00:00;20475
26/09/2022;B;20:00:00;3137
27/09/2022;A;20:00:00;21585
27/09/2022;B;20:00:00;3564
28/09/2022;A;20:00:00;22176
28/09/2022;B;20:00:00;3576
29/09/2022;A;20:00:00;21971
29/09/2022;B;20:00:00;3554
30/09/2022;A;20:00:00;25213
30/09/2022;B;20:00:00;3651
1/10/2022;A;20:00:00;18603
1/10/2022;B;20:00:00;2627
2/10/2022;A;20:00:00;16918
2/10/2022;B;20:00:00;2205
3/10/2022;A;20:00:00;21365
3/10/2022;B;20:00:00;3297
4/10/2022;A;20:00:00;21216
4/10/2022;B;20:00:00;3383
5/10/2022;A;20:00:00;22507
5/10/2022;B;20:00:00;3414
6/10/2022;A;20:00:00;22856
6/10/2022;B;20:00:00;3402
7/10/2022;A;20:00:00;21173
7/10/2022;B;20:00:00;3475
8/10/2022;A;20:00:00;17812
8/10/2022;B;20:00:00;2619
9/10/2022;A;20:00:00;14643
9/10/2022;B;20:00:00;2099
10/10/2022;A;20:00:00;21286
10/10/2022;B;20:00:00;3199
11/10/2022;A;20:00:00;21830
11/10/2022;B;20:00:00;3680
12/10/2022;A;20:00:00;21965
12/10/2022;B;20:00:00;3399
13/10/2022;A;20:00:00;22169
13/10/2022;B;20:00:00;3366
14/10/2022;A;20:00:00;23871
14/10/2022;B;20:00:00;3755
15/10/2022;A;20:00:00;17873
15/10/2022;B;20:00:00;2586
16/10/2022;A;20:00:00;15222
16/10/2022;B;20:00:00;2206
17/10/2022;A;20:00:00;14458
17/10/2022;B;20:00:00;1906
18/10/2022;A;20:00:00;21937
18/10/2022;B;20:00:00;3315
19/10/2022;A;20:00:00;22250
19/10/2022;B;20:00:00;3447
20/10/2022;A;20:00:00;23495
20/10/2022;B;20:00:00;3590
21/10/2022;A;20:00:00;22822
21/10/2022;B;20:00:00;3601
22/10/2022;A;20:00:00;17435
22/10/2022;B;20:00:00;2444
23/10/2022;A;20:00:00;14496
23/10/2022;B;20:00:00;1857
24/10/2022;A;20:00:00;20492
24/10/2022;B;20:00:00;3137
25/10/2022;A;20:00:00;22562
25/10/2022;B;20:00:00;3614
26/10/2022;A;20:00:00;23114
26/10/2022;B;20:00:00;3581
27/10/2022;A;20:00:00;22961
27/10/2022;B;20:00:00;3554
28/10/2022;A;20:00:00;24509
28/10/2022;B;20:00:00;3660
29/10/2022;A;20:00:00;19358
29/10/2022;B;20:00:00;2942
30/10/2022;A;20:00:00;15425
30/10/2022;B;20:00:00;2323
31/10/2022;A;20:00:00;23088
31/10/2022;B;20:00:00;3248
1/11/2022;A;20:00:00;22493
1/11/2022;B;20:00:00;3541
2/11/2022;A;20:00:00;22520
2/11/2022;B;20:00:00;3491
3/11/2022;A;20:00:00;22941
3/11/2022;B;20:00:00;3546
4/11/2022;A;20:00:00;23215
4/11/2022;B;20:00:00;3553
5/11/2022;A;20:00:00;16510
5/11/2022;B;20:00:00;2294
6/11/2022;A;20:00:00;13642
6/11/2022;B;20:00:00;1862
7/11/2022;A;20:00:00;13791
7/11/2022;B;20:00:00;1716
8/11/2022;A;20:00:00;26707
8/11/2022;B;20:00:00;3906
9/11/2022;A;20:00:00;21050
9/11/2022;B;20:00:00;2932
10/11/2022;A;20:00:00;23264
10/11/2022;B;20:00:00;3310
11/11/2022;A;20:00:00;23128
11/11/2022;B;20:00:00;3422
12/11/2022;A;20:00:00;16027
12/11/2022;B;20:00:00;2257
13/11/2022;A;20:00:00;14948
13/11/2022;B;20:00:00;2074
14/11/2022;A;20:00:00;16138
14/11/2022;B;20:00:00;1817
15/11/2022;A;20:00:00;22687
15/11/2022;B;20:00:00;3271
16/11/2022;A;20:00:00;23958
16/11/2022;B;20:00:00;3429
17/11/2022;A;20:00:00;24049
17/11/2022;B;20:00:00;3515
18/11/2022;A;20:00:00;24187
18/11/2022;B;20:00:00;3594
19/11/2022;A;20:00:00;18348
19/11/2022;B;20:00:00;2821
20/11/2022;A;20:00:00;15020
20/11/2022;B;20:00:00;1998
21/11/2022;A;20:00:00;21686
21/11/2022;B;20:00:00;2983
22/11/2022;A;20:00:00;22234
22/11/2022;B;20:00:00;3257
23/11/2022;A;20:00:00;23287
23/11/2022;B;20:00:00;3536
24/11/2022;A;20:00:00;23412
24/11/2022;B;20:00:00;3329
25/11/2022;A;20:00:00;23715
25/11/2022;B;20:00:00;3335
26/11/2022;A;20:00:00;18710
26/11/2022;B;20:00:00;2579
27/11/2022;A;20:00:00;16080
27/11/2022;B;20:00:00;1881
28/11/2022;A;20:00:00;21399
28/11/2022;B;20:00:00;2923
29/11/2022;A;20:00:00;21964
29/11/2022;B;20:00:00;3128
30/11/2022;A;20:00:00;25135
30/11/2022;B;20:00:00;3407
1/12/2022;A;20:00:00;25146
1/12/2022;B;20:00:00;3373
2/12/2022;A;20:00:00;27154
2/12/2022;B;20:00:00;3487
3/12/2022;A;20:00:00;22929
3/12/2022;B;20:00:00;2846
4/12/2022;A;20:00:00;17634
4/12/2022;B;20:00:00;7335
5/12/2022;A;20:00:00;23814
5/12/2022;B;20:00:00;2903
6/12/2022;A;20:00:00;25346
6/12/2022;B;20:00:00;3131
7/12/2022;A;20:00:00;25260
7/12/2022;B;20:00:00;2885
8/12/2022;A;20:00:00;22647
8/12/2022;B;20:00:00;2249
9/12/2022;A;20:00:00;26644
9/12/2022;B;20:00:00;3262
10/12/2022;A;20:00:00;27416
10/12/2022;B;20:00:00;3412
11/12/2022;A;20:00:00;21543
11/12/2022;B;20:00:00;2593
12/12/2022;A;20:00:00;24164
12/12/2022;B;20:00:00;2763
13/12/2022;A;20:00:00;25704
13/12/2022;B;20:00:00;3358
14/12/2022;A;20:00:00;27595
14/12/2022;B;20:00:00;3246
15/12/2022;A;20:00:00;30764
15/12/2022;B;20:00:00;3397
16/12/2022;A;20:00:00;33121
16/12/2022;B;20:00:00;3732
17/12/2022;A;20:00:00;33547
17/12/2022;B;20:00:00;3733
18/12/2022;A;20:00:00;23412
18/12/2022;B;20:00:00;2734
19/12/2022;A;20:00:00;27018
19/12/2022;B;20:00:00;2911
20/12/2022;A;20:00:00;29858
20/12/2022;B;20:00:00;3238
21/12/2022;A;20:00:00;29474
21/12/2022;B;20:00:00;3152
22/12/2022;A;20:00:00;31025
22/12/2022;B;20:00:00;3366
23/12/2022;A;20:00:00;29956
23/12/2022;B;20:00:00;3189
24/12/2022;A;20:00:00;19372
24/12/2022;B;20:00:00;2322
25/12/2022;A;20:00:00;16295
25/12/2022;B;20:00:00;1743
26/12/2022;A;20:00:00;21893
26/12/2022;B;20:00:00;2350
27/12/2022;A;20:00:00;23405
27/12/2022;B;20:00:00;2633
28/12/2022;A;20:00:00;24507
28/12/2022;B;20:00:00;2725
29/12/2022;A;20:00:00;25891
29/12/2022;B;20:00:00;2933
30/12/2022;A;20:00:00;26050
30/12/2022;B;20:00:00;2992
31/12/2022;A;20:00:00;13269
31/12/2022;B;20:00:00;1918
1/01/2023;A;20:00:00;12918
1/01/2024;B;20:00:00;1472
1/02/2023;A;20:00:00;17921
1/02/2023;B;20:00:00;1926
1/03/2023;A;20:00:00;18788
1/03/2023;B;20:00:00;2352
1/04/2023;A;20:00:00;21139
1/04/2023;B;20:00:00;2539
1/05/2023;A;20:00:00;19866
1/05/2023;B;20:00:00;2575
1/06/2023;A;20:00:00;21617
1/06/2023;B;20:00:00;2812
1/07/2023;A;20:00:00;19671
1/07/2023;B;20:00:00;2654
1/08/2023;A;20:00:00;19182
1/08/2023;B;20:00:00;2588
1/09/2023;A;20:00:00;15486
1/09/2023;B;20:00:00;2066
1/10/2023;A;20:00:00;19509
1/10/2023;B;20:00:00;2615
1/11/2023;A;20:00:00;19293
1/11/2023;B;20:00:00;2623
1/12/2023;A;20:00:00;20275
1/12/2023;B;20:00:00;2739
13/01/2023;A;20:00:00;21707
13/01/2023;B;20:00:00;3021
14/01/2023;A;20:00:00;19349
14/01/2023;B;20:00:00;3561
15/01/2023;A;20:00:00;17660
15/01/2023;B;20:00:00;2719
16/01/2023;A;20:00:00;18741
16/01/2023;B;20:00:00;2554
17/01/2023;A;20:00:00;22202
17/01/2023;B;20:00:00;3229
18/01/2023;A;20:00:00;19700
18/01/2023;B;20:00:00;3098
19/01/2023;A;20:00:00;20014
19/01/2023;B;20:00:00;3029
20/01/2023;A;20:00:00;20836
20/01/2023;B;20:00:00;2968
21/01/2023;A;20:00:00;16661
21/01/2023;B;20:00:00;2638
22/01/2023;A;20:00:00;14952
22/01/2023;B;20:00:00;1969
23/01/2023;A;20:00:00;18941
23/01/2023;B;20:00:00;2801
24/01/2023;A;20:00:00;19671
24/01/2023;B;20:00:00;2873
25/01/2023;A;20:00:00;20419
25/01/2023;B;20:00:00;3083
26/01/2023;A;20:00:00;20024
26/01/2023;B;20:00:00;2948
27/01/2023;A;20:00:00;20980
27/01/2023;B;20:00:00;2979
28/01/2023;A;20:00:00;16764
28/01/2023;B;20:00:00;2548
29/01/2023;A;20:00:00;15116
29/01/2023;B;20:00:00;2080
30/01/2023;A;20:00:00;19652
30/01/2023;B;20:00:00;3106
31/01/2023;A;20:00:00;21667
31/01/2023;B;20:00:00;3203
2/01/2023;A;20:00:00;21384
2/01/2023;B;20:00:00;3387
2/02/2023;A;20:00:00;21815
2/02/2023;B;20:00:00;3335
2/03/2023;A;20:00:00;21751
2/03/2023;B;20:00:00;3189
2/04/2023;A;20:00:00;17088
2/04/2023;B;20:00:00;2884
2/05/2023;A;20:00:00;13994
2/05/2023;B;20:00:00;2332
2/06/2023;A;20:00:00;20093
2/06/2023;B;20:00:00;2981
2/07/2023;A;20:00:00;22326
2/07/2023;B;20:00:00;3671
2/08/2023;A;20:00:00;20937
2/08/2023;B;20:00:00;3456
2/09/2023;A;20:00:00;21618
2/09/2023;B;20:00:00;3658
2/10/2023;A;20:00:00;22285
2/10/2023;B;20:00:00;3791
2/11/2023;A;20:00:00;16596
2/11/2023;B;20:00:00;2393
2/12/2023;A;20:00:00;13778
2/12/2023;B;20:00:00;2023
13/02/2023;A;20:00:00;21798
13/02/2023;B;20:00:00;3299
14/02/2023;A;20:00:00;20875
14/02/2023;B;20:00:00;3521
15/02/2023;A;20:00:00;21729
15/02/2023;B;20:00:00;3764
16/02/2023;A;20:00:00;23954
16/02/2023;B;20:00:00;4020
17/02/2023;A;20:00:00;22888
17/02/2023;B;20:00:00;3746
18/02/2023;A;20:00:00;17673
18/02/2023;B;20:00:00;2982
19/02/2023;A;20:00:00;15684
19/02/2023;B;20:00:00;1875
20/02/2023;A;20:00:00;20941
20/02/2023;B;20:00:00;3066
21/02/2023;A;20:00:00;22260
21/02/2023;B;20:00:00;3780
22/02/2023;A;20:00:00;17827
22/02/2023;B;20:00:00;2773
23/02/2023;A;20:00:00;22343
23/02/2023;B;20:00:00;3870
24/02/2023;A;20:00:00;23450
24/02/2023;B;20:00:00;3707
25/02/2023;A;20:00:00;16905
25/02/2023;B;20:00:00;2632
26/02/2023;A;20:00:00;14978
26/02/2023;B;20:00:00;2105
27/02/2023;A;20:00:00;21165
27/02/2023;B;20:00:00;3637
28/02/2023;A;20:00:00;24154
28/02/2023;B;20:00:00;3801
3/01/2023;A;20:00:00;23375
3/01/2023;B;20:00:00;4242
3/02/2023;A;20:00:00;23294
3/02/2023;B;20:00:00;3864
3/03/2023;A;20:00:00;23954
3/03/2023;B;20:00:00;3860
3/04/2023;A;20:00:00;17867
3/04/2023;B;20:00:00;2839
3/05/2023;A;20:00:00;16001
3/05/2023;B;20:00:00;2136
3/06/2023;A;20:00:00;21658
3/06/2023;B;20:00:00;3377
3/07/2023;A;20:00:00;21490
3/07/2023;B;20:00:00;3520
3/08/2023;A;20:00:00;22722
3/08/2023;B;20:00:00;3781
3/09/2023;A;20:00:00;21766
3/09/2023;B;20:00:00;3710
3/10/2023;A;20:00:00;23001
3/10/2023;B;20:00:00;3761
3/11/2023;A;20:00:00;15456
3/11/2023;B;20:00:00;6217
3/12/2023;A;20:00:00;13722
3/12/2023;B;20:00:00;1894
13/03/2023;A;20:00:00;20973
13/03/2023;B;20:00:00;3194
14/03/2023;A;20:00:00;21552
14/03/2023;B;20:00:00;3612
15/03/2023;A;20:00:00;22852
15/03/2023;B;20:00:00;3985
16/03/2023;A;20:00:00;23719
16/03/2023;B;20:00:00;3796
17/03/2023;A;20:00:00;23291
17/03/2023;B;20:00:00;3824
18/03/2023;A;20:00:00;16303
18/03/2023;B;20:00:00;2571
19/03/2023;A;20:00:00;14517
19/03/2023;B;20:00:00;2045
20/03/2023;A;20:00:00;14889
20/03/2023;B;20:00:00;1973
21/03/2023;A;20:00:00;22232
21/03/2023;B;20:00:00;3596
22/03/2023;A;20:00:00;22988
22/03/2023;B;20:00:00;3806
23/03/2023;A;20:00:00;22864
23/03/2023;B;20:00:00;3742
24/03/2023;A;20:00:00;22534
24/03/2023;B;20:00:00;3594
25/03/2023;A;20:00:00;15711
25/03/2023;B;20:00:00;5869
26/03/2023;A;20:00:00;14281
26/03/2023;B;20:00:00;2183
27/03/2023;A;20:00:00;20512
27/03/2023;B;20:00:00;3010
28/03/2023;A;20:00:00;22106
28/03/2023;B;20:00:00;3639
29/03/2023;A;20:00:00;22311
29/03/2023;B;20:00:00;3739
30/03/2023;A;20:00:00;22964
30/03/2023;B;20:00:00;3662
31/03/2023;A;20:00:00;24587
31/03/2023;B;20:00:00;3951
4/01/2023;A;20:00:00;17911
4/01/2023;B;20:00:00;2842
4/02/2023;A;20:00:00;14521
4/02/2023;B;20:00:00;2024
4/03/2023;A;20:00:00;19138
4/03/2023;B;20:00:00;2653
4/04/2023;A;20:00:00;18985
4/04/2023;B;20:00:00;2758
4/05/2023;A;20:00:00;20297
4/05/2023;B;20:00:00;3066
4/06/2023;A;20:00:00;11644
4/06/2023;B;20:00:00;1804
4/07/2023;A;20:00:00;9398
4/07/2023;B;20:00:00;1437
4/08/2023;A;20:00:00;13493
4/08/2023;B;20:00:00;2067
4/09/2023;A;20:00:00;13672
4/09/2023;B;20:00:00;1654
4/10/2023;A;20:00:00;20790
4/10/2023;B;20:00:00;5873
4/11/2023;A;20:00:00;22010
4/11/2023;B;20:00:00;3665
4/12/2023;A;20:00:00;22570
4/12/2023;B;20:00:00;3601
13/04/2023;A;20:00:00;22184
13/04/2023;B;20:00:00;3618
14/04/2023;A;20:00:00;23276
14/04/2023;B;20:00:00;3727
15/04/2023;A;20:00:00;17951
15/04/2023;B;20:00:00;2679
16/04/2023;A;20:00:00;15500
16/04/2023;B;20:00:00;2520
17/04/2023;A;20:00:00;21863
17/04/2023;B;20:00:00;3314
18/04/2023;A;20:00:00;22296
18/04/2023;B;20:00:00;3466
19/04/2023;A;20:00:00;23164
19/04/2023;B;20:00:00;3613
20/04/2023;A;20:00:00;22274
20/04/2023;B;20:00:00;3551
21/04/2023;A;20:00:00;23798
21/04/2023;B;20:00:00;3668
22/04/2023;A;20:00:00;16712
22/04/2023;B;20:00:00;2637
23/04/2023;A;20:00:00;15961
23/04/2023;B;20:00:00;2160
24/04/2023;A;20:00:00;21246
24/04/2023;B;20:00:00;3222
25/04/2023;A;20:00:00;22098
25/04/2023;B;20:00:00;3469
26/04/2023;A;20:00:00;22224
26/04/2023;B;20:00:00;3399
27/04/2023;A;20:00:00;22918
27/04/2023;B;20:00:00;3718
28/04/2023;A;20:00:00;24538
28/04/2023;B;20:00:00;3739
29/04/2023;A;20:00:00;18013
29/04/2023;B;20:00:00;2703
30/04/2023;A;20:00:00;15238
30/04/2023;B;20:00:00;2084
5/01/2023;A;20:00:00;15840
5/01/2023;B;20:00:00;2209
5/02/2023;A;20:00:00;22677
5/02/2023;B;20:00:00;3709
5/03/2023;A;20:00:00;23625
5/03/2023;B;20:00:00;3653
5/04/2023;A;20:00:00;24287
5/04/2023;B;20:00:00;3650
5/05/2023;A;20:00:00;24731
5/05/2023;B;20:00:00;3706
5/06/2023;A;20:00:00;18142
5/06/2023;B;20:00:00;2693
5/07/2023;A;20:00:00;15863
5/07/2023;B;20:00:00;2373
5/08/2023;A;20:00:00;21067
5/08/2023;B;20:00:00;3056
5/09/2023;A;20:00:00;22455
5/09/2023;B;20:00:00;3485
5/10/2023;A;20:00:00;23082
5/10/2023;B;20:00:00;3631
5/11/2023;A;20:00:00;21710
5/11/2023;B;20:00:00;6046
5/12/2023;A;20:00:00;23854
5/12/2023;B;20:00:00;3623
13/05/2023;A;20:00:00;17838
13/05/2023;B;20:00:00;2478
14/05/2023;A;20:00:00;15748
14/05/2023;B;20:00:00;2133
15/05/2023;A;20:00:00;22020
15/05/2023;B;20:00:00;3212
16/05/2023;A;20:00:00;22764
16/05/2023;B;20:00:00;3492
17/05/2023;A;20:00:00;23083
17/05/2023;B;20:00:00;3770
18/05/2023;A;20:00:00;23921
18/05/2023;B;20:00:00;3700
19/05/2023;A;20:00:00;23662
19/05/2023;B;20:00:00;3860
20/05/2023;A;20:00:00;16266
20/05/2023;B;20:00:00;2570
21/05/2023;A;20:00:00;13180
21/05/2023;B;20:00:00;1836
22/05/2023;A;20:00:00;14968
22/05/2023;B;20:00:00;2189
23/05/2023;A;20:00:00;21527
23/05/2023;B;20:00:00;3332
24/05/2023;A;20:00:00;22295
24/05/2023;B;20:00:00;3271
25/05/2023;A;20:00:00;23248
25/05/2023;B;20:00:00;3290
26/05/2023;A;20:00:00;22634
26/05/2023;B;20:00:00;3378
27/05/2023;A;20:00:00;15856
27/05/2023;B;20:00:00;2461
28/05/2023;A;20:00:00;14651
28/05/2023;B;20:00:00;2049
29/05/2023;A;20:00:00;20000
29/05/2023;B;20:00:00;2764
30/05/2023;A;20:00:00;22202
30/05/2023;B;20:00:00;3144
31/05/2023;A;20:00:00;22545
31/05/2023;B;20:00:00;3186
6/01/2023;A;20:00:00;22645
6/01/2023;B;20:00:00;3293
6/02/2023;A;20:00:00;22728
6/02/2023;B;20:00:00;3207
6/03/2023;A;20:00:00;17665
6/03/2023;B;20:00:00;4172
6/04/2023;A;20:00:00;16132
6/04/2023;B;20:00:00;2240
6/05/2023;A;20:00:00;20030
6/05/2023;B;20:00:00;2914
6/06/2023;A;20:00:00;21442
6/06/2023;B;20:00:00;3208
6/07/2023;A;20:00:00;22153
6/07/2023;B;20:00:00;3235
6/08/2023;A;20:00:00;21531
6/08/2023;B;20:00:00;3155
6/09/2023;A;20:00:00;23556
6/09/2023;B;20:00:00;3643
6/10/2023;A;20:00:00;16775
6/10/2023;B;20:00:00;2536
6/11/2023;A;20:00:00;13808
6/11/2023;B;20:00:00;1949
6/12/2023;A;20:00:00;13997
6/12/2023;B;20:00:00;2042
13/06/2023;A;20:00:00;20721
13/06/2023;B;20:00:00;3073
14/06/2023;A;20:00:00;21023
14/06/2023;B;20:00:00;3212
15/06/2023;A;20:00:00;23238
15/06/2023;B;20:00:00;3299
16/06/2023;A;20:00:00;23881
16/06/2023;B;20:00:00;3227
17/06/2023;A;20:00:00;18215
17/06/2023;B;20:00:00;2617
18/06/2023;A;20:00:00;14338
18/06/2023;B;20:00:00;2247
19/06/2023;A;20:00:00;15490
19/06/2023;B;20:00:00;2093
20/06/2023;A;20:00:00;20826
20/06/2023;B;20:00:00;2889
21/06/2023;A;20:00:00;19832
21/06/2023;B;20:00:00;2910
22/06/2023;A;20:00:00;21511
22/06/2023;B;20:00:00;3098
23/06/2023;A;20:00:00;21896
23/06/2023;B;20:00:00;3382
24/06/2023;A;20:00:00;13590
24/06/2023;B;20:00:00;1944
25/06/2023;A;20:00:00;15104
25/06/2023;B;20:00:00;2145
26/06/2023;A;20:00:00;19566
26/06/2023;B;20:00:00;2786
27/06/2023;A;20:00:00;20515
27/06/2023;B;20:00:00;3458
28/06/2023;A;20:00:00;20936
28/06/2023;B;20:00:00;3087
29/06/2023;A;20:00:00;21684
29/06/2023;B;20:00:00;3093
30/06/2023;A;20:00:00;24201
30/06/2023;B;20:00:00;3392
7/01/2023;A;20:00:00;18649
7/01/2023;B;20:00:00;2808
7/02/2023;A;20:00:00;18354
7/02/2023;B;20:00:00;2556
7/03/2023;A;20:00:00;15950
7/03/2023;B;20:00:00;1925
7/04/2023;A;20:00:00;20461
7/04/2023;B;20:00:00;2886
7/05/2023;A;20:00:00;20290
7/05/2023;B;20:00:00;2919
7/06/2023;A;20:00:00;21011
7/06/2023;B;20:00:00;2908
7/07/2023;A;20:00:00;22339
7/07/2023;B;20:00:00;3188
7/08/2023;A;20:00:00;17810
7/08/2023;B;20:00:00;2582
7/09/2023;A;20:00:00;16396
7/09/2023;B;20:00:00;2362
7/10/2023;A;20:00:00;18873
7/10/2023;B;20:00:00;2621
7/11/2023;A;20:00:00;20898
7/11/2023;B;20:00:00;3083
7/12/2023;A;20:00:00;20909
7/12/2023;B;20:00:00;3062
13/07/2023;A;20:00:00;20947
13/07/2023;B;20:00:00;2981
14/07/2023;A;20:00:00;22640
14/07/2023;B;20:00:00;3216
15/07/2023;A;20:00:00;19513
15/07/2023;B;20:00:00;2984
16/07/2023;A;20:00:00;16993
16/07/2023;B;20:00:00;2232
17/07/2023;A;20:00:00;19226
17/07/2023;B;20:00:00;2730
18/07/2023;A;20:00:00;21000
18/07/2023;B;20:00:00;3166
19/07/2023;A;20:00:00;23313
19/07/2023;B;20:00:00;3322
20/07/2023;A;20:00:00;15898
20/07/2023;B;20:00:00;2305
21/07/2023;A;20:00:00;19956
21/07/2023;B;20:00:00;3128
22/07/2023;A;20:00:00;17411
22/07/2023;B;20:00:00;2569
23/07/2023;A;20:00:00;15864
23/07/2023;B;20:00:00;2143
24/07/2023;A;20:00:00;19662
24/07/2023;B;20:00:00;2928
25/07/2023;A;20:00:00;21019
25/07/2023;B;20:00:00;3183
26/07/2023;A;20:00:00;21868
26/07/2023;B;20:00:00;3467
27/07/2023;A;20:00:00;21667
27/07/2023;B;20:00:00;3414
28/07/2023;A;20:00:00;24530
28/07/2023;B;20:00:00;4015
29/07/2023;A;20:00:00;19847
29/07/2023;B;20:00:00;2993
30/07/2023;A;20:00:00;16632
30/07/2023;B;20:00:00;2333
31/07/2023;A;20:00:00;21259
31/07/2023;B;20:00:00;3111
8/01/2023;A;20:00:00;22861
8/01/2023;B;20:00:00;3714
8/02/2023;A;20:00:00;23632
8/02/2023;B;20:00:00;4034
8/03/2023;A;20:00:00;24055
8/03/2023;B;20:00:00;3860
8/04/2023;A;20:00:00;25114
8/04/2023;B;20:00:00;3956
8/05/2023;A;20:00:00;20237
8/05/2023;B;20:00:00;3235
8/06/2023;A;20:00:00;17442
8/06/2023;B;20:00:00;3342
8/07/2023;A;20:00:00;17972
8/07/2023;B;20:00:00;3012
8/08/2023;A;20:00:00;23650
8/08/2023;B;20:00:00;3808
8/09/2023;A;20:00:00;24242
8/09/2023;B;20:00:00;3752
8/10/2023;A;20:00:00;23301
8/10/2023;B;20:00:00;3683
8/11/2023;A;20:00:00;24609
8/11/2023;B;20:00:00;3904
8/12/2023;A;20:00:00;17711
8/12/2023;B;20:00:00;2487
13/08/2023;A;20:00:00;15406
13/08/2023;B;20:00:00;2021
14/08/2023;A;20:00:00;21646
14/08/2023;B;20:00:00;3218
15/08/2023;A;20:00:00;23949
15/08/2023;B;20:00:00;3978
16/08/2023;A;20:00:00;23266
16/08/2023;B;20:00:00;3728
17/08/2023;A;20:00:00;24466
17/08/2023;B;20:00:00;3752
18/08/2023;A;20:00:00;24694
18/08/2023;B;20:00:00;3725
19/08/2023;A;20:00:00;18898
19/08/2023;B;20:00:00;2697
20/08/2023;A;20:00:00;15116
20/08/2023;B;20:00:00;3905
21/08/2023;A;20:00:00;14665
21/08/2023;B;20:00:00;1836
22/08/2023;A;20:00:00;22149
22/08/2023;B;20:00:00;3564
23/08/2023;A;20:00:00;23164
23/08/2023;B;20:00:00;3732
24/08/2023;A;20:00:00;23748
24/08/2023;B;20:00:00;5542
25/08/2023;A;20:00:00;24062
25/08/2023;B;20:00:00;3946
26/08/2023;A;20:00:00;18145
26/08/2023;B;20:00:00;2681
27/08/2023;A;20:00:00;14892
27/08/2023;B;20:00:00;2030
28/08/2023;A;20:00:00;24328
28/08/2023;B;20:00:00;3978
29/08/2023;A;20:00:00;22736
29/08/2023;B;20:00:00;3696
30/08/2023;A;20:00:00;23394
30/08/2023;B;20:00:00;3629
31/08/2023;A;20:00:00;24188
31/08/2023;B;20:00:00;3898
9/01/2023;A;20:00:00;24693
9/01/2023;B;20:00:00;3859
9/02/2023;A;20:00:00;18004
9/02/2023;B;20:00:00;2610
9/03/2023;A;20:00:00;15088
9/03/2023;B;20:00:00;2125
9/04/2023;A;20:00:00;21446
9/04/2023;B;20:00:00;3082
9/05/2023;A;20:00:00;23540
9/05/2023;B;20:00:00;3752
9/06/2023;A;20:00:00;23370
9/06/2023;B;20:00:00;3660
9/07/2023;A;20:00:00;23979
9/07/2023;B;20:00:00;3844
9/08/2023;A;20:00:00;23516
9/08/2023;B;20:00:00;3725
9/09/2023;A;20:00:00;17070
9/09/2023;B;20:00:00;2318
9/10/2023;A;20:00:00;15779
9/10/2023;B;20:00:00;2033
9/11/2023;A;20:00:00;21574
9/11/2023;B;20:00:00;3145
9/12/2023;A;20:00:00;22282
9/12/2023;B;20:00:00;3387
13/09/2023;A;20:00:00;23386
13/09/2023;B;20:00:00;3644
14/09/2023;A;20:00:00;23814
14/09/2023;B;20:00:00;3617
15/09/2023;A;20:00:00;26222
15/09/2023;B;20:00:00;3576
16/09/2023;A;20:00:00;21534
16/09/2023;B;20:00:00;2806
17/09/2023;A;20:00:00;17350
17/09/2023;B;20:00:00;2135
18/09/2023;A;20:00:00;21426
18/09/2023;B;20:00:00;3104
19/09/2023;A;20:00:00;22384
19/09/2023;B;20:00:00;3569
20/09/2023;A;20:00:00;23214
20/09/2023;B;20:00:00;3585
21/09/2023;A;20:00:00;23589
21/09/2023;B;20:00:00;3654
22/09/2023;A;20:00:00;16028
22/09/2023;B;20:00:00;1036
23/09/2023;A;20:00:00;17577
23/09/2023;B;20:00:00;2599
24/09/2023;A;20:00:00;15288
24/09/2023;B;20:00:00;1972
25/09/2023;A;20:00:00;20501
25/09/2023;B;20:00:00;3036
26/09/2023;A;20:00:00;22905
26/09/2023;B;20:00:00;3554
27/09/2023;A;20:00:00;25043
27/09/2023;B;20:00:00;4324
28/09/2023;A;20:00:00;26927
28/09/2023;B;20:00:00;4905
29/09/2023;A;20:00:00;24282
29/09/2023;B;20:00:00;3607
30/09/2023;A;20:00:00;19834
30/09/2023;B;20:00:00;4832
10/01/2023;A;20:00:00;15920
10/01/2023;B;20:00:00;2025
10/02/2023;A;20:00:00;19662
10/02/2023;B;20:00:00;2847
10/03/2023;A;20:00:00;22303
10/03/2023;B;20:00:00;3349
10/04/2023;A;20:00:00;22373
10/04/2023;B;20:00:00;3579
10/05/2023;A;20:00:00;24299
10/05/2023;B;20:00:00;6202
10/06/2023;A;20:00:00;23049
10/06/2023;B;20:00:00;3566
10/07/2023;A;20:00:00;16593
10/07/2023;B;20:00:00;2389
10/08/2023;A;20:00:00;14981
10/08/2023;B;20:00:00;3852
10/09/2023;A;20:00:00;20096
10/09/2023;B;20:00:00;2943
10/10/2023;A;20:00:00;21756
10/10/2023;B;20:00:00;3370
10/11/2023;A;20:00:00;22956
10/11/2023;B;20:00:00;3572
10/12/2023;A;20:00:00;22429
10/12/2023;B;20:00:00;3346
13/10/2023;A;20:00:00;22877
13/10/2023;B;20:00:00;3424
14/10/2023;A;20:00:00;17627
14/10/2023;B;20:00:00;6316
15/10/2023;A;20:00:00;14650
15/10/2023;B;20:00:00;1984
16/10/2023;A;20:00:00;15016
16/10/2023;B;20:00:00;1796
17/10/2023;A;20:00:00;21978
17/10/2023;B;20:00:00;3448
18/10/2023;A;20:00:00;22804
18/10/2023;B;20:00:00;3633
19/10/2023;A;20:00:00;21715
19/10/2023;B;20:00:00;3418
20/10/2023;A;20:00:00;24317
20/10/2023;B;20:00:00;3554
21/10/2023;A;20:00:00;17476
21/10/2023;B;20:00:00;2427
22/10/2023;A;20:00:00;14270
22/10/2023;B;20:00:00;4521
23/10/2023;A;20:00:00;19934
23/10/2023;B;20:00:00;2696
24/10/2023;A;20:00:00;22185
24/10/2023;B;20:00:00;3404
25/10/2023;A;20:00:00;21662
25/10/2023;B;20:00:00;3464
26/10/2023;A;20:00:00;23097
26/10/2023;B;20:00:00;3622
27/10/2023;A;20:00:00;23467
27/10/2023;B;20:00:00;3604
28/10/2023;A;20:00:00;16160
28/10/2023;B;20:00:00;2400
29/10/2023;A;20:00:00;13726
29/10/2023;B;20:00:00;1884
30/10/2023;A;20:00:00;21254
30/10/2023;B;20:00:00;2823
31/10/2023;A;20:00:00;23177
31/10/2023;B;20:00:00;3305
11/01/2023;A;20:00:00;22234
11/01/2023;B;20:00:00;3381
11/02/2023;A;20:00:00;22727
11/02/2023;B;20:00:00;3393
11/03/2023;A;20:00:00;22880
11/03/2023;B;20:00:00;3765
11/04/2023;A;20:00:00;18543
11/04/2023;B;20:00:00;3133
11/05/2023;A;20:00:00;14878
11/05/2023;B;20:00:00;2152
11/06/2023;A;20:00:00;14099
11/06/2023;B;20:00:00;2032
11/07/2023;A;20:00:00;22264
11/07/2023;B;20:00:00;3428
11/08/2023;A;20:00:00;22478
11/08/2023;B;20:00:00;3236
11/09/2023;A;20:00:00;23614
11/09/2023;B;20:00:00;3624
11/10/2023;A;20:00:00;23079
11/10/2023;B;20:00:00;3483
11/11/2023;A;20:00:00;16953
11/11/2023;B;20:00:00;2382
11/12/2023;A;20:00:00;13551
11/12/2023;B;20:00:00;2514
13/11/2023;A;20:00:00;14217
13/11/2023;B;20:00:00;1864
14/11/2023;A;20:00:00;16918
14/11/2023;B;20:00:00;3201
15/11/2023;A;20:00:00;23873
15/11/2023;B;20:00:00;3336
16/11/2023;A;20:00:00;21419
16/11/2023;B;20:00:00;2916
17/11/2023;A;20:00:00;24150
17/11/2023;B;20:00:00;3365
18/11/2023;A;20:00:00;19079
18/11/2023;B;20:00:00;2651
19/11/2023;A;20:00:00;14227
19/11/2023;B;20:00:00;4818
20/11/2023;A;20:00:00;21344
20/11/2023;B;20:00:00;2840
21/11/2023;A;20:00:00;23241
21/11/2023;B;20:00:00;3309
22/11/2023;A;20:00:00;22758
22/11/2023;B;20:00:00;3197
23/11/2023;A;20:00:00;22379
23/11/2023;B;20:00:00;3182
24/11/2023;A;20:00:00;24517
24/11/2023;B;20:00:00;3632
25/11/2023;A;20:00:00;20029
25/11/2023;B;20:00:00;2808
26/11/2023;A;20:00:00;16042
26/11/2023;B;20:00:00;4207
27/11/2023;A;20:00:00;21727
27/11/2023;B;20:00:00;3028
28/11/2023;A;20:00:00;22328
28/11/2023;B;20:00:00;3307
29/11/2023;A;20:00:00;23208
29/11/2023;B;20:00:00;3301
30/11/2023;A;20:00:00;27739
30/11/2023;B;20:00:00;3760
12/01/2023;A;20:00:00;26713
12/01/2023;B;20:00:00;3647
12/02/2023;A;20:00:00;24734
12/02/2023;B;20:00:00;3644
12/03/2023;A;20:00:00;19859
12/03/2023;B;20:00:00;2642
12/04/2023;A;20:00:00;24023
12/04/2023;B;20:00:00;2853
12/05/2023;A;20:00:00;25864
12/05/2023;B;20:00:00;3173
12/06/2023;A;20:00:00;26934
12/06/2023;B;20:00:00;3490
12/07/2023;A;20:00:00;25639
12/07/2023;B;20:00:00;2869
12/08/2023;A;20:00:00;22268
12/08/2023;B;20:00:00;2607
12/09/2023;A;20:00:00;26179
12/09/2023;B;20:00:00;3120
12/10/2023;A;20:00:00;19588
12/10/2023;B;20:00:00;2338
12/11/2023;A;20:00:00;24006
12/11/2023;B;20:00:00;2924
12/12/2023;A;20:00:00;25517
12/12/2023;B;20:00:00;3282
13/12/2023;A;20:00:00;23486
13/12/2023;B;20:00:00;2810
14/12/2023;A;20:00:00;52758
14/12/2023;B;20:00:00;6192
15/12/2023;A;20:00:00;30836
15/12/2023;B;20:00:00;3063
16/12/2023;A;20:00:00;31492
16/12/2023;B;20:00:00;3517
17/12/2023;A;20:00:00;22636
17/12/2023;B;20:00:00;2599
18/12/2023;A;20:00:00;25631
18/12/2023;B;20:00:00;2910
19/12/2023;A;20:00:00;26416
19/12/2023;B;20:00:00;2946
20/12/2023;A;20:00:00;28322
20/12/2023;B;20:00:00;3242
21/12/2023;A;20:00:00;29202
21/12/2023;B;20:00:00;3009
22/12/2023;A;20:00:00;31140
22/12/2023;B;20:00:00;3378
23/12/2023;A;20:00:00;24844
23/12/2023;B;20:00:00;2742
24/12/2023;A;20:00:00;16490
24/12/2023;B;20:00:00;2297
25/12/2023;A;20:00:00;14183
25/12/2023;B;20:00:00;1464
26/12/2023;A;20:00:00;21715
26/12/2023;B;20:00:00;2501
27/12/2023;A;20:00:00;23798
27/12/2023;B;20:00:00;2716
28/12/2023;A;20:00:00;25505
28/12/2023;B;20:00:00;3135
29/12/2023;A;20:00:00;26108
29/12/2023;B;20:00:00;3000
30/12/2023;A;20:00:00;21779
30/12/2023;B;20:00:00;2482
31/12/2023;A;20:00:00;12913
31/12/2023;B;20:00:00;1981
1/01/2024;A;20:00:00;11750
1/01/2024;B;20:00:00;1302
2/01/2024;A;20:00:00;17939
2/01/2024;B;20:00:00;2277
3/01/2024;A;20:00:00;18866
3/01/2024;B;20:00:00;2456
4/01/2024;A;20:00:00;19238
4/01/2024;B;20:00:00;2507
5/01/2024;A;20:00:00;20081
5/01/2024;B;20:00:00;2924
6/01/2024;A;20:00:00;19729
6/01/2024;B;20:00:00;3112
7/01/2024;A;20:00:00;18505
7/01/2024;B;20:00:00;2614
8/01/2024;A;20:00:00;15940
8/01/2024;B;20:00:00;2286
9/01/2024;A;20:00:00;18916
9/01/2024;B;20:00:00;2282
10/01/2024;A;20:00:00;17679
10/01/2024;B;20:00:00;2443
11/01/2024;A;20:00:00;17823
11/01/2024;B;20:00:00;2577
12/01/2024;A;20:00:00;18021
12/01/2024;B;20:00:00;2518
13/01/2024;A;20:00:00;17075
13/01/2024;B;20:00:00;2639
14/01/2024;A;20:00:00;15564
14/01/2024;B;20:00:00;2196
15/01/2024;A;20:00:00;18881
15/01/2024;B;20:00:00;2359
16/01/2024;A;20:00:00;19377
16/01/2024;B;20:00:00;2610
17/01/2024;A;20:00:00;19297
17/01/2024;B;20:00:00;2672
18/01/2024;A;20:00:00;19470
18/01/2024;B;20:00:00;2639
19/01/2024;A;20:00:00;20148
19/01/2024;B;20:00:00;2904
20/01/2024;A;20:00:00;16996
20/01/2024;B;20:00:00;2590
21/01/2024;A;20:00:00;14860
21/01/2024;B;20:00:00;2091
22/01/2024;A;20:00:00;18451
22/01/2024;B;20:00:00;2535
23/01/2024;A;20:00:00;19278
23/01/2024;B;20:00:00;2707
24/01/2024;A;20:00:00;19411
24/01/2024;B;20:00:00;2737
25/01/2024;A;20:00:00;19758
25/01/2024;B;20:00:00;2861
26/01/2024;A;20:00:00;19731
26/01/2024;B;20:00:00;2881
27/01/2024;A;20:00:00;16041
27/01/2024;B;20:00:00;2280
28/01/2024;A;20:00:00;14995
28/01/2024;B;20:00:00;1986
29/01/2024;A;20:00:00;18313
29/01/2024;B;20:00:00;2713
30/01/2024;A;20:00:00;20324
30/01/2024;B;20:00:00;3085
31/01/2024;A;20:00:00;20617
31/01/2024;B;20:00:00;2947
1/02/2024;A;20:00:00;19743
1/02/2024;B;20:00:00;3198
2/02/2024;A;20:00:00;20362
2/02/2024;B;20:00:00;3218
3/02/2024;A;20:00:00;17919
3/02/2024;B;20:00:00;2465
4/02/2024;A;20:00:00;15240
4/02/2024;B;20:00:00;2166
5/02/2024;A;20:00:00;20884
5/02/2024;B;20:00:00;3161
6/02/2024;A;20:00:00;21220
6/02/2024;B;20:00:00;3879
7/02/2024;A;20:00:00;21476
7/02/2024;B;20:00:00;3439
8/02/2024;A;20:00:00;21438
8/02/2024;B;20:00:00;3737
9/02/2024;A;20:00:00;22386
9/02/2024;B;20:00:00;3606
10/02/2024;A;20:00:00;17305
10/02/2024;B;20:00:00;2632
11/02/2024;A;20:00:00;15143
11/02/2024;B;20:00:00;4927
12/02/2024;A;20:00:00;20278
12/02/2024;B;20:00:00;3031
13/02/2024;A;20:00:00;21519
13/02/2024;B;20:00:00;3757
14/02/2024;A;20:00:00;22247
14/02/2024;B;20:00:00;3669
15/02/2024;A;20:00:00;22858
15/02/2024;B;20:00:00;3777
16/02/2024;A;20:00:00;23571
16/02/2024;B;20:00:00;3728
17/02/2024;A;20:00:00;17722
17/02/2024;B;20:00:00;4448
18/02/2024;A;20:00:00;15855
18/02/2024;B;20:00:00;2407
19/02/2024;A;20:00:00;20694
19/02/2024;B;20:00:00;3064
20/02/2024;A;20:00:00;22297
20/02/2024;B;20:00:00;3689
21/02/2024;A;20:00:00;21509
21/02/2024;B;20:00:00;3659
22/02/2024;A;20:00:00;19885
22/02/2024;B;20:00:00;3248
23/02/2024;A;20:00:00;22526
23/02/2024;B;20:00:00;3637
24/02/2024;A;20:00:00;17540
24/02/2024;B;20:00:00;2476
25/02/2024;A;20:00:00;14749
25/02/2024;B;20:00:00;2153
26/02/2024;A;20:00:00;20594
26/02/2024;B;20:00:00;3197
27/02/2024;A;20:00:00;22942
27/02/2024;B;20:00:00;3791
28/02/2024;A;20:00:00;22146
28/02/2024;B;20:00:00;3617
29/02/2024;A;20:00:00;24360
29/02/2024;B;20:00:00;3701
1/03/2024;A;20:00:00;22985
1/03/2024;B;20:00:00;3686
2/03/2024;A;20:00:00;18292
2/03/2024;B;20:00:00;2573
3/03/2024;A;20:00:00;15967
3/03/2024;B;20:00:00;3888
4/03/2024;A;20:00:00;20297
4/03/2024;B;20:00:00;3067
5/03/2024;A;20:00:00;22115
5/03/2024;B;20:00:00;3574
6/03/2024;A;20:00:00;21681
6/03/2024;B;20:00:00;3580
7/03/2024;A;20:00:00;22759
7/03/2024;B;20:00:00;3813
8/03/2024;A;20:00:00;23612
8/03/2024;B;20:00:00;3521
9/03/2024;A;20:00:00;17183
9/03/2024;B;20:00:00;2553
10/03/2024;A;20:00:00;14409
10/03/2024;B;20:00:00;2059
11/03/2024;A;20:00:00;19805
11/03/2024;B;20:00:00;3053
12/03/2024;A;20:00:00;21905
12/03/2024;B;20:00:00;3669
13/03/2024;A;20:00:00;21414
13/03/2024;B;20:00:00;3442
14/03/2024;A;20:00:00;22258
14/03/2024;B;20:00:00;3697
15/03/2024;A;20:00:00;22929
15/03/2024;B;20:00:00;3627
16/03/2024;A;20:00:00;17866
16/03/2024;B;20:00:00;2654
17/03/2024;A;20:00:00;15328
17/03/2024;B;20:00:00;2286
18/03/2024;A;20:00:00;20684
18/03/2024;B;20:00:00;3053
19/03/2024;A;20:00:00;21601
19/03/2024;B;20:00:00;3443
20/03/2024;A;20:00:00;22206
20/03/2024;B;20:00:00;3458
21/03/2024;A;20:00:00;22920
21/03/2024;B;20:00:00;3545
22/03/2024;A;20:00:00;22902
22/03/2024;B;20:00:00;3455
23/03/2024;A;20:00:00;17152
23/03/2024;B;20:00:00;2375
24/03/2024;A;20:00:00;12618
24/03/2024;B;20:00:00;3124
25/03/2024;A;20:00:00;12752
25/03/2024;B;20:00:00;1608
26/03/2024;A;20:00:00;16223
26/03/2024;B;20:00:00;2408
27/03/2024;A;20:00:00;19247
27/03/2024;B;20:00:00;3913
28/03/2024;A;20:00:00;11634
28/03/2024;B;20:00:00;1575
29/03/2024;A;20:00:00;9038
29/03/2024;B;20:00:00;1440
30/03/2024;A;20:00:00;13449
30/03/2024;B;20:00:00;2034
31/03/2024;A;20:00:00;13010
31/03/2024;B;20:00:00;4402
1/04/2024;A;20:00:00;20073
1/04/2024;B;20:00:00;2756
2/04/2024;A;20:00:00;21249
2/04/2024;B;20:00:00;3376
3/04/2024;A;20:00:00;20974
3/04/2024;B;20:00:00;3485
4/04/2024;A;20:00:00;21583
4/04/2024;B;20:00:00;3200
5/04/2024;A;20:00:00;22693
5/04/2024;B;20:00:00;5320
6/04/2024;A;20:00:00;16680
6/04/2024;B;20:00:00;2428
7/04/2024;A;20:00:00;13752
7/04/2024;B;20:00:00;1953
8/04/2024;A;20:00:00;19176
8/04/2024;B;20:00:00;2935
9/04/2024;A;20:00:00;21395
9/04/2024;B;20:00:00;3459
10/04/2024;A;20:00:00;21603
10/04/2024;B;20:00:00;3360
11/04/2024;A;20:00:00;21369
11/04/2024;B;20:00:00;3324
12/04/2024;A;20:00:00;21516
12/04/2024;B;20:00:00;3365
13/04/2024;A;20:00:00;16246
13/04/2024;B;20:00:00;2508
14/04/2024;A;20:00:00;14040
14/04/2024;B;20:00:00;2169
15/04/2024;A;20:00:00;19874
15/04/2024;B;20:00:00;2786
16/04/2024;A;20:00:00;20963
16/04/2024;B;20:00:00;3458
17/04/2024;A;20:00:00;20968
17/04/2024;B;20:00:00;3420
18/04/2024;A;20:00:00;21331
18/04/2024;B;20:00:00;3388
19/04/2024;A;20:00:00;20253
19/04/2024;B;20:00:00;3345
20/04/2024;A;20:00:00;16141
20/04/2024;B;20:00:00;2384
21/04/2024;A;20:00:00;14248
21/04/2024;B;20:00:00;4704
22/04/2024;A;20:00:00;19619
22/04/2024;B;20:00:00;2838
23/04/2024;A;20:00:00;20238
23/04/2024;B;20:00:00;3258
24/04/2024;A;20:00:00;20900
24/04/2024;B;20:00:00;3414
25/04/2024;A;20:00:00;22029
25/04/2024;B;20:00:00;3451
26/04/2024;A;20:00:00;21609
26/04/2024;B;20:00:00;3251
27/04/2024;A;20:00:00;16061
27/04/2024;B;20:00:00;2433
28/04/2024;A;20:00:00;13807
28/04/2024;B;20:00:00;1924
29/04/2024;A;20:00:00;19766
29/04/2024;B;20:00:00;3085
30/04/2024;A;20:00:00;23677
30/04/2024;B;20:00:00;3579
1/05/2024;A;20:00:00;13639
1/05/2024;B;20:00:00;2135
2/05/2024;A;20:00:00;21705
2/05/2024;B;20:00:00;3602
3/05/2024;A;20:00:00;22408
3/05/2024;B;20:00:00;3512
4/05/2024;A;20:00:00;18305
4/05/2024;B;20:00:00;2705
5/05/2024;A;20:00:00;14927
5/05/2024;B;20:00:00;2222
6/05/2024;A;20:00:00;20492
6/05/2024;B;20:00:00;3053
7/05/2024;A;20:00:00;21704
7/05/2024;B;20:00:00;3576
8/05/2024;A;20:00:00;22078
8/05/2024;B;20:00:00;3601
9/05/2024;A;20:00:00;22151
9/05/2024;B;20:00:00;3451
10/05/2024;A;20:00:00;23007
10/05/2024;B;20:00:00;3562
11/05/2024;A;20:00:00;17737
11/05/2024;B;20:00:00;2525
12/05/2024;A;20:00:00;13994
12/05/2024;B;20:00:00;2128
13/05/2024;A;20:00:00;13749
13/05/2024;B;20:00:00;2269
14/05/2024;A;20:00:00;20396
14/05/2024;B;20:00:00;3286
15/05/2024;A;20:00:00;22766
15/05/2024;B;20:00:00;3455
16/05/2024;A;20:00:00;22316
16/05/2024;B;20:00:00;3530
17/05/2024;A;20:00:00;22244
17/05/2024;B;20:00:00;3414
18/05/2024;A;20:00:00;17387
18/05/2024;B;20:00:00;2495
19/05/2024;A;20:00:00;14511
19/05/2024;B;20:00:00;1989
20/05/2024;A;20:00:00;19544
20/05/2024;B;20:00:00;2878
21/05/2024;A;20:00:00;24903
21/05/2024;B;20:00:00;3950
22/05/2024;A;20:00:00;20028
22/05/2024;B;20:00:00;3231
23/05/2024;A;20:00:00;23233
23/05/2024;B;20:00:00;3698
24/05/2024;A;20:00:00;21402
24/05/2024;B;20:00:00;3335
25/05/2024;A;20:00:00;16337
25/05/2024;B;20:00:00;2394
26/05/2024;A;20:00:00;13929
26/05/2024;B;20:00:00;2034
27/05/2024;A;20:00:00;18060
27/05/2024;B;20:00:00;2627
28/05/2024;A;20:00:00;20006
28/05/2024;B;20:00:00;3063
29/05/2024;A;20:00:00;20134
29/05/2024;B;20:00:00;3382
30/05/2024;A;20:00:00;22317
30/05/2024;B;20:00:00;3216
31/05/2024;A;20:00:00;23192
31/05/2024;B;20:00:00;3348
1/06/2024;A;20:00:00;17547
1/06/2024;B;20:00:00;2613
2/06/2024;A;20:00:00;13491
2/06/2024;B;20:00:00;1762
3/06/2024;A;20:00:00;13796
3/06/2024;B;20:00:00;1809
4/06/2024;A;20:00:00;19231
4/06/2024;B;20:00:00;2751
5/06/2024;A;20:00:00;21277
5/06/2024;B;20:00:00;3122
6/06/2024;A;20:00:00;21271
6/06/2024;B;20:00:00;3022
7/06/2024;A;20:00:00;21913
7/06/2024;B;20:00:00;3123
8/06/2024;A;20:00:00;16610
8/06/2024;B;20:00:00;2412
9/06/2024;A;20:00:00;13126
9/06/2024;B;20:00:00;1805
10/06/2024;A;20:00:00;13735
10/06/2024;B;20:00:00;1907
11/06/2024;A;20:00:00;19837
11/06/2024;B;20:00:00;2756
12/06/2024;A;20:00:00;20500
12/06/2024;B;20:00:00;2825
13/06/2024;A;20:00:00;20372
13/06/2024;B;20:00:00;2827
14/06/2024;A;20:00:00;21876
14/06/2024;B;20:00:00;3164
15/06/2024;A;20:00:00;18693
15/06/2024;B;20:00:00;2476
16/06/2024;A;20:00:00;16696
16/06/2024;B;20:00:00;2231
17/06/2024;A;20:00:00;18526
17/06/2024;B;20:00:00;2707
18/06/2024;A;20:00:00;20055
18/06/2024;B;20:00:00;2910
19/06/2024;A;20:00:00;19648
19/06/2024;B;20:00:00;2767
20/06/2024;A;20:00:00;20430
20/06/2024;B;20:00:00;2918
21/06/2024;A;20:00:00;21413
21/06/2024;B;20:00:00;3011
22/06/2024;A;20:00:00;17506
22/06/2024;B;20:00:00;2631
23/06/2024;A;20:00:00;15992
23/06/2024;B;20:00:00;2149
24/06/2024;A;20:00:00;17787
24/06/2024;B;20:00:00;2573
25/06/2024;A;20:00:00;18901
25/06/2024;B;20:00:00;2922
26/06/2024;A;20:00:00;19321
26/06/2024;B;20:00:00;2760
27/06/2024;A;20:00:00;19517
27/06/2024;B;20:00:00;2618
28/06/2024;A;20:00:00;21028
28/06/2024;B;20:00:00;2845
29/06/2024;A;20:00:00;18110
29/06/2024;B;20:00:00;2685
30/06/2024;A;20:00:00;15775
30/06/2024;B;20:00:00;3262
1/07/2024;A;20:00:00;14692
1/07/2024;B;20:00:00;1776
2/07/2024;A;20:00:00;16217
2/07/2024;B;20:00:00;2177
3/07/2024;A;20:00:00;19409
3/07/2024;B;20:00:00;2721
4/07/2024;A;20:00:00;19446
4/07/2024;B;20:00:00;2645
5/07/2024;A;20:00:00;20632
5/07/2024;B;20:00:00;2816
6/07/2024;A;20:00:00;17298
6/07/2024;B;20:00:00;2547
7/07/2024;A;20:00:00;15692
7/07/2024;B;20:00:00;2111
8/07/2024;A;20:00:00;18468
8/07/2024;B;20:00:00;2544
9/07/2024;A;20:00:00;18848
9/07/2024;B;20:00:00;2524
10/07/2024;A;20:00:00;11794
10/07/2024;B;20:00:00;1571
11/07/2024;A;20:00:00;19400
11/07/2024;B;20:00:00;2863
12/07/2024;A;20:00:00;20222
12/07/2024;B;20:00:00;2867
13/07/2024;A;20:00:00;17669
13/07/2024;B;20:00:00;2419
14/07/2024;A;20:00:00;4819
14/07/2024;B;20:00:00;658
15/07/2024;A;20:00:00;17842
15/07/2024;B;20:00:00;2415
16/07/2024;A;20:00:00;19933
16/07/2024;B;20:00:00;2792
17/07/2024;A;20:00:00;19763
17/07/2024;B;20:00:00;2797
18/07/2024;A;20:00:00;19904
18/07/2024;B;20:00:00;2872
19/07/2024;A;20:00:00;21713
19/07/2024;B;20:00:00;3067
20/07/2024;A;20:00:00;15844
20/07/2024;B;20:00:00;2376
21/07/2024;A;20:00:00;16092
21/07/2024;B;20:00:00;7459
22/07/2024;A;20:00:00;18070
22/07/2024;B;20:00:00;2621
23/07/2024;A;20:00:00;19580
23/07/2024;B;20:00:00;2959
24/07/2024;A;20:00:00;19611
24/07/2024;B;20:00:00;3076
25/07/2024;A;20:00:00;19912
25/07/2024;B;20:00:00;3038
26/07/2024;A;20:00:00;20722
26/07/2024;B;20:00:00;3148
27/07/2024;A;20:00:00;16371
27/07/2024;B;20:00:00;2413
28/07/2024;A;20:00:00;15139
28/07/2024;B;20:00:00;2216
29/07/2024;A;20:00:00;18451
29/07/2024;B;20:00:00;2907
30/07/2024;A;20:00:00;20073
30/07/2024;B;20:00:00;3254
31/07/2024;A;20:00:00;21642
31/07/2024;B;20:00:00;3377
1/08/2024;A;20:00:00;21107
1/08/2024;B;20:00:00;3467
2/08/2024;A;20:00:00;22963
2/08/2024;B;20:00:00;3829
3/08/2024;A;20:00:00;18860
3/08/2024;B;20:00:00;2701
4/08/2024;A;20:00:00;16670
4/08/2024;B;20:00:00;2341
5/08/2024;A;20:00:00;20322
5/08/2024;B;20:00:00;3319
6/08/2024;A;20:00:00;23395
6/08/2024;B;20:00:00;4007
7/08/2024;A;20:00:00;16331
7/08/2024;B;20:00:00;2400
8/08/2024;A;20:00:00;22198
8/08/2024;B;20:00:00;3805
9/08/2024;A;20:00:00;23017
9/08/2024;B;20:00:00;3831
10/08/2024;A;20:00:00;17065
10/08/2024;B;20:00:00;2911
11/08/2024;A;20:00:00;15502
11/08/2024;B;20:00:00;2107
12/08/2024;A;20:00:00;22212
12/08/2024;B;20:00:00;3213
13/08/2024;A;20:00:00;21537
13/08/2024;B;20:00:00;3551
14/08/2024;A;20:00:00;21697
14/08/2024;B;20:00:00;3569
15/08/2024;A;20:00:00;23748
15/08/2024;B;20:00:00;3755
16/08/2024;A;20:00:00;24277
16/08/2024;B;20:00:00;3885
17/08/2024;A;20:00:00;18040
17/08/2024;B;20:00:00;2606
18/08/2024;A;20:00:00;15762
18/08/2024;B;20:00:00;2173
19/08/2024;A;20:00:00;15493
19/08/2024;B;20:00:00;1914
20/08/2024;A;20:00:00;21599
20/08/2024;B;20:00:00;3666
21/08/2024;A;20:00:00;22071
21/08/2024;B;20:00:00;3701
22/08/2024;A;20:00:00;22208
22/08/2024;B;20:00:00;3676
23/08/2024;A;20:00:00;22618
23/08/2024;B;20:00:00;3345
24/08/2024;A;20:00:00;16426
24/08/2024;B;20:00:00;2399
25/08/2024;A;20:00:00;14725
25/08/2024;B;20:00:00;2145
26/08/2024;A;20:00:00;19734
26/08/2024;B;20:00:00;2945
27/08/2024;A;20:00:00;21497
27/08/2024;B;20:00:00;3674
28/08/2024;A;20:00:00;21335
28/08/2024;B;20:00:00;3594
29/08/2024;A;20:00:00;21660
29/08/2024;B;20:00:00;3518
30/08/2024;A;20:00:00;24093
30/08/2024;B;20:00:00;3561
31/08/2024;A;20:00:00;19361
31/08/2024;B;20:00:00;3065
1/09/2024;A;20:00:00;15390
1/09/2024;B;20:00:00;1879
2/09/2024;A;20:00:00;20326
2/09/2024;B;20:00:00;3078
3/09/2024;A;20:00:00;21137
3/09/2024;B;20:00:00;3421
4/09/2024;A;20:00:00;20312
4/09/2024;B;20:00:00;3246
5/09/2024;A;20:00:00;19672
5/09/2024;B;20:00:00;2973
6/09/2024;A;20:00:00;20328
6/09/2024;B;20:00:00;4059
7/09/2024;A;20:00:00;17902
7/09/2024;B;20:00:00;2555
8/09/2024;A;20:00:00;15414
8/09/2024;B;20:00:00;2081
9/09/2024;A;20:00:00;20550
9/09/2024;B;20:00:00;3129
10/09/2024;A;20:00:00;21632
10/09/2024;B;20:00:00;3498
11/09/2024;A;20:00:00;23845
11/09/2024;B;20:00:00;3450
12/09/2024;A;20:00:00;23377
12/09/2024;B;20:00:00;3656
13/09/2024;A;20:00:00;24156
13/09/2024;B;20:00:00;3571
14/09/2024;A;20:00:00;17674
14/09/2024;B;20:00:00;2285
15/09/2024;A;20:00:00;18480
15/09/2024;B;20:00:00;2990
16/09/2024;A;20:00:00;19863
16/09/2024;B;20:00:00;2988
17/09/2024;A;20:00:00;21642
17/09/2024;B;20:00:00;3409
18/09/2024;A;20:00:00;21766
18/09/2024;B;20:00:00;3416
19/09/2024;A;20:00:00;22814
19/09/2024;B;20:00:00;3647
20/09/2024;A;20:00:00;23015
20/09/2024;B;20:00:00;3403
21/09/2024;A;20:00:00;17408
21/09/2024;B;20:00:00;2671
22/09/2024;A;20:00:00;15649
22/09/2024;B;20:00:00;1868
23/09/2024;A;20:00:00;19264
23/09/2024;B;20:00:00;2808
24/09/2024;A;20:00:00;22221
24/09/2024;B;20:00:00;3505
25/09/2024;A;20:00:00;21683
25/09/2024;B;20:00:00;3305
26/09/2024;A;20:00:00;21470
26/09/2024;B;20:00:00;3367
27/09/2024;A;20:00:00;22002
27/09/2024;B;20:00:00;3120
28/09/2024;A;20:00:00;15675
28/09/2024;B;20:00:00;2525
29/09/2024;A;20:00:00;14584
29/09/2024;B;20:00:00;1764
30/09/2024;A;20:00:00;20712
30/09/2024;B;20:00:00;2965
1/10/2024;A;20:00:00;21969
1/10/2024;B;20:00:00;3316
2/10/2024;A;20:00:00;21101
2/10/2024;B;20:00:00;3118
3/10/2024;A;20:00:00;23942
3/10/2024;B;20:00:00;3600
4/10/2024;A;20:00:00;23279
4/10/2024;B;20:00:00;3577
5/10/2024;A;20:00:00;17421
5/10/2024;B;20:00:00;2432
6/10/2024;A;20:00:00;15200
6/10/2024;B;20:00:00;2048
7/10/2024;A;20:00:00;19498
7/10/2024;B;20:00:00;2811
8/10/2024;A;20:00:00;21156
8/10/2024;B;20:00:00;3338
9/10/2024;A;20:00:00;21555
9/10/2024;B;20:00:00;3169
10/10/2024;A;20:00:00;21809
10/10/2024;B;20:00:00;4809
11/10/2024;A;20:00:00;22632
11/10/2024;B;20:00:00;3356
12/10/2024;A;20:00:00;16541
12/10/2024;B;20:00:00;2242
13/10/2024;A;20:00:00;13399
13/10/2024;B;20:00:00;1878
14/10/2024;A;20:00:00;14221
14/10/2024;B;20:00:00;1653
15/10/2024;A;20:00:00;21681
15/10/2024;B;20:00:00;3354
16/10/2024;A;20:00:00;21958
16/10/2024;B;20:00:00;3244
17/10/2024;A;20:00:00;22242
17/10/2024;B;20:00:00;3528
18/10/2024;A;20:00:00;23151
18/10/2024;B;20:00:00;3553
19/10/2024;A;20:00:00;17851
19/10/2024;B;20:00:00;2371
20/10/2024;A;20:00:00;14763
20/10/2024;B;20:00:00;1991
21/10/2024;A;20:00:00;21010
21/10/2024;B;20:00:00;2982
22/10/2024;A;20:00:00;21261
22/10/2024;B;20:00:00;3363
23/10/2024;A;20:00:00;21701
23/10/2024;B;20:00:00;3261
24/10/2024;A;20:00:00;21744
24/10/2024;B;20:00:00;3540
25/10/2024;A;20:00:00;22911
25/10/2024;B;20:00:00;3561
26/10/2024;A;20:00:00;16634
26/10/2024;B;20:00:00;2405
27/10/2024;A;20:00:00;14553
27/10/2024;B;20:00:00;1926
28/10/2024;A;20:00:00;19971
28/10/2024;B;20:00:00;3104
29/10/2024;A;20:00:00;21230
29/10/2024;B;20:00:00;3678
30/10/2024;A;20:00:00;24027
30/10/2024;B;20:00:00;3649
31/10/2024;A;20:00:00;21190
31/10/2024;B;20:00:00;3156
1/01/2019;A;21:00:00;10736
2/01/2019;A;21:00:00;20113
3/01/2019;A;21:00:00;19989
4/01/2019;A;21:00:00;21302
5/01/2019;A;21:00:00;20387
6/01/2019;A;21:00:00;16711
7/01/2019;A;21:00:00;16260
8/01/2019;A;21:00:00;15159
9/01/2019;A;21:00:00;15959
10/01/2019;A;21:00:00;16153
11/01/2019;A;21:00:00;17076
12/01/2019;A;21:00:00;17320
13/01/2019;A;21:00:00;13283
14/01/2019;A;21:00:00;15461
15/01/2019;A;21:00:00;17548
16/01/2019;A;21:00:00;17709
17/01/2019;A;21:00:00;17599
18/01/2019;A;21:00:00;19142
19/01/2019;A;21:00:00;18309
20/01/2019;A;21:00:00;13687
21/01/2019;A;21:00:00;16838
22/01/2019;A;21:00:00;18008
23/01/2019;A;21:00:00;18166
24/01/2019;A;21:00:00;17891
25/01/2019;A;21:00:00;19612
26/01/2019;A;21:00:00;17564
27/01/2019;A;21:00:00;13560
28/01/2019;A;21:00:00;16050
29/01/2019;A;21:00:00;18186
30/01/2019;A;21:00:00;18489
31/01/2019;A;21:00:00;18784
1/02/2019;A;21:00:00;20719
2/02/2019;A;21:00:00;18184
3/02/2019;A;21:00:00;14419
4/02/2019;A;21:00:00;18192
5/02/2019;A;21:00:00;19797
6/02/2019;A;21:00:00;21905
7/02/2019;A;21:00:00;19364
8/02/2019;A;21:00:00;20935
9/02/2019;A;21:00:00;16988
10/02/2019;A;21:00:00;13161
11/02/2019;A;21:00:00;18597
12/02/2019;A;21:00:00;20293
13/02/2019;A;21:00:00;20589
14/02/2019;A;21:00:00;20992
15/02/2019;A;21:00:00;22233
16/02/2019;A;21:00:00;18472
17/02/2019;A;21:00:00;13620
18/02/2019;A;21:00:00;19343
19/02/2019;A;21:00:00;21081
20/02/2019;A;21:00:00;20583
21/02/2019;A;21:00:00;21206
22/02/2019;A;21:00:00;12765
23/02/2019;A;21:00:00;16638
24/02/2019;A;21:00:00;11726
25/02/2019;A;21:00:00;18443
26/02/2019;A;21:00:00;18962
27/02/2019;A;21:00:00;19417
28/02/2019;A;21:00:00;19785
1/03/2019;A;21:00:00;21898
2/03/2019;A;21:00:00;18449
3/03/2019;A;21:00:00;12322
4/03/2019;A;21:00:00;18779
5/03/2019;A;21:00:00;20270
6/03/2019;A;21:00:00;21465
7/03/2019;A;21:00:00;21087
8/03/2019;A;21:00:00;23200
9/03/2019;A;21:00:00;18031
10/03/2019;A;21:00:00;12253
11/03/2019;A;21:00:00;18170
12/03/2019;A;21:00:00;19820
13/03/2019;A;21:00:00;20139
14/03/2019;A;21:00:00;20004
15/03/2019;A;21:00:00;27822
16/03/2019;A;21:00:00;18853
17/03/2019;A;21:00:00;13269
18/03/2019;A;21:00:00;19228
19/03/2019;A;21:00:00;20773
20/03/2019;A;21:00:00;20382
21/03/2019;A;21:00:00;19641
22/03/2019;A;21:00:00;21306
23/03/2019;A;21:00:00;18002
24/03/2019;A;21:00:00;11964
25/03/2019;A;21:00:00;13940
26/03/2019;A;21:00:00;19502
27/03/2019;A;21:00:00;20025
28/03/2019;A;21:00:00;19637
29/03/2019;A;21:00:00;23528
30/03/2019;A;21:00:00;19163
31/03/2019;A;21:00:00;12845
1/04/2019;A;21:00:00;18503
2/04/2019;A;21:00:00;21154
3/04/2019;A;21:00:00;20528
4/04/2019;A;21:00:00;20943
5/04/2019;A;21:00:00;22961
6/04/2019;A;21:00:00;16857
7/04/2019;A;21:00:00;12775
8/04/2019;A;21:00:00;18465
9/04/2019;A;21:00:00;20190
10/04/2019;A;21:00:00;20702
11/04/2019;A;21:00:00;21727
12/04/2019;A;21:00:00;23247
13/04/2019;A;21:00:00;18208
14/04/2019;A;21:00:00;11813
15/04/2019;A;21:00:00;16567
16/04/2019;A;21:00:00;17531
17/04/2019;A;21:00:00;18506
18/04/2019;A;21:00:00;11204
19/04/2019;A;21:00:00;8525
20/04/2019;A;21:00:00;13592
21/04/2019;A;21:00:00;10958
22/04/2019;A;21:00:00;19421
23/04/2019;A;21:00:00;22775
24/04/2019;A;21:00:00;15649
25/04/2019;A;21:00:00;44145
26/04/2019;A;21:00:00;22858
27/04/2019;A;21:00:00;18220
28/04/2019;A;21:00:00;13003
29/04/2019;A;21:00:00;18891
30/04/2019;A;21:00:00;24188
1/05/2019;A;21:00:00;15287
2/05/2019;A;21:00:00;20795
3/05/2019;A;21:00:00;22656
4/05/2019;A;21:00:00;18120
5/05/2019;A;21:00:00;13892
6/05/2019;A;21:00:00;18672
7/05/2019;A;21:00:00;20724
8/05/2019;A;21:00:00;20751
9/05/2019;A;21:00:00;21188
10/05/2019;A;21:00:00;23081
11/05/2019;A;21:00:00;16413
12/05/2019;A;21:00:00;13802
13/05/2019;A;21:00:00;17897
14/05/2019;A;21:00:00;23388
15/05/2019;A;21:00:00;20735
16/05/2019;A;21:00:00;19469
17/05/2019;A;21:00:00;22007
18/05/2019;A;21:00:00;17280
19/05/2019;A;21:00:00;11966
20/05/2019;A;21:00:00;18481
21/05/2019;A;21:00:00;20016
22/05/2019;A;21:00:00;19658
23/05/2019;A;21:00:00;19283
24/05/2019;A;21:00:00;21534
25/05/2019;A;21:00:00;16273
26/05/2019;A;21:00:00;12467
27/05/2019;A;21:00:00;17604
28/05/2019;A;21:00:00;19015
29/05/2019;A;21:00:00;19448
30/05/2019;A;21:00:00;20083
31/05/2019;A;21:00:00;22995
1/06/2019;A;21:00:00;17918
2/06/2019;A;21:00:00;14266
3/06/2019;A;21:00:00;12091
4/06/2019;A;21:00:00;19153
5/06/2019;A;21:00:00;19323
6/06/2019;A;21:00:00;19452
7/06/2019;A;21:00:00;20836
8/06/2019;A;21:00:00;18712
9/06/2019;A;21:00:00;12325
10/06/2019;A;21:00:00;17616
11/06/2019;A;21:00:00;19564
12/06/2019;A;21:00:00;18247
13/06/2019;A;21:00:00;18759
14/06/2019;A;21:00:00;21846
15/06/2019;A;21:00:00;19364
16/06/2019;A;21:00:00;13877
17/06/2019;A;21:00:00;18467
18/06/2019;A;21:00:00;19449
19/06/2019;A;21:00:00;18915
20/06/2019;A;21:00:00;19472
21/06/2019;A;21:00:00;21056
22/06/2019;A;21:00:00;17545
23/06/2019;A;21:00:00;13167
24/06/2019;A;21:00:00;15916
25/06/2019;A;21:00:00;17841
26/06/2019;A;21:00:00;19124
27/06/2019;A;21:00:00;18868
28/06/2019;A;21:00:00;25254
29/06/2019;A;21:00:00;17983
30/06/2019;A;21:00:00;16078
1/07/2019;A;21:00:00;13324
2/07/2019;A;21:00:00;18630
3/07/2019;A;21:00:00;18813
4/07/2019;A;21:00:00;18427
5/07/2019;A;21:00:00;21766
6/07/2019;A;21:00:00;18975
7/07/2019;A;21:00:00;13632
8/07/2019;A;21:00:00;17348
9/07/2019;A;21:00:00;18624
10/07/2019;A;21:00:00;19284
11/07/2019;A;21:00:00;19034
12/07/2019;A;21:00:00;20900
13/07/2019;A;21:00:00;18680
14/07/2019;A;21:00:00;14047
15/07/2019;A;21:00:00;17998
16/07/2019;A;21:00:00;19606
17/07/2019;A;21:00:00;19577
18/07/2019;A;21:00:00;19429
19/07/2019;A;21:00:00;25517
20/07/2019;A;21:00:00;19511
21/07/2019;A;21:00:00;15003
22/07/2019;A;21:00:00;18088
23/07/2019;A;21:00:00;19021
24/07/2019;A;21:00:00;19443
25/07/2019;A;21:00:00;19289
26/07/2019;A;21:00:00;21852
27/07/2019;A;21:00:00;18280
28/07/2019;A;21:00:00;13495
29/07/2019;A;21:00:00;17716
30/07/2019;A;21:00:00;19626
31/07/2019;A;21:00:00;20038
1/08/2019;A;21:00:00;20766
2/08/2019;A;21:00:00;21725
3/08/2019;A;21:00:00;19708
4/08/2019;A;21:00:00;15698
5/08/2019;A;21:00:00;19674
6/08/2019;A;21:00:00;23298
7/08/2019;A;21:00:00;12971
8/08/2019;A;21:00:00;21032
9/08/2019;A;21:00:00;22917
10/08/2019;A;21:00:00;18772
11/08/2019;A;21:00:00;14455
12/08/2019;A;21:00:00;19293
13/08/2019;A;21:00:00;20512
14/08/2019;A;21:00:00;20172
15/08/2019;A;21:00:00;21615
16/08/2019;A;21:00:00;22634
17/08/2019;A;21:00:00;18338
18/08/2019;A;21:00:00;14408
19/08/2019;A;21:00:00;13574
20/08/2019;A;21:00:00;21177
21/08/2019;A;21:00:00;21553
22/08/2019;A;21:00:00;21771
23/08/2019;A;21:00:00;22752
24/08/2019;A;21:00:00;17615
25/08/2019;A;21:00:00;12964
26/08/2019;A;21:00:00;19957
27/08/2019;A;21:00:00;21842
28/08/2019;A;21:00:00;21277
29/08/2019;A;21:00:00;22033
30/08/2019;A;21:00:00;24502
31/08/2019;A;21:00:00;18898
1/09/2019;A;21:00:00;14555
2/09/2019;A;21:00:00;19795
3/09/2019;A;21:00:00;21636
4/09/2019;A;21:00:00;18286
5/09/2019;A;21:00:00;22039
6/09/2019;A;21:00:00;24102
7/09/2019;A;21:00:00;19981
8/09/2019;A;21:00:00;14611
9/09/2019;A;21:00:00;20220
10/09/2019;A;21:00:00;22346
11/09/2019;A;21:00:00;20476
12/09/2019;A;21:00:00;22164
13/09/2019;A;21:00:00;25075
14/09/2019;A;21:00:00;20576
15/09/2019;A;21:00:00;15634
16/09/2019;A;21:00:00;19735
17/09/2019;A;21:00:00;20898
18/09/2019;A;21:00:00;20826
19/09/2019;A;21:00:00;21270
20/09/2019;A;21:00:00;23122
21/09/2019;A;21:00:00;18264
22/09/2019;A;21:00:00;12853
23/09/2019;A;21:00:00;19239
24/09/2019;A;21:00:00;34550
25/09/2019;A;21:00:00;19992
26/09/2019;A;21:00:00;20956
27/09/2019;A;21:00:00;22811
28/09/2019;A;21:00:00;18082
29/09/2019;A;21:00:00;13216
30/09/2019;A;21:00:00;18632
1/10/2019;A;21:00:00;21777
2/10/2019;A;21:00:00;21574
3/10/2019;A;21:00:00;21703
4/10/2019;A;21:00:00;23494
5/10/2019;A;21:00:00;19236
6/10/2019;A;21:00:00;13797
7/10/2019;A;21:00:00;19822
8/10/2019;A;21:00:00;21138
9/10/2019;A;21:00:00;21527
10/10/2019;A;21:00:00;20438
11/10/2019;A;21:00:00;23005
12/10/2019;A;21:00:00;17183
13/10/2019;A;21:00:00;13710
14/10/2019;A;21:00:00;12990
15/10/2019;A;21:00:00;21550
16/10/2019;A;21:00:00;21118
17/10/2019;A;21:00:00;21567
18/10/2019;A;21:00:00;21506
19/10/2019;A;21:00:00;18165
20/10/2019;A;21:00:00;13911
21/10/2019;A;21:00:00;19333
22/10/2019;A;21:00:00;20652
23/10/2019;A;21:00:00;20912
24/10/2019;A;21:00:00;20269
25/10/2019;A;21:00:00;22718
26/10/2019;A;21:00:00;17306
27/10/2019;A;21:00:00;14106
28/10/2019;A;21:00:00;19179
29/10/2019;A;21:00:00;20311
30/10/2019;A;21:00:00;25137
31/10/2019;A;21:00:00;22324
1/11/2019;A;21:00:00;22486
2/11/2019;A;21:00:00;15867
3/11/2019;A;21:00:00;13588
4/11/2019;A;21:00:00;12757
5/11/2019;A;21:00:00;21412
6/11/2019;A;21:00:00;21029
7/11/2019;A;21:00:00;22245
8/11/2019;A;21:00:00;23517
9/11/2019;A;21:00:00;20638
10/11/2019;A;21:00:00;14088
11/11/2019;A;21:00:00;18635
12/11/2019;A;21:00:00;20716
13/11/2019;A;21:00:00;21076
14/11/2019;A;21:00:00;20900
15/11/2019;A;21:00:00;22528
16/11/2019;A;21:00:00;19911
17/11/2019;A;21:00:00;14353
18/11/2019;A;21:00:00;19806
19/11/2019;A;21:00:00;20606
20/11/2019;A;21:00:00;22431
21/11/2019;A;21:00:00;11618
22/11/2019;A;21:00:00;23386
23/11/2019;A;21:00:00;18713
24/11/2019;A;21:00:00;14280
25/11/2019;A;21:00:00;21438
26/11/2019;A;21:00:00;22970
27/11/2019;A;21:00:00;20435
28/11/2019;A;21:00:00;21728
29/11/2019;A;21:00:00;24811
30/11/2019;A;21:00:00;26723
1/12/2019;A;21:00:00;20975
2/12/2019;A;21:00:00;22358
3/12/2019;A;21:00:00;23620
4/12/2019;A;21:00:00;20798
5/12/2019;A;21:00:00;25673
6/12/2019;A;21:00:00;27841
7/12/2019;A;21:00:00;23418
8/12/2019;A;21:00:00;25358
9/12/2019;A;21:00:00;23570
10/12/2019;A;21:00:00;24883
11/12/2019;A;21:00:00;25682
12/12/2019;A;21:00:00;25948
13/12/2019;A;21:00:00;29780
14/12/2019;A;21:00:00;33496
15/12/2019;A;21:00:00;29094
16/12/2019;A;21:00:00;22764
17/12/2019;A;21:00:00;23921
18/12/2019;A;21:00:00;24309
19/12/2019;A;21:00:00;31119
20/12/2019;A;21:00:00;29795
21/12/2019;A;21:00:00;31614
22/12/2019;A;21:00:00;27441
23/12/2019;A;21:00:00;26105
24/12/2019;A;21:00:00;17534
25/12/2019;A;21:00:00;14203
26/12/2019;A;21:00:00;24336
27/12/2019;A;21:00:00;25697
28/12/2019;A;21:00:00;27684
29/12/2019;A;21:00:00;20743
30/12/2019;A;21:00:00;22981
31/12/2019;A;21:00:00;409
1/01/2019;B;21:00:00;714
2/01/2019;B;21:00:00;1730
3/01/2019;B;21:00:00;2060
4/01/2019;B;21:00:00;2281
5/01/2019;B;21:00:00;2170
6/01/2019;B;21:00:00;1716
7/01/2019;B;21:00:00;1724
8/01/2019;B;21:00:00;2182
9/01/2019;B;21:00:00;2415
10/01/2019;B;21:00:00;2568
11/01/2019;B;21:00:00;2129
12/01/2019;B;21:00:00;2312
13/01/2019;B;21:00:00;1272
14/01/2019;B;21:00:00;1926
15/01/2019;B;21:00:00;2156
16/01/2019;B;21:00:00;2375
17/01/2019;B;21:00:00;2382
18/01/2019;B;21:00:00;2551
19/01/2019;B;21:00:00;2514
20/01/2019;B;21:00:00;1725
21/01/2019;B;21:00:00;2323
22/01/2019;B;21:00:00;2359
23/01/2019;B;21:00:00;2385
24/01/2019;B;21:00:00;2806
25/01/2019;B;21:00:00;2685
26/01/2019;B;21:00:00;3096
27/01/2019;B;21:00:00;1727
28/01/2019;B;21:00:00;2302
29/01/2019;B;21:00:00;2820
30/01/2019;B;21:00:00;2735
31/01/2019;B;21:00:00;2832
1/02/2019;B;21:00:00;2912
2/02/2019;B;21:00:00;4314
3/02/2019;B;21:00:00;1812
4/02/2019;B;21:00:00;2837
5/02/2019;B;21:00:00;3181
6/02/2019;B;21:00:00;3113
7/02/2019;B;21:00:00;3104
8/02/2019;B;21:00:00;3113
9/02/2019;B;21:00:00;3726
10/02/2019;B;21:00:00;1849
11/02/2019;B;21:00:00;2770
12/02/2019;B;21:00:00;4854
13/02/2019;B;21:00:00;3235
14/02/2019;B;21:00:00;4754
15/02/2019;B;21:00:00;3243
16/02/2019;B;21:00:00;2675
17/02/2019;B;21:00:00;3010
18/02/2019;B;21:00:00;2871
19/02/2019;B;21:00:00;3133
20/02/2019;B;21:00:00;3052
21/02/2019;B;21:00:00;3322
22/02/2019;B;21:00:00;3452
23/02/2019;B;21:00:00;2442
24/02/2019;B;21:00:00;1693
25/02/2019;B;21:00:00;2804
26/02/2019;B;21:00:00;2782
27/02/2019;B;21:00:00;3005
28/02/2019;B;21:00:00;3473
1/03/2019;B;21:00:00;3438
2/03/2019;B;21:00:00;2585
3/03/2019;B;21:00:00;1576
4/03/2019;B;21:00:00;2715
5/03/2019;B;21:00:00;3102
6/03/2019;B;21:00:00;3299
7/03/2019;B;21:00:00;3289
8/03/2019;B;21:00:00;3672
9/03/2019;B;21:00:00;2588
10/03/2019;B;21:00:00;1684
11/03/2019;B;21:00:00;2645
12/03/2019;B;21:00:00;3135
13/03/2019;B;21:00:00;3231
14/03/2019;B;21:00:00;3121
15/03/2019;B;21:00:00;3389
16/03/2019;B;21:00:00;2883
17/03/2019;B;21:00:00;1710
18/03/2019;B;21:00:00;2832
19/03/2019;B;21:00:00;3063
20/03/2019;B;21:00:00;5697
21/03/2019;B;21:00:00;2899
22/03/2019;B;21:00:00;2946
23/03/2019;B;21:00:00;2533
24/03/2019;B;21:00:00;1651
25/03/2019;B;21:00:00;1360
26/03/2019;B;21:00:00;2890
27/03/2019;B;21:00:00;3091
28/03/2019;B;21:00:00;3263
29/03/2019;B;21:00:00;3404
30/03/2019;B;21:00:00;3025
31/03/2019;B;21:00:00;1780
1/04/2019;B;21:00:00;2519
2/04/2019;B;21:00:00;3198
3/04/2019;B;21:00:00;3047
4/04/2019;B;21:00:00;3296
5/04/2019;B;21:00:00;3264
6/04/2019;B;21:00:00;2444
7/04/2019;B;21:00:00;1939
8/04/2019;B;21:00:00;2586
9/04/2019;B;21:00:00;2999
10/04/2019;B;21:00:00;2985
11/04/2019;B;21:00:00;3113
12/04/2019;B;21:00:00;3245
13/04/2019;B;21:00:00;3588
14/04/2019;B;21:00:00;1563
15/04/2019;B;21:00:00;2169
16/04/2019;B;21:00:00;2318
17/04/2019;B;21:00:00;2420
18/04/2019;B;21:00:00;4969
19/04/2019;B;21:00:00;1162
20/04/2019;B;21:00:00;1836
21/04/2019;B;21:00:00;1341
22/04/2019;B;21:00:00;2748
23/04/2019;B;21:00:00;3333
24/04/2019;B;21:00:00;2450
25/04/2019;B;21:00:00;6640
26/04/2019;B;21:00:00;3201
27/04/2019;B;21:00:00;3697
28/04/2019;B;21:00:00;1863
29/04/2019;B;21:00:00;2700
30/04/2019;B;21:00:00;3325
1/05/2019;B;21:00:00;2712
2/05/2019;B;21:00:00;3344
3/05/2019;B;21:00:00;3277
4/05/2019;B;21:00:00;2668
5/05/2019;B;21:00:00;2040
6/05/2019;B;21:00:00;2761
7/05/2019;B;21:00:00;3104
8/05/2019;B;21:00:00;3009
9/05/2019;B;21:00:00;2939
10/05/2019;B;21:00:00;3430
11/05/2019;B;21:00:00;2420
12/05/2019;B;21:00:00;1806
13/05/2019;B;21:00:00;2427
14/05/2019;B;21:00:00;3085
15/05/2019;B;21:00:00;3076
16/05/2019;B;21:00:00;3343
17/05/2019;B;21:00:00;3126
18/05/2019;B;21:00:00;2797
19/05/2019;B;21:00:00;1867
20/05/2019;B;21:00:00;2673
21/05/2019;B;21:00:00;3018
22/05/2019;B;21:00:00;2906
23/05/2019;B;21:00:00;2813
24/05/2019;B;21:00:00;2909
25/05/2019;B;21:00:00;2306
26/05/2019;B;21:00:00;1755
27/05/2019;B;21:00:00;2459
28/05/2019;B;21:00:00;2582
29/05/2019;B;21:00:00;4482
30/05/2019;B;21:00:00;3056
31/05/2019;B;21:00:00;3387
1/06/2019;B;21:00:00;2464
2/06/2019;B;21:00:00;1983
3/06/2019;B;21:00:00;1553
4/06/2019;B;21:00:00;2856
5/06/2019;B;21:00:00;3174
6/06/2019;B;21:00:00;2732
7/06/2019;B;21:00:00;2803
8/06/2019;B;21:00:00;2621
9/06/2019;B;21:00:00;1667
10/06/2019;B;21:00:00;2334
11/06/2019;B;21:00:00;2877
12/06/2019;B;21:00:00;2599
13/06/2019;B;21:00:00;2578
14/06/2019;B;21:00:00;2507
15/06/2019;B;21:00:00;2336
16/06/2019;B;21:00:00;1650
17/06/2019;B;21:00:00;2624
18/06/2019;B;21:00:00;2794
19/06/2019;B;21:00:00;2711
20/06/2019;B;21:00:00;2853
21/06/2019;B;21:00:00;3060
22/06/2019;B;21:00:00;2349
23/06/2019;B;21:00:00;1672
24/06/2019;B;21:00:00;1368
25/06/2019;B;21:00:00;2570
26/06/2019;B;21:00:00;2628
27/06/2019;B;21:00:00;2795
28/06/2019;B;21:00:00;3836
29/06/2019;B;21:00:00;2327
30/06/2019;B;21:00:00;2038
1/07/2019;B;21:00:00;1525
2/07/2019;B;21:00:00;2703
3/07/2019;B;21:00:00;2634
4/07/2019;B;21:00:00;2620
5/07/2019;B;21:00:00;3073
6/07/2019;B;21:00:00;3030
7/07/2019;B;21:00:00;1774
8/07/2019;B;21:00:00;2421
9/07/2019;B;21:00:00;2756
10/07/2019;B;21:00:00;3361
11/07/2019;B;21:00:00;3186
12/07/2019;B;21:00:00;3118
13/07/2019;B;21:00:00;2903
14/07/2019;B;21:00:00;4906
15/07/2019;B;21:00:00;2558
16/07/2019;B;21:00:00;2808
17/07/2019;B;21:00:00;2776
18/07/2019;B;21:00:00;2857
19/07/2019;B;21:00:00;2925
20/07/2019;B;21:00:00;2503
21/07/2019;B;21:00:00;3562
22/07/2019;B;21:00:00;2494
23/07/2019;B;21:00:00;2846
24/07/2019;B;21:00:00;5248
25/07/2019;B;21:00:00;3284
26/07/2019;B;21:00:00;2946
27/07/2019;B;21:00:00;2634
28/07/2019;B;21:00:00;4977
29/07/2019;B;21:00:00;2524
30/07/2019;B;21:00:00;2789
31/07/2019;B;21:00:00;3035
1/08/2019;B;21:00:00;3140
2/08/2019;B;21:00:00;3832
3/08/2019;B;21:00:00;2972
4/08/2019;B;21:00:00;2004
5/08/2019;B;21:00:00;3071
6/08/2019;B;21:00:00;5367
7/08/2019;B;21:00:00;4525
8/08/2019;B;21:00:00;3839
9/08/2019;B;21:00:00;3727
10/08/2019;B;21:00:00;3307
11/08/2019;B;21:00:00;1668
12/08/2019;B;21:00:00;3140
13/08/2019;B;21:00:00;3199
14/08/2019;B;21:00:00;3061
15/08/2019;B;21:00:00;3399
16/08/2019;B;21:00:00;3279
17/08/2019;B;21:00:00;2472
18/08/2019;B;21:00:00;2594
19/08/2019;B;21:00:00;1450
20/08/2019;B;21:00:00;3268
21/08/2019;B;21:00:00;3082
22/08/2019;B;21:00:00;3482
23/08/2019;B;21:00:00;3815
24/08/2019;B;21:00:00;2530
25/08/2019;B;21:00:00;2285
26/08/2019;B;21:00:00;2894
27/08/2019;B;21:00:00;3084
28/08/2019;B;21:00:00;3114
29/08/2019;B;21:00:00;3593
30/08/2019;B;21:00:00;3318
31/08/2019;B;21:00:00;3411
1/09/2019;B;21:00:00;2346
2/09/2019;B;21:00:00;2849
3/09/2019;B;21:00:00;3046
4/09/2019;B;21:00:00;2694
5/09/2019;B;21:00:00;3228
6/09/2019;B;21:00:00;3327
7/09/2019;B;21:00:00;3949
8/09/2019;B;21:00:00;2062
9/09/2019;B;21:00:00;2814
10/09/2019;B;21:00:00;3257
11/09/2019;B;21:00:00;3044
12/09/2019;B;21:00:00;2967
13/09/2019;B;21:00:00;3218
14/09/2019;B;21:00:00;4412
15/09/2019;B;21:00:00;1821
16/09/2019;B;21:00:00;2846
17/09/2019;B;21:00:00;2850
18/09/2019;B;21:00:00;3062
19/09/2019;B;21:00:00;3088
20/09/2019;B;21:00:00;3392
21/09/2019;B;21:00:00;2877
22/09/2019;B;21:00:00;1740
23/09/2019;B;21:00:00;2677
24/09/2019;B;21:00:00;2803
25/09/2019;B;21:00:00;2867
26/09/2019;B;21:00:00;3232
27/09/2019;B;21:00:00;3304
28/09/2019;B;21:00:00;2515
29/09/2019;B;21:00:00;5037
30/09/2019;B;21:00:00;2657
1/10/2019;B;21:00:00;3410
2/10/2019;B;21:00:00;2943
3/10/2019;B;21:00:00;5446
4/10/2019;B;21:00:00;3280
5/10/2019;B;21:00:00;2545
6/10/2019;B;21:00:00;1907
7/10/2019;B;21:00:00;2704
8/10/2019;B;21:00:00;2991
9/10/2019;B;21:00:00;3576
10/10/2019;B;21:00:00;4327
11/10/2019;B;21:00:00;3265
12/10/2019;B;21:00:00;2188
13/10/2019;B;21:00:00;1961
14/10/2019;B;21:00:00;1529
15/10/2019;B;21:00:00;3685
16/10/2019;B;21:00:00;3838
17/10/2019;B;21:00:00;3849
18/10/2019;B;21:00:00;3299
19/10/2019;B;21:00:00;2526
20/10/2019;B;21:00:00;3844
21/10/2019;B;21:00:00;2799
22/10/2019;B;21:00:00;3665
23/10/2019;B;21:00:00;4019
24/10/2019;B;21:00:00;3635
25/10/2019;B;21:00:00;3466
26/10/2019;B;21:00:00;2452
27/10/2019;B;21:00:00;1809
28/10/2019;B;21:00:00;2816
29/10/2019;B;21:00:00;5783
30/10/2019;B;21:00:00;3740
31/10/2019;B;21:00:00;2890
1/11/2019;B;21:00:00;3073
2/11/2019;B;21:00:00;2453
3/11/2019;B;21:00:00;1714
4/11/2019;B;21:00:00;1532
5/11/2019;B;21:00:00;2907
6/11/2019;B;21:00:00;4369
7/11/2019;B;21:00:00;3685
8/11/2019;B;21:00:00;3224
9/11/2019;B;21:00:00;4862
10/11/2019;B;21:00:00;1438
11/11/2019;B;21:00:00;1491
12/11/2019;B;21:00:00;2704
13/11/2019;B;21:00:00;3034
14/11/2019;B;21:00:00;2968
15/11/2019;B;21:00:00;3091
16/11/2019;B;21:00:00;2675
17/11/2019;B;21:00:00;4923
18/11/2019;B;21:00:00;2878
19/11/2019;B;21:00:00;2822
20/11/2019;B;21:00:00;2493
21/11/2019;B;21:00:00;1253
22/11/2019;B;21:00:00;3222
23/11/2019;B;21:00:00;2577
24/11/2019;B;21:00:00;2057
25/11/2019;B;21:00:00;2802
26/11/2019;B;21:00:00;2898
27/11/2019;B;21:00:00;2746
28/11/2019;B;21:00:00;2827
29/11/2019;B;21:00:00;3088
30/11/2019;B;21:00:00;3357
1/12/2019;B;21:00:00;2272
2/12/2019;B;21:00:00;2611
3/12/2019;B;21:00:00;2688
4/12/2019;B;21:00:00;2580
5/12/2019;B;21:00:00;3070
6/12/2019;B;21:00:00;3470
7/12/2019;B;21:00:00;2682
8/12/2019;B;21:00:00;2826
9/12/2019;B;21:00:00;2565
10/12/2019;B;21:00:00;3112
11/12/2019;B;21:00:00;2997
12/12/2019;B;21:00:00;3003
13/12/2019;B;21:00:00;3228
14/12/2019;B;21:00:00;3888
15/12/2019;B;21:00:00;2488
16/12/2019;B;21:00:00;2458
17/12/2019;B;21:00:00;2492
18/12/2019;B;21:00:00;2754
19/12/2019;B;21:00:00;2874
20/12/2019;B;21:00:00;3031
21/12/2019;B;21:00:00;3079
22/12/2019;B;21:00:00;2323
23/12/2019;B;21:00:00;2427
24/12/2019;B;21:00:00;2244
25/12/2019;B;21:00:00;1032
26/12/2019;B;21:00:00;2263
27/12/2019;B;21:00:00;2356
28/12/2019;B;21:00:00;3145
29/12/2019;B;21:00:00;1729
30/12/2019;B;21:00:00;2072
31/12/2019;B;21:00:00;66
1/01/2020;A;21:00:00;10701
1/01/2020;B;21:00:00;725
2/01/2020;A;21:00:00;20506
2/01/2020;B;21:00:00;1837
3/01/2020;A;21:00:00;22514
3/01/2020;B;21:00:00;2016
4/01/2020;A;21:00:00;23416
4/01/2020;B;21:00:00;2209
5/01/2020;A;21:00:00;20693
5/01/2020;B;21:00:00;1716
6/01/2020;A;21:00:00;19041
6/01/2020;B;21:00:00;1528
7/01/2020;A;21:00:00;17168
7/01/2020;B;21:00:00;2021
8/01/2020;A;21:00:00;17364
8/01/2020;B;21:00:00;2027
9/01/2020;A;21:00:00;17090
9/01/2020;B;21:00:00;2094
10/01/2020;A;21:00:00;18698
10/01/2020;B;21:00:00;3076
11/01/2020;A;21:00:00;17767
11/01/2020;B;21:00:00;2388
12/01/2020;A;21:00:00;14135
12/01/2020;B;21:00:00;1709
13/01/2020;A;21:00:00;16622
13/01/2020;B;21:00:00;1891
14/01/2020;A;21:00:00;17506
14/01/2020;B;21:00:00;2047
15/01/2020;A;21:00:00;18346
15/01/2020;B;21:00:00;2200
16/01/2020;A;21:00:00;18498
16/01/2020;B;21:00:00;2316
17/01/2020;A;21:00:00;19887
17/01/2020;B;21:00:00;2526
18/01/2020;A;21:00:00;18350
18/01/2020;B;21:00:00;2344
19/01/2020;A;21:00:00;14284
19/01/2020;B;21:00:00;1728
20/01/2020;A;21:00:00;16648
20/01/2020;B;21:00:00;2057
21/01/2020;A;21:00:00;17489
21/01/2020;B;21:00:00;2057
22/01/2020;A;21:00:00;18430
22/01/2020;B;21:00:00;2294
23/01/2020;A;21:00:00;18579
23/01/2020;B;21:00:00;2457
24/01/2020;A;21:00:00;19110
24/01/2020;B;21:00:00;2501
25/01/2020;A;21:00:00;17690
25/01/2020;B;21:00:00;2396
26/01/2020;A;21:00:00;12991
26/01/2020;B;21:00:00;2077
27/01/2020;A;21:00:00;16728
27/01/2020;B;21:00:00;2337
28/01/2020;A;21:00:00;17906
28/01/2020;B;21:00:00;2744
29/01/2020;A;21:00:00;17997
29/01/2020;B;21:00:00;2584
30/01/2020;A;21:00:00;18942
30/01/2020;B;21:00:00;2723
31/01/2020;A;21:00:00;21469
31/01/2020;B;21:00:00;3129
1/02/2020;A;21:00:00;19215
1/02/2020;B;21:00:00;2574
2/02/2020;A;21:00:00;14489
2/02/2020;B;21:00:00;1778
3/02/2020;A;21:00:00;19007
3/02/2020;B;21:00:00;2607
4/02/2020;A;21:00:00;21317
4/02/2020;B;21:00:00;5370
5/02/2020;A;21:00:00;21230
5/02/2020;B;21:00:00;6050
6/02/2020;A;21:00:00;19813
6/02/2020;B;21:00:00;3041
7/02/2020;A;21:00:00;22340
7/02/2020;B;21:00:00;3228
8/02/2020;A;21:00:00;18340
8/02/2020;B;21:00:00;2579
9/02/2020;A;21:00:00;14035
9/02/2020;B;21:00:00;1746
10/02/2020;A;21:00:00;20176
10/02/2020;B;21:00:00;2748
11/02/2020;A;21:00:00;21653
11/02/2020;B;21:00:00;2928
12/02/2020;A;21:00:00;20275
12/02/2020;B;21:00:00;3003
13/02/2020;A;21:00:00;21992
13/02/2020;B;21:00:00;3103
14/02/2020;A;21:00:00;22974
14/02/2020;B;21:00:00;3120
15/02/2020;A;21:00:00;18406
15/02/2020;B;21:00:00;2662
16/02/2020;A;21:00:00;13585
16/02/2020;B;21:00:00;1721
17/02/2020;A;21:00:00;40428
17/02/2020;B;21:00:00;5604
18/02/2020;A;21:00:00;44052
18/02/2020;B;21:00:00;9186
19/02/2020;A;21:00:00;21404
19/02/2020;B;21:00:00;2956
20/02/2020;A;21:00:00;20229
20/02/2020;B;21:00:00;3054
21/02/2020;A;21:00:00;21993
21/02/2020;B;21:00:00;3101
22/02/2020;A;21:00:00;16760
22/02/2020;B;21:00:00;2625
23/02/2020;A;21:00:00;13629
23/02/2020;B;21:00:00;1637
24/02/2020;A;21:00:00;19101
24/02/2020;B;21:00:00;2568
25/02/2020;A;21:00:00;21080
25/02/2020;B;21:00:00;2932
26/02/2020;A;21:00:00;20402
26/02/2020;B;21:00:00;3040
27/02/2020;A;21:00:00;20760
27/02/2020;B;21:00:00;3155
28/02/2020;A;21:00:00;24604
28/02/2020;B;21:00:00;3517
29/02/2020;A;21:00:00;19498
29/02/2020;B;21:00:00;2708
1/03/2020;A;21:00:00;14781
1/03/2020;B;21:00:00;1826
2/03/2020;A;21:00:00;21128
2/03/2020;B;21:00:00;2992
3/03/2020;A;21:00:00;22718
3/03/2020;B;21:00:00;5900
4/03/2020;A;21:00:00;23172
4/03/2020;B;21:00:00;3218
5/03/2020;A;21:00:00;22914
5/03/2020;B;21:00:00;3417
6/03/2020;A;21:00:00;24006
6/03/2020;B;21:00:00;3533
7/03/2020;A;21:00:00;19012
7/03/2020;B;21:00:00;3706
8/03/2020;A;21:00:00;15135
8/03/2020;B;21:00:00;1729
9/03/2020;A;21:00:00;19055
9/03/2020;B;21:00:00;2599
10/03/2020;A;21:00:00;22799
10/03/2020;B;21:00:00;3146
11/03/2020;A;21:00:00;23694
11/03/2020;B;21:00:00;3222
12/03/2020;A;21:00:00;22898
12/03/2020;B;21:00:00;3265
13/03/2020;A;21:00:00;24117
13/03/2020;B;21:00:00;3348
14/03/2020;A;21:00:00;16745
14/03/2020;B;21:00:00;2221
15/03/2020;A;21:00:00;11394
15/03/2020;B;21:00:00;1589
16/03/2020;A;21:00:00;12966
16/03/2020;B;21:00:00;1433
17/03/2020;A;21:00:00;10955
17/03/2020;B;21:00:00;1283
18/03/2020;A;21:00:00;10017
18/03/2020;B;21:00:00;1135
19/03/2020;A;21:00:00;9668
19/03/2020;B;21:00:00;1047
20/03/2020;A;21:00:00;3155
20/03/2020;B;21:00:00;272
21/03/2020;A;21:00:00;1636
21/03/2020;B;21:00:00;161
22/03/2020;A;21:00:00;1120
22/03/2020;B;21:00:00;88
23/03/2020;A;21:00:00;1544
23/03/2020;B;21:00:00;113
24/03/2020;A;21:00:00;2952
24/03/2020;B;21:00:00;207
25/03/2020;A;21:00:00;2537
25/03/2020;B;21:00:00;153
26/03/2020;A;21:00:00;2433
26/03/2020;B;21:00:00;134
27/03/2020;A;21:00:00;2224
27/03/2020;B;21:00:00;139
28/03/2020;A;21:00:00;1495
28/03/2020;B;21:00:00;137
29/03/2020;A;21:00:00;879
29/03/2020;B;21:00:00;85
30/03/2020;A;21:00:00;2072
30/03/2020;B;21:00:00;144
31/03/2020;A;21:00:00;1919
31/03/2020;B;21:00:00;138
1/04/2020;A;21:00:00;1949
1/04/2020;B;21:00:00;137
2/04/2020;A;21:00:00;1815
2/04/2020;B;21:00:00;130
3/04/2020;A;21:00:00;1795
3/04/2020;B;21:00:00;120
4/04/2020;A;21:00:00;1239
4/04/2020;B;21:00:00;112
5/04/2020;A;21:00:00;834
5/04/2020;B;21:00:00;96
6/04/2020;A;21:00:00;1811
6/04/2020;B;21:00:00;137
7/04/2020;A;21:00:00;1783
7/04/2020;B;21:00:00;134
8/04/2020;A;21:00:00;1735
8/04/2020;B;21:00:00;139
9/04/2020;A;21:00:00;836
9/04/2020;B;21:00:00;107
10/04/2020;A;21:00:00;753
10/04/2020;B;21:00:00;72
11/04/2020;A;21:00:00;1122
11/04/2020;B;21:00:00;117
12/04/2020;A;21:00:00;769
12/04/2020;B;21:00:00;109
13/04/2020;A;21:00:00;2102
13/04/2020;B;21:00:00;131
14/04/2020;A;21:00:00;2061
14/04/2020;B;21:00:00;134
15/04/2020;A;21:00:00;2258
15/04/2020;B;21:00:00;148
16/04/2020;A;21:00:00;2247
16/04/2020;B;21:00:00;122
17/04/2020;A;21:00:00;2276
17/04/2020;B;21:00:00;146
18/04/2020;A;21:00:00;1803
18/04/2020;B;21:00:00;138
19/04/2020;A;21:00:00;979
19/04/2020;B;21:00:00;110
20/04/2020;A;21:00:00;2458
20/04/2020;B;21:00:00;161
21/04/2020;A;21:00:00;2491
21/04/2020;B;21:00:00;165
22/04/2020;A;21:00:00;2392
22/04/2020;B;21:00:00;157
23/04/2020;A;21:00:00;2327
23/04/2020;B;21:00:00;145
24/04/2020;A;21:00:00;2412
24/04/2020;B;21:00:00;152
25/04/2020;A;21:00:00;1867
25/04/2020;B;21:00:00;166
26/04/2020;A;21:00:00;1048
26/04/2020;B;21:00:00;132
27/04/2020;A;21:00:00;3174
27/04/2020;B;21:00:00;149
28/04/2020;A;21:00:00;3350
28/04/2020;B;21:00:00;148
29/04/2020;A;21:00:00;3371
29/04/2020;B;21:00:00;181
30/04/2020;A;21:00:00;3375
30/04/2020;B;21:00:00;200
1/05/2020;A;21:00:00;1595
1/05/2020;B;21:00:00;153
2/05/2020;A;21:00:00;2507
2/05/2020;B;21:00:00;184
3/05/2020;A;21:00:00;1204
3/05/2020;B;21:00:00;168
4/05/2020;A;21:00:00;3657
4/05/2020;B;21:00:00;183
5/05/2020;A;21:00:00;3650
5/05/2020;B;21:00:00;205
6/05/2020;A;21:00:00;3704
6/05/2020;B;21:00:00;216
7/05/2020;A;21:00:00;3743
7/05/2020;B;21:00:00;220
8/05/2020;A;21:00:00;3915
8/05/2020;B;21:00:00;245
9/05/2020;A;21:00:00;715
9/05/2020;B;21:00:00;41
10/05/2020;A;21:00:00;418
10/05/2020;B;21:00:00;38
11/05/2020;A;21:00:00;3941
11/05/2020;B;21:00:00;233
12/05/2020;A;21:00:00;3975
12/05/2020;B;21:00:00;227
13/05/2020;A;21:00:00;3974
13/05/2020;B;21:00:00;246
14/05/2020;A;21:00:00;3942
14/05/2020;B;21:00:00;228
15/05/2020;A;21:00:00;4188
15/05/2020;B;21:00:00;280
16/05/2020;A;21:00:00;3264
16/05/2020;B;21:00:00;257
17/05/2020;A;21:00:00;1444
17/05/2020;B;21:00:00;191
18/05/2020;A;21:00:00;4279
18/05/2020;B;21:00:00;284
19/05/2020;A;21:00:00;4267
19/05/2020;B;21:00:00;302
20/05/2020;A;21:00:00;4419
20/05/2020;B;21:00:00;281
21/05/2020;A;21:00:00;4444
21/05/2020;B;21:00:00;284
22/05/2020;A;21:00:00;4476
22/05/2020;B;21:00:00;340
23/05/2020;A;21:00:00;3647
23/05/2020;B;21:00:00;320
24/05/2020;A;21:00:00;1409
24/05/2020;B;21:00:00;208
25/05/2020;A;21:00:00;1704
25/05/2020;B;21:00:00;217
26/05/2020;A;21:00:00;4324
26/05/2020;B;21:00:00;307
27/05/2020;A;21:00:00;4474
27/05/2020;B;21:00:00;321
28/05/2020;A;21:00:00;4517
28/05/2020;B;21:00:00;321
29/05/2020;A;21:00:00;4685
29/05/2020;B;21:00:00;341
30/05/2020;A;21:00:00;3837
30/05/2020;B;21:00:00;311
31/05/2020;A;21:00:00;1751
31/05/2020;B;21:00:00;245
1/06/2020;A;21:00:00;4966
1/06/2020;B;21:00:00;386
2/06/2020;A;21:00:00;5286
2/06/2020;B;21:00:00;395
3/06/2020;A;21:00:00;5262
3/06/2020;B;21:00:00;425
4/06/2020;A;21:00:00;5294
4/06/2020;B;21:00:00;462
5/06/2020;A;21:00:00;5614
5/06/2020;B;21:00:00;473
6/06/2020;A;21:00:00;4662
6/06/2020;B;21:00:00;488
7/06/2020;A;21:00:00;2048
7/06/2020;B;21:00:00;286
8/06/2020;A;21:00:00;5472
8/06/2020;B;21:00:00;496
9/06/2020;A;21:00:00;5393
9/06/2020;B;21:00:00;494
10/06/2020;A;21:00:00;5656
10/06/2020;B;21:00:00;548
11/06/2020;A;21:00:00;5562
11/06/2020;B;21:00:00;536
12/06/2020;A;21:00:00;6089
12/06/2020;B;21:00:00;597
14/06/2020;A;21:00:00;2321
14/06/2020;B;21:00:00;356
15/06/2020;A;21:00:00;2510
15/06/2020;B;21:00:00;350
16/06/2020;A;21:00:00;6112
16/06/2020;B;21:00:00;617
17/06/2020;A;21:00:00;6215
17/06/2020;B;21:00:00;582
18/06/2020;A;21:00:00;6207
18/06/2020;B;21:00:00;608
19/06/2020;A;21:00:00;7772
19/06/2020;B;21:00:00;747
20/06/2020;A;21:00:00;5464
20/06/2020;B;21:00:00;620
21/06/2020;A;21:00:00;2280
21/06/2020;B;21:00:00;346
22/06/2020;A;21:00:00;2592
22/06/2020;B;21:00:00;372
23/06/2020;A;21:00:00;6351
23/06/2020;B;21:00:00;634
24/06/2020;A;21:00:00;6335
24/06/2020;B;21:00:00;660
25/06/2020;A;21:00:00;6448
25/06/2020;B;21:00:00;662
26/06/2020;A;21:00:00;6781
26/06/2020;B;21:00:00;687
27/06/2020;A;21:00:00;5868
27/06/2020;B;21:00:00;664
28/06/2020;A;21:00:00;2696
28/06/2020;B;21:00:00;413
29/06/2020;A;21:00:00;2869
29/06/2020;B;21:00:00;381
30/06/2020;A;21:00:00;6652
30/06/2020;B;21:00:00;650
1/07/2020;A;21:00:00;6611
1/07/2020;B;21:00:00;735
2/07/2020;A;21:00:00;6795
2/07/2020;B;21:00:00;702
3/07/2020;A;21:00:00;7518
3/07/2020;B;21:00:00;765
4/07/2020;A;21:00:00;5480
4/07/2020;B;21:00:00;628
5/07/2020;A;21:00:00;2843
5/07/2020;B;21:00:00;453
6/07/2020;A;21:00:00;6402
6/07/2020;B;21:00:00;673
7/07/2020;A;21:00:00;6346
7/07/2020;B;21:00:00;632
8/07/2020;A;21:00:00;6489
8/07/2020;B;21:00:00;671
9/07/2020;A;21:00:00;6711
9/07/2020;B;21:00:00;702
10/07/2020;A;21:00:00;6663
10/07/2020;B;21:00:00;728
11/07/2020;A;21:00:00;5626
11/07/2020;B;21:00:00;668
12/07/2020;A;21:00:00;2700
12/07/2020;B;21:00:00;442
13/07/2020;A;21:00:00;5902
13/07/2020;B;21:00:00;612
14/07/2020;A;21:00:00;6286
14/07/2020;B;21:00:00;673
15/07/2020;A;21:00:00;6256
15/07/2020;B;21:00:00;712
16/07/2020;A;21:00:00;6798
16/07/2020;B;21:00:00;717
17/07/2020;A;21:00:00;3259
17/07/2020;B;21:00:00;283
18/07/2020;A;21:00:00;2375
18/07/2020;B;21:00:00;230
19/07/2020;A;21:00:00;1299
19/07/2020;B;21:00:00;151
20/07/2020;A;21:00:00;1575
20/07/2020;B;21:00:00;175
21/07/2020;A;21:00:00;6252
21/07/2020;B;21:00:00;676
22/07/2020;A;21:00:00;6508
22/07/2020;B;21:00:00;716
23/07/2020;A;21:00:00;6851
23/07/2020;B;21:00:00;801
24/07/2020;A;21:00:00;3598
24/07/2020;B;21:00:00;269
25/07/2020;A;21:00:00;2661
25/07/2020;B;21:00:00;230
26/07/2020;A;21:00:00;1498
26/07/2020;B;21:00:00;189
27/07/2020;A;21:00:00;5974
27/07/2020;B;21:00:00;688
28/07/2020;A;21:00:00;6136
28/07/2020;B;21:00:00;737
29/07/2020;A;21:00:00;6168
29/07/2020;B;21:00:00;705
30/07/2020;A;21:00:00;6916
30/07/2020;B;21:00:00;772
31/07/2020;A;21:00:00;3637
31/07/2020;B;21:00:00;287
1/08/2020;A;21:00:00;2845
1/08/2020;B;21:00:00;267
2/08/2020;A;21:00:00;1591
2/08/2020;B;21:00:00;210
3/08/2020;A;21:00:00;6158
3/08/2020;B;21:00:00;699
4/08/2020;A;21:00:00;6335
4/08/2020;B;21:00:00;765
5/08/2020;A;21:00:00;6425
5/08/2020;B;21:00:00;798
6/08/2020;A;21:00:00;7186
6/08/2020;B;21:00:00;864
7/08/2020;A;21:00:00;2135
7/08/2020;B;21:00:00;252
9/08/2020;A;21:00:00;1570
9/08/2020;B;21:00:00;217
10/08/2020;A;21:00:00;6151
10/08/2020;B;21:00:00;745
11/08/2020;A;21:00:00;6007
11/08/2020;B;21:00:00;707
12/08/2020;A;21:00:00;6318
12/08/2020;B;21:00:00;742
13/08/2020;A;21:00:00;6381
13/08/2020;B;21:00:00;474
14/08/2020;A;21:00:00;6904
14/08/2020;B;21:00:00;756
15/08/2020;A;21:00:00;3301
15/08/2020;B;21:00:00;314
16/08/2020;A;21:00:00;1607
16/08/2020;B;21:00:00;210
17/08/2020;A;21:00:00;1889
17/08/2020;B;21:00:00;228
18/08/2020;A;21:00:00;6399
18/08/2020;B;21:00:00;732
19/08/2020;A;21:00:00;6421
19/08/2020;B;21:00:00;716
20/08/2020;A;21:00:00;13130
20/08/2020;B;21:00:00;1542
21/08/2020;A;21:00:00;6634
21/08/2020;B;21:00:00;817
22/08/2020;A;21:00:00;5226
22/08/2020;B;21:00:00;696
23/08/2020;A;21:00:00;2509
23/08/2020;B;21:00:00;325
24/08/2020;A;21:00:00;6447
24/08/2020;B;21:00:00;604
25/08/2020;A;21:00:00;6501
25/08/2020;B;21:00:00;686
26/08/2020;A;21:00:00;6735
26/08/2020;B;21:00:00;697
27/08/2020;A;21:00:00;6847
27/08/2020;B;21:00:00;699
28/08/2020;A;21:00:00;6897
28/08/2020;B;21:00:00;783
29/08/2020;A;21:00:00;5694
29/08/2020;B;21:00:00;767
30/08/2020;A;21:00:00;2923
30/08/2020;B;21:00:00;415
31/08/2020;A;21:00:00;7044
31/08/2020;B;21:00:00;741
1/09/2020;A;21:00:00;7563
1/09/2020;B;21:00:00;679
2/09/2020;A;21:00:00;8123
2/09/2020;B;21:00:00;863
3/09/2020;A;21:00:00;8310
3/09/2020;B;21:00:00;929
4/09/2020;A;21:00:00;8758
4/09/2020;B;21:00:00;1020
5/09/2020;A;21:00:00;8104
5/09/2020;B;21:00:00;1093
6/09/2020;A;21:00:00;4613
6/09/2020;B;21:00:00;693
7/09/2020;A;21:00:00;8190
7/09/2020;B;21:00:00;943
8/09/2020;A;21:00:00;8449
8/09/2020;B;21:00:00;1002
9/09/2020;A;21:00:00;8748
9/09/2020;B;21:00:00;1019
10/09/2020;A;21:00:00;9121
10/09/2020;B;21:00:00;1016
11/09/2020;A;21:00:00;8652
11/09/2020;B;21:00:00;1028
12/09/2020;A;21:00:00;8677
12/09/2020;B;21:00:00;1121
13/09/2020;A;21:00:00;4978
13/09/2020;B;21:00:00;649
14/09/2020;A;21:00:00;8977
14/09/2020;B;21:00:00;1011
15/09/2020;A;21:00:00;9280
15/09/2020;B;21:00:00;1101
16/09/2020;A;21:00:00;9293
16/09/2020;B;21:00:00;1100
17/09/2020;A;21:00:00;9383
17/09/2020;B;21:00:00;1113
18/09/2020;A;21:00:00;10317
18/09/2020;B;21:00:00;1192
19/09/2020;A;21:00:00;9547
19/09/2020;B;21:00:00;1226
20/09/2020;A;21:00:00;5152
20/09/2020;B;21:00:00;692
21/09/2020;A;21:00:00;8773
21/09/2020;B;21:00:00;949
22/09/2020;A;21:00:00;9140
22/09/2020;B;21:00:00;1099
23/09/2020;A;21:00:00;9093
23/09/2020;B;21:00:00;1067
24/09/2020;A;21:00:00;9470
24/09/2020;B;21:00:00;1077
25/09/2020;A;21:00:00;9737
25/09/2020;B;21:00:00;1126
26/09/2020;A;21:00:00;9519
26/09/2020;B;21:00:00;1185
27/09/2020;A;21:00:00;5682
27/09/2020;B;21:00:00;840
28/09/2020;A;21:00:00;8666
28/09/2020;B;21:00:00;1024
29/09/2020;A;21:00:00;8445
29/09/2020;B;21:00:00;1016
30/09/2020;A;21:00:00;9388
30/09/2020;B;21:00:00;1099
1/10/2020;A;21:00:00;9617
1/10/2020;B;21:00:00;1207
2/10/2020;A;21:00:00;10241
2/10/2020;B;21:00:00;1241
3/10/2020;A;21:00:00;9808
3/10/2020;B;21:00:00;1239
4/10/2020;A;21:00:00;6044
4/10/2020;B;21:00:00;747
5/10/2020;A;21:00:00;9099
5/10/2020;B;21:00:00;1111
6/10/2020;A;21:00:00;9238
6/10/2020;B;21:00:00;1191
7/10/2020;A;21:00:00;9412
7/10/2020;B;21:00:00;1155
8/10/2020;A;21:00:00;9649
8/10/2020;B;21:00:00;1182
9/10/2020;A;21:00:00;10768
9/10/2020;B;21:00:00;1417
10/10/2020;A;21:00:00;9702
10/10/2020;B;21:00:00;1313
11/10/2020;A;21:00:00;6028
11/10/2020;B;21:00:00;733
12/10/2020;A;21:00:00;5732
12/10/2020;B;21:00:00;802
13/10/2020;A;21:00:00;8947
13/10/2020;B;21:00:00;1181
14/10/2020;A;21:00:00;9210
14/10/2020;B;21:00:00;1183
15/10/2020;A;21:00:00;9981
15/10/2020;B;21:00:00;1297
16/10/2020;A;21:00:00;10989
16/10/2020;B;21:00:00;1392
17/10/2020;A;21:00:00;9985
17/10/2020;B;21:00:00;1352
18/10/2020;A;21:00:00;5931
18/10/2020;B;21:00:00;784
19/10/2020;A;21:00:00;9064
19/10/2020;B;21:00:00;1136
20/10/2020;A;21:00:00;9344
20/10/2020;B;21:00:00;1196
21/10/2020;A;21:00:00;9557
21/10/2020;B;21:00:00;1235
22/10/2020;A;21:00:00;9704
22/10/2020;B;21:00:00;1287
23/10/2020;A;21:00:00;10439
23/10/2020;B;21:00:00;1296
24/10/2020;A;21:00:00;9997
24/10/2020;B;21:00:00;1291
25/10/2020;A;21:00:00;6221
25/10/2020;B;21:00:00;809
26/10/2020;A;21:00:00;9142
26/10/2020;B;21:00:00;1161
27/10/2020;A;21:00:00;9166
27/10/2020;B;21:00:00;1208
28/10/2020;A;21:00:00;9528
28/10/2020;B;21:00:00;1291
29/10/2020;A;21:00:00;9608
29/10/2020;B;21:00:00;1287
30/10/2020;A;21:00:00;11146
30/10/2020;B;21:00:00;1394
31/10/2020;A;21:00:00;8705
31/10/2020;B;21:00:00;1069
1/11/2020;A;21:00:00;4523
1/11/2020;B;21:00:00;632
2/11/2020;A;21:00:00;5220
2/11/2020;B;21:00:00;683
3/11/2020;A;21:00:00;9594
3/11/2020;B;21:00:00;1173
4/11/2020;A;21:00:00;9895
4/11/2020;B;21:00:00;1257
5/11/2020;A;21:00:00;10243
5/11/2020;B;21:00:00;1332
6/11/2020;A;21:00:00;11013
6/11/2020;B;21:00:00;1435
7/11/2020;A;21:00:00;10308
7/11/2020;B;21:00:00;1322
8/11/2020;A;21:00:00;6989
8/11/2020;B;21:00:00;852
9/11/2020;A;21:00:00;9407
9/11/2020;B;21:00:00;1242
10/11/2020;A;21:00:00;9179
10/11/2020;B;21:00:00;1312
11/11/2020;A;21:00:00;9869
11/11/2020;B;21:00:00;1329
13/11/2020;A;21:00:00;11238
13/11/2020;B;21:00:00;1519
14/11/2020;A;21:00:00;10849
14/11/2020;B;21:00:00;1351
15/11/2020;A;21:00:00;6105
15/11/2020;B;21:00:00;748
16/11/2020;A;21:00:00;6573
16/11/2020;B;21:00:00;810
17/11/2020;A;21:00:00;9523
17/11/2020;B;21:00:00;1281
18/11/2020;A;21:00:00;10266
18/11/2020;B;21:00:00;1326
19/11/2020;A;21:00:00;10486
19/11/2020;B;21:00:00;1418
20/11/2020;A;21:00:00;11534
20/11/2020;B;21:00:00;1551
21/11/2020;A;21:00:00;11890
21/11/2020;B;21:00:00;1353
22/11/2020;A;21:00:00;7688
22/11/2020;B;21:00:00;912
23/11/2020;A;21:00:00;10441
23/11/2020;B;21:00:00;1302
24/11/2020;A;21:00:00;10563
24/11/2020;B;21:00:00;1403
25/11/2020;A;21:00:00;10921
25/11/2020;B;21:00:00;1378
26/11/2020;A;21:00:00;11378
26/11/2020;B;21:00:00;1390
27/11/2020;A;21:00:00;13019
27/11/2020;B;21:00:00;1561
28/11/2020;A;21:00:00;12358
28/11/2020;B;21:00:00;1354
29/11/2020;A;21:00:00;8605
29/11/2020;B;21:00:00;958
30/11/2020;A;21:00:00;11594
30/11/2020;B;21:00:00;1506
1/12/2020;A;21:00:00;12087
1/12/2020;B;21:00:00;1503
2/12/2020;A;21:00:00;12397
2/12/2020;B;21:00:00;1479
3/12/2020;A;21:00:00;12796
3/12/2020;B;21:00:00;1551
4/12/2020;A;21:00:00;14241
4/12/2020;B;21:00:00;1683
5/12/2020;A;21:00:00;15292
5/12/2020;B;21:00:00;1775
6/12/2020;A;21:00:00;11263
6/12/2020;B;21:00:00;1165
7/12/2020;A;21:00:00;12273
7/12/2020;B;21:00:00;1502
8/12/2020;A;21:00:00;9883
8/12/2020;B;21:00:00;1267
9/12/2020;A;21:00:00;13193
9/12/2020;B;21:00:00;1502
10/12/2020;A;21:00:00;13799
10/12/2020;B;21:00:00;1606
11/12/2020;A;21:00:00;15050
11/12/2020;B;21:00:00;1782
12/12/2020;A;21:00:00;15594
12/12/2020;B;21:00:00;1661
13/12/2020;A;21:00:00;11884
13/12/2020;B;21:00:00;1300
14/12/2020;A;21:00:00;12691
14/12/2020;B;21:00:00;1459
15/12/2020;A;21:00:00;13663
15/12/2020;B;21:00:00;1705
16/12/2020;A;21:00:00;14253
16/12/2020;B;21:00:00;1623
17/12/2020;A;21:00:00;14522
17/12/2020;B;21:00:00;1598
18/12/2020;A;21:00:00;15738
18/12/2020;B;21:00:00;1779
19/12/2020;A;21:00:00;16460
19/12/2020;B;21:00:00;1778
20/12/2020;A;21:00:00;13565
20/12/2020;B;21:00:00;1310
21/12/2020;A;21:00:00;14858
21/12/2020;B;21:00:00;1668
22/12/2020;A;21:00:00;12683
22/12/2020;B;21:00:00;1511
23/12/2020;A;21:00:00;13818
23/12/2020;B;21:00:00;1490
24/12/2020;A;21:00:00;62
24/12/2020;B;21:00:00;2
25/12/2020;A;21:00:00;100
25/12/2020;B;21:00:00;2
26/12/2020;A;21:00:00;9142
26/12/2020;B;21:00:00;1137
27/12/2020;A;21:00:00;13096
27/12/2020;B;21:00:00;1614
28/12/2020;A;21:00:00;10572
28/12/2020;B;21:00:00;1293
29/12/2020;A;21:00:00;11248
29/12/2020;B;21:00:00;1438
30/12/2020;A;21:00:00;11427
30/12/2020;B;21:00:00;1320
31/12/2020;A;21:00:00;156
31/12/2020;B;21:00:00;5
1/01/2021;A;21:00:00;12
1/01/2021;B;21:00:00;
2/01/2021;A;21:00:00;38
2/01/2021;B;21:00:00;1
3/01/2021;A;21:00:00;6163
3/01/2021;B;21:00:00;662
4/01/2021;A;21:00:00;9420
4/01/2021;B;21:00:00;1153
5/01/2021;A;21:00:00;9923
5/01/2021;B;21:00:00;1181
6/01/2021;A;21:00:00;9669
6/01/2021;B;21:00:00;1215
7/01/2021;A;21:00:00;10045
7/01/2021;B;21:00:00;1340
8/01/2021;A;21:00:00;5359
8/01/2021;B;21:00:00;358
9/01/2021;A;21:00:00;3616
9/01/2021;B;21:00:00;283
10/01/2021;A;21:00:00;1628
10/01/2021;B;21:00:00;171
11/01/2021;A;21:00:00;2028
11/01/2021;B;21:00:00;210
12/01/2021;A;21:00:00;10331
12/01/2021;B;21:00:00;1370
13/01/2021;A;21:00:00;10796
13/01/2021;B;21:00:00;1373
14/01/2021;A;21:00:00;11031
14/01/2021;B;21:00:00;1467
15/01/2021;A;21:00:00;7751
15/01/2021;B;21:00:00;630
16/01/2021;A;21:00:00;3858
16/01/2021;B;21:00:00;332
17/01/2021;A;21:00:00;2310
17/01/2021;B;21:00:00;250
18/01/2021;A;21:00:00;10699
18/01/2021;B;21:00:00;1478
19/01/2021;A;21:00:00;10468
19/01/2021;B;21:00:00;1467
20/01/2021;A;21:00:00;11256
20/01/2021;B;21:00:00;1590
21/01/2021;A;21:00:00;11113
21/01/2021;B;21:00:00;1582
22/01/2021;A;21:00:00;11870
22/01/2021;B;21:00:00;1605
23/01/2021;A;21:00:00;10707
23/01/2021;B;21:00:00;1402
24/01/2021;A;21:00:00;6949
24/01/2021;B;21:00:00;879
25/01/2021;A;21:00:00;10015
25/01/2021;B;21:00:00;1435
26/01/2021;A;21:00:00;10485
26/01/2021;B;21:00:00;1495
27/01/2021;A;21:00:00;10324
27/01/2021;B;21:00:00;1549
28/01/2021;A;21:00:00;10510
28/01/2021;B;21:00:00;1495
29/01/2021;A;21:00:00;11558
29/01/2021;B;21:00:00;1495
30/01/2021;A;21:00:00;11157
30/01/2021;B;21:00:00;1466
31/01/2021;A;21:00:00;8030
31/01/2021;B;21:00:00;1078
1/02/2021;A;21:00:00;9813
1/02/2021;B;21:00:00;1376
2/02/2021;A;21:00:00;10093
2/02/2021;B;21:00:00;1614
3/02/2021;A;21:00:00;10300
3/02/2021;B;21:00:00;1609
4/02/2021;A;21:00:00;10782
4/02/2021;B;21:00:00;1544
5/02/2021;A;21:00:00;11532
5/02/2021;B;21:00:00;1594
6/02/2021;A;21:00:00;10991
6/02/2021;B;21:00:00;1430
7/02/2021;A;21:00:00;7847
7/02/2021;B;21:00:00;1001
8/02/2021;A;21:00:00;9723
8/02/2021;B;21:00:00;1352
9/02/2021;A;21:00:00;9974
9/02/2021;B;21:00:00;1470
10/02/2021;A;21:00:00;10525
10/02/2021;B;21:00:00;1541
11/02/2021;A;21:00:00;10220
11/02/2021;B;21:00:00;1572
12/02/2021;A;21:00:00;11374
12/02/2021;B;21:00:00;1533
13/02/2021;A;21:00:00;11032
13/02/2021;B;21:00:00;1389
14/02/2021;A;21:00:00;7813
14/02/2021;B;21:00:00;1078
15/02/2021;A;21:00:00;10562
15/02/2021;B;21:00:00;1429
16/02/2021;A;21:00:00;10578
16/02/2021;B;21:00:00;1517
17/02/2021;A;21:00:00;10928
17/02/2021;B;21:00:00;1577
18/02/2021;A;21:00:00;10867
18/02/2021;B;21:00:00;1654
19/02/2021;A;21:00:00;12204
19/02/2021;B;21:00:00;1682
20/02/2021;A;21:00:00;11474
20/02/2021;B;21:00:00;1611
21/02/2021;A;21:00:00;7855
21/02/2021;B;21:00:00;1026
22/02/2021;A;21:00:00;10139
22/02/2021;B;21:00:00;1473
23/02/2021;A;21:00:00;10720
23/02/2021;B;21:00:00;1578
24/02/2021;A;21:00:00;10879
24/02/2021;B;21:00:00;1637
25/02/2021;A;21:00:00;10909
25/02/2021;B;21:00:00;1631
26/02/2021;A;21:00:00;12704
26/02/2021;B;21:00:00;1603
27/02/2021;A;21:00:00;12548
27/02/2021;B;21:00:00;1633
28/02/2021;A;21:00:00;8701
28/02/2021;B;21:00:00;1058
1/03/2021;A;21:00:00;10877
1/03/2021;B;21:00:00;1577
2/03/2021;A;21:00:00;10625
2/03/2021;B;21:00:00;1596
3/03/2021;A;21:00:00;11048
3/03/2021;B;21:00:00;1561
4/03/2021;A;21:00:00;10989
4/03/2021;B;21:00:00;1632
5/03/2021;A;21:00:00;12849
5/03/2021;B;21:00:00;1726
6/03/2021;A;21:00:00;12023
6/03/2021;B;21:00:00;1626
7/03/2021;A;21:00:00;8070
7/03/2021;B;21:00:00;1019
8/03/2021;A;21:00:00;10634
8/03/2021;B;21:00:00;1572
9/03/2021;A;21:00:00;10737
9/03/2021;B;21:00:00;1592
10/03/2021;A;21:00:00;10720
10/03/2021;B;21:00:00;1709
11/03/2021;A;21:00:00;10833
11/03/2021;B;21:00:00;1652
12/03/2021;A;21:00:00;11903
12/03/2021;B;21:00:00;1658
13/03/2021;A;21:00:00;11594
13/03/2021;B;21:00:00;1610
14/03/2021;A;21:00:00;7581
14/03/2021;B;21:00:00;1001
15/03/2021;A;21:00:00;10103
15/03/2021;B;21:00:00;1411
16/03/2021;A;21:00:00;10819
16/03/2021;B;21:00:00;1506
17/03/2021;A;21:00:00;11242
17/03/2021;B;21:00:00;1589
18/03/2021;A;21:00:00;11170
18/03/2021;B;21:00:00;1651
19/03/2021;A;21:00:00;12360
19/03/2021;B;21:00:00;1725
20/03/2021;A;21:00:00;11467
20/03/2021;B;21:00:00;1592
21/03/2021;A;21:00:00;7034
21/03/2021;B;21:00:00;1021
22/03/2021;A;21:00:00;5428
22/03/2021;B;21:00:00;769
23/03/2021;A;21:00:00;9060
23/03/2021;B;21:00:00;1436
24/03/2021;A;21:00:00;9798
24/03/2021;B;21:00:00;1509
25/03/2021;A;21:00:00;10307
25/03/2021;B;21:00:00;1525
26/03/2021;A;21:00:00;10871
26/03/2021;B;21:00:00;1600
27/03/2021;A;21:00:00;10136
27/03/2021;B;21:00:00;1326
28/03/2021;A;21:00:00;6853
28/03/2021;B;21:00:00;897
29/03/2021;A;21:00:00;9335
29/03/2021;B;21:00:00;1475
30/03/2021;A;21:00:00;10321
30/03/2021;B;21:00:00;1553
31/03/2021;A;21:00:00;4629
31/03/2021;B;21:00:00;339
1/04/2021;A;21:00:00;1486
1/04/2021;B;21:00:00;197
2/04/2021;A;21:00:00;1284
2/04/2021;B;21:00:00;164
3/04/2021;A;21:00:00;2058
3/04/2021;B;21:00:00;302
4/04/2021;A;21:00:00;2000
4/04/2021;B;21:00:00;263
5/04/2021;A;21:00:00;5273
5/04/2021;B;21:00:00;477
6/04/2021;A;21:00:00;5248
6/04/2021;B;21:00:00;482
7/04/2021;A;21:00:00;5153
7/04/2021;B;21:00:00;478
8/04/2021;A;21:00:00;5598
8/04/2021;B;21:00:00;641
9/04/2021;A;21:00:00;4413
9/04/2021;B;21:00:00;387
10/04/2021;A;21:00:00;3497
10/04/2021;B;21:00:00;311
11/04/2021;A;21:00:00;2248
11/04/2021;B;21:00:00;233
12/04/2021;A;21:00:00;5810
12/04/2021;B;21:00:00;637
13/04/2021;A;21:00:00;5908
13/04/2021;B;21:00:00;704
14/04/2021;A;21:00:00;5950
14/04/2021;B;21:00:00;703
15/04/2021;A;21:00:00;6430
15/04/2021;B;21:00:00;719
16/04/2021;A;21:00:00;4754
16/04/2021;B;21:00:00;441
17/04/2021;A;21:00:00;3772
17/04/2021;B;21:00:00;415
18/04/2021;A;21:00:00;2334
18/04/2021;B;21:00:00;329
19/04/2021;A;21:00:00;6099
19/04/2021;B;21:00:00;705
20/04/2021;A;21:00:00;6094
20/04/2021;B;21:00:00;639
21/04/2021;A;21:00:00;6202
21/04/2021;B;21:00:00;765
22/04/2021;A;21:00:00;6325
22/04/2021;B;21:00:00;746
23/04/2021;A;21:00:00;4717
23/04/2021;B;21:00:00;570
24/04/2021;A;21:00:00;3944
24/04/2021;B;21:00:00;403
25/04/2021;A;21:00:00;2279
25/04/2021;B;21:00:00;332
26/04/2021;A;21:00:00;6151
26/04/2021;B;21:00:00;707
27/04/2021;A;21:00:00;6202
27/04/2021;B;21:00:00;759
28/04/2021;A;21:00:00;4789
28/04/2021;B;21:00:00;501
29/04/2021;A;21:00:00;6184
29/04/2021;B;21:00:00;692
30/04/2021;A;21:00:00;4473
30/04/2021;B;21:00:00;480
1/05/2021;A;21:00:00;
1/05/2021;B;21:00:00;
2/05/2021;A;21:00:00;929
2/05/2021;B;21:00:00;110
3/05/2021;A;21:00:00;6126
3/05/2021;B;21:00:00;666
4/05/2021;A;21:00:00;5912
4/05/2021;B;21:00:00;656
5/05/2021;A;21:00:00;
5/05/2021;B;21:00:00;
6/05/2021;A;21:00:00;4307
6/05/2021;B;21:00:00;510
7/05/2021;A;21:00:00;5081
7/05/2021;B;21:00:00;564
8/05/2021;A;21:00:00;3138
8/05/2021;B;21:00:00;350
9/05/2021;A;21:00:00;1905
9/05/2021;B;21:00:00;301
10/05/2021;A;21:00:00;7693
10/05/2021;B;21:00:00;1009
11/05/2021;A;21:00:00;8279
11/05/2021;B;21:00:00;1180
12/05/2021;A;21:00:00;7085
12/05/2021;B;21:00:00;1038
13/05/2021;A;21:00:00;8371
13/05/2021;B;21:00:00;1295
14/05/2021;A;21:00:00;9453
14/05/2021;B;21:00:00;1286
15/05/2021;A;21:00:00;8731
15/05/2021;B;21:00:00;1206
16/05/2021;A;21:00:00;5011
16/05/2021;B;21:00:00;697
17/05/2021;A;21:00:00;5110
17/05/2021;B;21:00:00;667
18/05/2021;A;21:00:00;8079
18/05/2021;B;21:00:00;1082
19/05/2021;A;21:00:00;7707
19/05/2021;B;21:00:00;1116
20/05/2021;A;21:00:00;8874
20/05/2021;B;21:00:00;1318
21/05/2021;A;21:00:00;9721
21/05/2021;B;21:00:00;1494
22/05/2021;A;21:00:00;9292
22/05/2021;B;21:00:00;1528
23/05/2021;A;21:00:00;5976
23/05/2021;B;21:00:00;806
24/05/2021;A;21:00:00;8301
24/05/2021;B;21:00:00;1169
25/05/2021;A;21:00:00;8952
25/05/2021;B;21:00:00;1377
26/05/2021;A;21:00:00;8339
26/05/2021;B;21:00:00;1248
27/05/2021;A;21:00:00;9114
27/05/2021;B;21:00:00;1314
28/05/2021;A;21:00:00;8815
28/05/2021;B;21:00:00;717
29/05/2021;A;21:00:00;9479
29/05/2021;B;21:00:00;1213
30/05/2021;A;21:00:00;6982
30/05/2021;B;21:00:00;848
31/05/2021;A;21:00:00;8662
31/05/2021;B;21:00:00;1229
1/06/2021;A;21:00:00;8787
1/06/2021;B;21:00:00;1349
2/06/2021;A;21:00:00;9115
2/06/2021;B;21:00:00;1265
3/06/2021;A;21:00:00;9071
3/06/2021;B;21:00:00;1304
4/06/2021;A;21:00:00;11159
4/06/2021;B;21:00:00;1484
5/06/2021;A;21:00:00;10320
5/06/2021;B;21:00:00;1292
6/06/2021;A;21:00:00;6081
6/06/2021;B;21:00:00;790
7/06/2021;A;21:00:00;6318
7/06/2021;B;21:00:00;829
8/06/2021;A;21:00:00;8942
8/06/2021;B;21:00:00;1145
9/06/2021;A;21:00:00;9917
9/06/2021;B;21:00:00;1343
10/06/2021;A;21:00:00;9855
10/06/2021;B;21:00:00;1438
11/06/2021;A;21:00:00;10717
11/06/2021;B;21:00:00;1452
12/06/2021;A;21:00:00;9930
12/06/2021;B;21:00:00;1205
13/06/2021;A;21:00:00;6661
13/06/2021;B;21:00:00;910
14/06/2021;A;21:00:00;6674
14/06/2021;B;21:00:00;769
15/06/2021;A;21:00:00;10320
15/06/2021;B;21:00:00;1452
16/06/2021;A;21:00:00;10707
16/06/2021;B;21:00:00;1536
17/06/2021;A;21:00:00;9750
17/06/2021;B;21:00:00;1383
18/06/2021;A;21:00:00;11718
18/06/2021;B;21:00:00;1605
19/06/2021;A;21:00:00;11163
19/06/2021;B;21:00:00;1398
20/06/2021;A;21:00:00;8226
20/06/2021;B;21:00:00;1000
21/06/2021;A;21:00:00;9951
21/06/2021;B;21:00:00;1343
22/06/2021;A;21:00:00;10056
22/06/2021;B;21:00:00;1386
23/06/2021;A;21:00:00;11325
23/06/2021;B;21:00:00;1664
24/06/2021;A;21:00:00;10388
24/06/2021;B;21:00:00;1377
25/06/2021;A;21:00:00;11202
25/06/2021;B;21:00:00;1504
26/06/2021;A;21:00:00;10525
26/06/2021;B;21:00:00;1444
27/06/2021;A;21:00:00;8129
27/06/2021;B;21:00:00;1013
28/06/2021;A;21:00:00;9610
28/06/2021;B;21:00:00;1310
29/06/2021;A;21:00:00;10129
29/06/2021;B;21:00:00;1439
30/06/2021;A;21:00:00;11017
30/06/2021;B;21:00:00;1390
1/07/2021;A;21:00:00;10789
1/07/2021;B;21:00:00;1530
2/07/2021;A;21:00:00;12394
2/07/2021;B;21:00:00;1759
3/07/2021;A;21:00:00;11717
3/07/2021;B;21:00:00;1499
4/07/2021;A;21:00:00;8829
4/07/2021;B;21:00:00;1072
5/07/2021;A;21:00:00;7633
5/07/2021;B;21:00:00;952
6/07/2021;A;21:00:00;9177
6/07/2021;B;21:00:00;1245
7/07/2021;A;21:00:00;11019
7/07/2021;B;21:00:00;1579
8/07/2021;A;21:00:00;10800
8/07/2021;B;21:00:00;1555
9/07/2021;A;21:00:00;11948
9/07/2021;B;21:00:00;1679
10/07/2021;A;21:00:00;11634
10/07/2021;B;21:00:00;1626
11/07/2021;A;21:00:00;8711
11/07/2021;B;21:00:00;1135
12/07/2021;A;21:00:00;9663
12/07/2021;B;21:00:00;1374
13/07/2021;A;21:00:00;10182
13/07/2021;B;21:00:00;1599
14/07/2021;A;21:00:00;10829
14/07/2021;B;21:00:00;1600
15/07/2021;A;21:00:00;11031
15/07/2021;B;21:00:00;1667
16/07/2021;A;21:00:00;12204
16/07/2021;B;21:00:00;1629
17/07/2021;A;21:00:00;12628
17/07/2021;B;21:00:00;1777
18/07/2021;A;21:00:00;8613
18/07/2021;B;21:00:00;1180
19/07/2021;A;21:00:00;10637
19/07/2021;B;21:00:00;1463
20/07/2021;A;21:00:00;7276
20/07/2021;B;21:00:00;985
21/07/2021;A;21:00:00;10661
21/07/2021;B;21:00:00;1689
22/07/2021;A;21:00:00;10922
22/07/2021;B;21:00:00;1586
23/07/2021;A;21:00:00;12056
23/07/2021;B;21:00:00;1715
24/07/2021;A;21:00:00;10959
24/07/2021;B;21:00:00;1494
25/07/2021;A;21:00:00;7451
25/07/2021;B;21:00:00;925
26/07/2021;A;21:00:00;10066
26/07/2021;B;21:00:00;1392
27/07/2021;A;21:00:00;10976
27/07/2021;B;21:00:00;1545
28/07/2021;A;21:00:00;11053
28/07/2021;B;21:00:00;1633
29/07/2021;A;21:00:00;10902
29/07/2021;B;21:00:00;1559
30/07/2021;A;21:00:00;13158
30/07/2021;B;21:00:00;1880
31/07/2021;A;21:00:00;10079
31/07/2021;B;21:00:00;1747
1/08/2021;A;21:00:00;8325
1/08/2021;B;21:00:00;1128
2/08/2021;A;21:00:00;10395
2/08/2021;B;21:00:00;1423
3/08/2021;A;21:00:00;11032
3/08/2021;B;21:00:00;1566
4/08/2021;A;21:00:00;11055
4/08/2021;B;21:00:00;1639
5/08/2021;A;21:00:00;11638
5/08/2021;B;21:00:00;1691
6/08/2021;A;21:00:00;13434
6/08/2021;B;21:00:00;1926
7/08/2021;A;21:00:00;10908
7/08/2021;B;21:00:00;1579
8/08/2021;A;21:00:00;8313
8/08/2021;B;21:00:00;1145
9/08/2021;A;21:00:00;10768
9/08/2021;B;21:00:00;1484
10/08/2021;A;21:00:00;11378
10/08/2021;B;21:00:00;1693
11/08/2021;A;21:00:00;11616
11/08/2021;B;21:00:00;1735
12/08/2021;A;21:00:00;12179
12/08/2021;B;21:00:00;1810
13/08/2021;A;21:00:00;14704
13/08/2021;B;21:00:00;1924
14/08/2021;A;21:00:00;12851
14/08/2021;B;21:00:00;1916
15/08/2021;A;21:00:00;8965
15/08/2021;B;21:00:00;1222
16/08/2021;A;21:00:00;8376
16/08/2021;B;21:00:00;907
17/08/2021;A;21:00:00;11965
17/08/2021;B;21:00:00;1683
18/08/2021;A;21:00:00;11861
18/08/2021;B;21:00:00;1730
19/08/2021;A;21:00:00;11275
19/08/2021;B;21:00:00;1686
20/08/2021;A;21:00:00;14852
20/08/2021;B;21:00:00;1910
21/08/2021;A;21:00:00;12802
21/08/2021;B;21:00:00;1749
22/08/2021;A;21:00:00;8854
22/08/2021;B;21:00:00;1502
23/08/2021;A;21:00:00;10736
23/08/2021;B;21:00:00;1503
24/08/2021;A;21:00:00;11453
24/08/2021;B;21:00:00;1621
25/08/2021;A;21:00:00;12000
25/08/2021;B;21:00:00;1741
26/08/2021;A;21:00:00;12072
26/08/2021;B;21:00:00;1847
27/08/2021;A;21:00:00;13818
27/08/2021;B;21:00:00;1961
28/08/2021;A;21:00:00;12855
28/08/2021;B;21:00:00;1801
29/08/2021;A;21:00:00;8456
29/08/2021;B;21:00:00;1222
30/08/2021;A;21:00:00;11482
30/08/2021;B;21:00:00;1837
31/08/2021;A;21:00:00;12051
31/08/2021;B;21:00:00;1772
1/09/2021;A;21:00:00;12367
1/09/2021;B;21:00:00;1867
2/09/2021;A;21:00:00;12986
2/09/2021;B;21:00:00;1943
3/09/2021;A;21:00:00;14115
3/09/2021;B;21:00:00;2026
4/09/2021;A;21:00:00;11443
4/09/2021;B;21:00:00;1317
5/09/2021;A;21:00:00;8763
5/09/2021;B;21:00:00;1282
6/09/2021;A;21:00:00;11234
6/09/2021;B;21:00:00;1638
7/09/2021;A;21:00:00;12348
7/09/2021;B;21:00:00;1788
8/09/2021;A;21:00:00;12319
8/09/2021;B;21:00:00;1848
9/09/2021;A;21:00:00;12848
9/09/2021;B;21:00:00;2038
10/09/2021;A;21:00:00;14100
10/09/2021;B;21:00:00;1910
11/09/2021;A;21:00:00;13265
11/09/2021;B;21:00:00;1860
12/09/2021;A;21:00:00;9198
12/09/2021;B;21:00:00;1758
13/09/2021;A;21:00:00;11563
13/09/2021;B;21:00:00;1629
14/09/2021;A;21:00:00;12604
14/09/2021;B;21:00:00;1935
15/09/2021;A;21:00:00;13073
15/09/2021;B;21:00:00;2392
16/09/2021;A;21:00:00;13578
16/09/2021;B;21:00:00;1958
17/09/2021;A;21:00:00;15173
17/09/2021;B;21:00:00;2190
18/09/2021;A;21:00:00;14063
18/09/2021;B;21:00:00;1949
19/09/2021;A;21:00:00;9574
19/09/2021;B;21:00:00;1249
20/09/2021;A;21:00:00;11411
20/09/2021;B;21:00:00;1644
21/09/2021;A;21:00:00;12729
21/09/2021;B;21:00:00;1869
22/09/2021;A;21:00:00;11961
22/09/2021;B;21:00:00;1759
23/09/2021;A;21:00:00;12786
23/09/2021;B;21:00:00;1947
24/09/2021;A;21:00:00;15270
24/09/2021;B;21:00:00;2074
25/09/2021;A;21:00:00;13934
25/09/2021;B;21:00:00;2305
26/09/2021;A;21:00:00;10072
26/09/2021;B;21:00:00;1318
27/09/2021;A;21:00:00;12141
27/09/2021;B;21:00:00;1639
28/09/2021;A;21:00:00;12315
28/09/2021;B;21:00:00;1726
29/09/2021;A;21:00:00;12796
29/09/2021;B;21:00:00;1706
30/09/2021;A;21:00:00;14336
30/09/2021;B;21:00:00;1899
1/10/2021;A;21:00:00;15743
1/10/2021;B;21:00:00;2066
2/10/2021;A;21:00:00;14999
2/10/2021;B;21:00:00;2011
3/10/2021;A;21:00:00;10299
3/10/2021;B;21:00:00;1542
4/10/2021;A;21:00:00;11828
4/10/2021;B;21:00:00;1707
5/10/2021;A;21:00:00;12550
5/10/2021;B;21:00:00;1879
6/10/2021;A;21:00:00;13021
6/10/2021;B;21:00:00;2053
7/10/2021;A;21:00:00;13482
7/10/2021;B;21:00:00;2001
8/10/2021;A;21:00:00;15220
8/10/2021;B;21:00:00;2079
9/10/2021;A;21:00:00;13323
9/10/2021;B;21:00:00;1798
10/10/2021;A;21:00:00;9192
10/10/2021;B;21:00:00;1233
11/10/2021;A;21:00:00;12021
11/10/2021;B;21:00:00;1706
12/10/2021;A;21:00:00;12624
12/10/2021;B;21:00:00;1867
13/10/2021;A;21:00:00;13165
13/10/2021;B;21:00:00;1868
14/10/2021;A;21:00:00;12913
14/10/2021;B;21:00:00;1948
15/10/2021;A;21:00:00;15730
15/10/2021;B;21:00:00;2050
16/10/2021;A;21:00:00;12755
16/10/2021;B;21:00:00;1670
17/10/2021;A;21:00:00;10087
17/10/2021;B;21:00:00;1380
18/10/2021;A;21:00:00;9992
18/10/2021;B;21:00:00;1218
19/10/2021;A;21:00:00;12853
19/10/2021;B;21:00:00;1904
20/10/2021;A;21:00:00;13388
20/10/2021;B;21:00:00;2019
21/10/2021;A;21:00:00;13057
21/10/2021;B;21:00:00;1972
22/10/2021;A;21:00:00;14572
22/10/2021;B;21:00:00;1967
23/10/2021;A;21:00:00;13930
23/10/2021;B;21:00:00;2138
24/10/2021;A;21:00:00;9870
24/10/2021;B;21:00:00;1385
25/10/2021;A;21:00:00;12180
25/10/2021;B;21:00:00;1626
26/10/2021;A;21:00:00;12709
26/10/2021;B;21:00:00;1816
27/10/2021;A;21:00:00;12968
27/10/2021;B;21:00:00;2003
28/10/2021;A;21:00:00;14467
28/10/2021;B;21:00:00;1975
29/10/2021;A;21:00:00;16483
29/10/2021;B;21:00:00;2293
30/10/2021;A;21:00:00;14811
30/10/2021;B;21:00:00;2098
31/10/2021;A;21:00:00;12783
31/10/2021;B;21:00:00;1724
1/11/2021;A;21:00:00;8715
1/11/2021;B;21:00:00;1100
2/11/2021;A;21:00:00;12949
2/11/2021;B;21:00:00;1872
3/11/2021;A;21:00:00;13371
3/11/2021;B;21:00:00;1972
4/11/2021;A;21:00:00;13654
4/11/2021;B;21:00:00;1919
5/11/2021;A;21:00:00;15879
5/11/2021;B;21:00:00;2191
6/11/2021;A;21:00:00;13917
6/11/2021;B;21:00:00;2115
7/11/2021;A;21:00:00;10417
7/11/2021;B;21:00:00;1363
8/11/2021;A;21:00:00;12515
8/11/2021;B;21:00:00;1640
9/11/2021;A;21:00:00;13469
9/11/2021;B;21:00:00;1907
10/11/2021;A;21:00:00;13345
10/11/2021;B;21:00:00;2048
11/11/2021;A;21:00:00;14274
11/11/2021;B;21:00:00;2104
12/11/2021;A;21:00:00;16211
12/11/2021;B;21:00:00;1992
13/11/2021;A;21:00:00;14459
13/11/2021;B;21:00:00;1873
14/11/2021;A;21:00:00;10579
14/11/2021;B;21:00:00;1539
15/11/2021;A;21:00:00;9910
15/11/2021;B;21:00:00;1161
16/11/2021;A;21:00:00;13910
16/11/2021;B;21:00:00;1951
17/11/2021;A;21:00:00;14424
17/11/2021;B;21:00:00;1938
18/11/2021;A;21:00:00;14614
18/11/2021;B;21:00:00;2004
19/11/2021;A;21:00:00;17146
19/11/2021;B;21:00:00;1951
20/11/2021;A;21:00:00;14416
20/11/2021;B;21:00:00;1816
21/11/2021;A;21:00:00;11144
21/11/2021;B;21:00:00;1416
22/11/2021;A;21:00:00;13012
22/11/2021;B;21:00:00;1797
23/11/2021;A;21:00:00;13709
23/11/2021;B;21:00:00;1864
24/11/2021;A;21:00:00;14062
24/11/2021;B;21:00:00;2005
25/11/2021;A;21:00:00;14242
25/11/2021;B;21:00:00;1905
26/11/2021;A;21:00:00;16803
26/11/2021;B;21:00:00;2050
27/11/2021;A;21:00:00;15582
27/11/2021;B;21:00:00;2043
28/11/2021;A;21:00:00;11947
28/11/2021;B;21:00:00;1454
29/11/2021;A;21:00:00;13452
29/11/2021;B;21:00:00;1741
30/11/2021;A;21:00:00;15760
30/11/2021;B;21:00:00;2090
1/12/2021;A;21:00:00;16259
1/12/2021;B;21:00:00;2003
2/12/2021;A;21:00:00;16935
2/12/2021;B;21:00:00;2170
3/12/2021;A;21:00:00;20194
3/12/2021;B;21:00:00;2286
4/12/2021;A;21:00:00;19514
4/12/2021;B;21:00:00;2308
5/12/2021;A;21:00:00;15155
5/12/2021;B;21:00:00;1674
6/12/2021;A;21:00:00;15921
6/12/2021;B;21:00:00;1921
7/12/2021;A;21:00:00;16677
7/12/2021;B;21:00:00;1956
8/12/2021;A;21:00:00;15445
8/12/2021;B;21:00:00;4862
9/12/2021;A;21:00:00;17371
9/12/2021;B;21:00:00;2053
10/12/2021;A;21:00:00;19254
10/12/2021;B;21:00:00;2193
11/12/2021;A;21:00:00;19457
11/12/2021;B;21:00:00;2198
12/12/2021;A;21:00:00;12842
12/12/2021;B;21:00:00;1869
13/12/2021;A;21:00:00;16202
13/12/2021;B;21:00:00;1896
14/12/2021;A;21:00:00;16840
14/12/2021;B;21:00:00;1895
15/12/2021;A;21:00:00;17689
15/12/2021;B;21:00:00;2068
16/12/2021;A;21:00:00;18484
16/12/2021;B;21:00:00;2098
17/12/2021;A;21:00:00;19091
17/12/2021;B;21:00:00;2173
18/12/2021;A;21:00:00;23028
18/12/2021;B;21:00:00;2447
19/12/2021;A;21:00:00;19598
19/12/2021;B;21:00:00;1926
20/12/2021;A;21:00:00;16359
20/12/2021;B;21:00:00;1764
21/12/2021;A;21:00:00;18825
21/12/2021;B;21:00:00;2107
22/12/2021;A;21:00:00;18523
22/12/2021;B;21:00:00;2021
23/12/2021;A;21:00:00;22529
23/12/2021;B;21:00:00;2264
24/12/2021;A;21:00:00;10965
24/12/2021;B;21:00:00;1626
25/12/2021;A;21:00:00;10019
25/12/2021;B;21:00:00;897
26/12/2021;A;21:00:00;14400
26/12/2021;B;21:00:00;1361
27/12/2021;A;21:00:00;14343
27/12/2021;B;21:00:00;1649
28/12/2021;A;21:00:00;16466
28/12/2021;B;21:00:00;1672
29/12/2021;A;21:00:00;16341
29/12/2021;B;21:00:00;1698
30/12/2021;A;21:00:00;17288
30/12/2021;B;21:00:00;1845
31/12/2021;A;21:00:00;7083
31/12/2021;B;21:00:00;1046
1/01/2022;A;21:00:00;6333
1/01/2022;B;21:00:00;620
2/01/2022;A;21:00:00;12434
2/01/2022;B;21:00:00;1076
3/01/2022;A;21:00:00;13182
3/01/2022;B;21:00:00;1374
4/01/2022;A;21:00:00;13243
4/01/2022;B;21:00:00;1453
5/01/2022;A;21:00:00;13164
5/01/2022;B;21:00:00;1500
6/01/2022;A;21:00:00;11985
6/01/2022;B;21:00:00;1304
7/01/2022;A;21:00:00;13111
7/01/2022;B;21:00:00;1396
8/01/2022;A;21:00:00;13744
8/01/2022;B;21:00:00;1566
9/01/2022;A;21:00:00;11153
9/01/2022;B;21:00:00;1386
10/01/2022;A;21:00:00;9922
10/01/2022;B;21:00:00;1150
11/01/2022;A;21:00:00;11615
11/01/2022;B;21:00:00;1453
12/01/2022;A;21:00:00;12050
12/01/2022;B;21:00:00;1593
13/01/2022;A;21:00:00;12117
13/01/2022;B;21:00:00;1756
14/01/2022;A;21:00:00;14641
14/01/2022;B;21:00:00;1914
15/01/2022;A;21:00:00;14278
15/01/2022;B;21:00:00;1889
16/01/2022;A;21:00:00;10476
16/01/2022;B;21:00:00;1359
17/01/2022;A;21:00:00;12561
17/01/2022;B;21:00:00;1579
18/01/2022;A;21:00:00;12856
18/01/2022;B;21:00:00;1675
19/01/2022;A;21:00:00;13572
19/01/2022;B;21:00:00;1863
20/01/2022;A;21:00:00;13497
20/01/2022;B;21:00:00;1737
21/01/2022;A;21:00:00;14730
21/01/2022;B;21:00:00;1948
22/01/2022;A;21:00:00;13797
22/01/2022;B;21:00:00;1963
23/01/2022;A;21:00:00;10615
23/01/2022;B;21:00:00;1567
24/01/2022;A;21:00:00;12774
24/01/2022;B;21:00:00;1937
25/01/2022;A;21:00:00;13153
25/01/2022;B;21:00:00;1970
26/01/2022;A;21:00:00;13716
26/01/2022;B;21:00:00;2190
27/01/2022;A;21:00:00;13859
27/01/2022;B;21:00:00;2132
28/01/2022;A;21:00:00;15381
28/01/2022;B;21:00:00;2307
29/01/2022;A;21:00:00;14294
29/01/2022;B;21:00:00;1899
30/01/2022;A;21:00:00;11496
30/01/2022;B;21:00:00;1670
31/01/2022;A;21:00:00;13706
31/01/2022;B;21:00:00;2078
1/02/2022;A;21:00:00;15068
1/02/2022;B;21:00:00;2452
2/02/2022;A;21:00:00;14941
2/02/2022;B;21:00:00;2346
3/02/2022;A;21:00:00;14996
3/02/2022;B;21:00:00;2427
4/02/2022;A;21:00:00;16267
4/02/2022;B;21:00:00;2279
5/02/2022;A;21:00:00;14392
5/02/2022;B;21:00:00;1949
6/02/2022;A;21:00:00;10598
6/02/2022;B;21:00:00;1395
7/02/2022;A;21:00:00;14244
7/02/2022;B;21:00:00;2376
8/02/2022;A;21:00:00;14930
8/02/2022;B;21:00:00;2903
9/02/2022;A;21:00:00;15679
9/02/2022;B;21:00:00;2601
10/02/2022;A;21:00:00;15969
10/02/2022;B;21:00:00;2641
11/02/2022;A;21:00:00;17193
11/02/2022;B;21:00:00;2710
12/02/2022;A;21:00:00;14738
12/02/2022;B;21:00:00;2042
13/02/2022;A;21:00:00;9755
13/02/2022;B;21:00:00;1248
14/02/2022;A;21:00:00;15000
14/02/2022;B;21:00:00;2361
15/02/2022;A;21:00:00;16382
15/02/2022;B;21:00:00;2768
16/02/2022;A;21:00:00;16024
16/02/2022;B;21:00:00;2792
17/02/2022;A;21:00:00;16357
17/02/2022;B;21:00:00;2513
18/02/2022;A;21:00:00;17428
18/02/2022;B;21:00:00;2636
19/02/2022;A;21:00:00;14792
19/02/2022;B;21:00:00;2054
20/02/2022;A;21:00:00;11063
20/02/2022;B;21:00:00;1400
21/02/2022;A;21:00:00;14774
21/02/2022;B;21:00:00;2230
22/02/2022;A;21:00:00;16112
22/02/2022;B;21:00:00;2750
23/02/2022;A;21:00:00;15795
23/02/2022;B;21:00:00;2591
24/02/2022;A;21:00:00;16427
24/02/2022;B;21:00:00;2374
25/02/2022;A;21:00:00;17849
25/02/2022;B;21:00:00;2385
26/02/2022;A;21:00:00;14892
26/02/2022;B;21:00:00;1965
27/02/2022;A;21:00:00;10227
27/02/2022;B;21:00:00;1464
28/02/2022;A;21:00:00;15805
28/02/2022;B;21:00:00;2335
1/03/2022;A;21:00:00;16686
1/03/2022;B;21:00:00;5093
2/03/2022;A;21:00:00;16840
2/03/2022;B;21:00:00;2845
3/03/2022;A;21:00:00;16515
3/03/2022;B;21:00:00;6161
4/03/2022;A;21:00:00;18443
4/03/2022;B;21:00:00;2651
5/03/2022;A;21:00:00;15619
5/03/2022;B;21:00:00;2074
6/03/2022;A;21:00:00;9981
6/03/2022;B;21:00:00;1472
7/03/2022;A;21:00:00;14915
7/03/2022;B;21:00:00;2377
8/03/2022;A;21:00:00;16518
8/03/2022;B;21:00:00;2688
9/03/2022;A;21:00:00;16114
9/03/2022;B;21:00:00;5134
10/03/2022;A;21:00:00;16536
10/03/2022;B;21:00:00;2713
11/03/2022;A;21:00:00;18487
11/03/2022;B;21:00:00;2662
12/03/2022;A;21:00:00;13896
12/03/2022;B;21:00:00;1920
13/03/2022;A;21:00:00;9440
13/03/2022;B;21:00:00;1411
14/03/2022;A;21:00:00;14736
14/03/2022;B;21:00:00;2107
15/03/2022;A;21:00:00;16856
15/03/2022;B;21:00:00;2608
16/03/2022;A;21:00:00;17897
16/03/2022;B;21:00:00;2841
17/03/2022;A;21:00:00;16320
17/03/2022;B;21:00:00;4575
18/03/2022;A;21:00:00;18334
18/03/2022;B;21:00:00;2675
19/03/2022;A;21:00:00;15078
19/03/2022;B;21:00:00;2230
20/03/2022;A;21:00:00;9934
20/03/2022;B;21:00:00;1467
21/03/2022;A;21:00:00;10407
21/03/2022;B;21:00:00;1323
22/03/2022;A;21:00:00;16073
22/03/2022;B;21:00:00;2348
23/03/2022;A;21:00:00;15679
23/03/2022;B;21:00:00;2638
24/03/2022;A;21:00:00;17017
24/03/2022;B;21:00:00;2732
25/03/2022;A;21:00:00;17854
25/03/2022;B;21:00:00;2675
26/03/2022;A;21:00:00;14641
26/03/2022;B;21:00:00;1706
27/03/2022;A;21:00:00;9695
27/03/2022;B;21:00:00;1323
28/03/2022;A;21:00:00;14676
28/03/2022;B;21:00:00;4736
29/03/2022;A;21:00:00;16269
29/03/2022;B;21:00:00;2471
30/03/2022;A;21:00:00;16991
30/03/2022;B;21:00:00;2757
31/03/2022;A;21:00:00;17226
31/03/2022;B;21:00:00;2600
1/04/2022;A;21:00:00;18932
1/04/2022;B;21:00:00;2719
2/04/2022;A;21:00:00;16239
2/04/2022;B;21:00:00;2238
3/04/2022;A;21:00:00;10955
3/04/2022;B;21:00:00;1472
4/04/2022;A;21:00:00;15810
4/04/2022;B;21:00:00;2209
5/04/2022;A;21:00:00;17084
5/04/2022;B;21:00:00;2597
6/04/2022;A;21:00:00;16313
6/04/2022;B;21:00:00;2584
7/04/2022;A;21:00:00;16971
7/04/2022;B;21:00:00;2537
8/04/2022;A;21:00:00;18033
8/04/2022;B;21:00:00;2184
9/04/2022;A;21:00:00;16523
9/04/2022;B;21:00:00;2456
10/04/2022;A;21:00:00;10744
10/04/2022;B;21:00:00;1968
11/04/2022;A;21:00:00;13122
11/04/2022;B;21:00:00;1781
12/04/2022;A;21:00:00;14083
12/04/2022;B;21:00:00;1940
13/04/2022;A;21:00:00;15860
13/04/2022;B;21:00:00;2055
14/04/2022;A;21:00:00;8643
14/04/2022;B;21:00:00;3249
15/04/2022;A;21:00:00;7236
15/04/2022;B;21:00:00;1188
16/04/2022;A;21:00:00;11916
16/04/2022;B;21:00:00;1663
17/04/2022;A;21:00:00;9269
17/04/2022;B;21:00:00;1418
18/04/2022;A;21:00:00;15137
18/04/2022;B;21:00:00;2247
19/04/2022;A;21:00:00;16121
19/04/2022;B;21:00:00;2580
20/04/2022;A;21:00:00;16560
20/04/2022;B;21:00:00;2456
21/04/2022;A;21:00:00;17292
21/04/2022;B;21:00:00;2952
22/04/2022;A;21:00:00;18521
22/04/2022;B;21:00:00;2632
23/04/2022;A;21:00:00;15884
23/04/2022;B;21:00:00;2533
24/04/2022;A;21:00:00;11044
24/04/2022;B;21:00:00;1401
25/04/2022;A;21:00:00;15955
25/04/2022;B;21:00:00;2389
26/04/2022;A;21:00:00;17113
26/04/2022;B;21:00:00;2668
27/04/2022;A;21:00:00;16989
27/04/2022;B;21:00:00;2561
28/04/2022;A;21:00:00;13989
28/04/2022;B;21:00:00;2128
29/04/2022;A;21:00:00;20073
29/04/2022;B;21:00:00;2770
30/04/2022;A;21:00:00;16775
30/04/2022;B;21:00:00;2357
1/05/2022;A;21:00:00;12972
1/05/2022;B;21:00:00;1783
2/05/2022;A;21:00:00;16024
2/05/2022;B;21:00:00;2333
3/05/2022;A;21:00:00;17340
3/05/2022;B;21:00:00;2624
4/05/2022;A;21:00:00;18121
4/05/2022;B;21:00:00;2786
5/05/2022;A;21:00:00;17470
5/05/2022;B;21:00:00;2518
6/05/2022;A;21:00:00;17096
6/05/2022;B;21:00:00;2579
7/05/2022;A;21:00:00;14251
7/05/2022;B;21:00:00;1961
8/05/2022;A;21:00:00;10103
8/05/2022;B;21:00:00;1436
9/05/2022;A;21:00:00;14451
9/05/2022;B;21:00:00;2157
10/05/2022;A;21:00:00;16757
10/05/2022;B;21:00:00;2465
11/05/2022;A;21:00:00;16013
11/05/2022;B;21:00:00;2563
12/05/2022;A;21:00:00;16971
12/05/2022;B;21:00:00;2544
13/05/2022;A;21:00:00;18206
13/05/2022;B;21:00:00;2817
14/05/2022;A;21:00:00;16330
14/05/2022;B;21:00:00;2883
15/05/2022;A;21:00:00;12223
15/05/2022;B;21:00:00;1602
16/05/2022;A;21:00:00;15398
16/05/2022;B;21:00:00;2096
17/05/2022;A;21:00:00;16343
17/05/2022;B;21:00:00;2345
18/05/2022;A;21:00:00;17295
18/05/2022;B;21:00:00;2848
19/05/2022;A;21:00:00;15883
19/05/2022;B;21:00:00;2297
20/05/2022;A;21:00:00;18985
20/05/2022;B;21:00:00;2774
21/05/2022;A;21:00:00;15469
21/05/2022;B;21:00:00;2331
22/05/2022;A;21:00:00;11222
22/05/2022;B;21:00:00;1557
23/05/2022;A;21:00:00;15270
23/05/2022;B;21:00:00;1966
24/05/2022;A;21:00:00;16257
24/05/2022;B;21:00:00;2472
25/05/2022;A;21:00:00;15844
25/05/2022;B;21:00:00;2480
26/05/2022;A;21:00:00;16781
26/05/2022;B;21:00:00;2555
27/05/2022;A;21:00:00;18401
27/05/2022;B;21:00:00;2622
28/05/2022;A;21:00:00;13757
28/05/2022;B;21:00:00;1900
29/05/2022;A;21:00:00;9112
29/05/2022;B;21:00:00;1294
30/05/2022;A;21:00:00;9817
30/05/2022;B;21:00:00;1247
31/05/2022;A;21:00:00;15752
31/05/2022;B;21:00:00;2239
1/06/2022;A;21:00:00;15911
1/06/2022;B;21:00:00;2164
2/06/2022;A;21:00:00;15579
2/06/2022;B;21:00:00;1907
3/06/2022;A;21:00:00;18835
3/06/2022;B;21:00:00;2592
4/06/2022;A;21:00:00;15233
4/06/2022;B;21:00:00;2263
5/06/2022;A;21:00:00;10615
5/06/2022;B;21:00:00;1378
6/06/2022;A;21:00:00;14230
6/06/2022;B;21:00:00;1913
7/06/2022;A;21:00:00;15847
7/06/2022;B;21:00:00;2172
8/06/2022;A;21:00:00;14887
8/06/2022;B;21:00:00;2192
9/06/2022;A;21:00:00;15014
9/06/2022;B;21:00:00;2266
10/06/2022;A;21:00:00;18085
10/06/2022;B;21:00:00;2426
11/06/2022;A;21:00:00;15565
11/06/2022;B;21:00:00;1927
12/06/2022;A;21:00:00;10421
12/06/2022;B;21:00:00;1979
13/06/2022;A;21:00:00;13670
13/06/2022;B;21:00:00;1902
14/06/2022;A;21:00:00;15587
14/06/2022;B;21:00:00;2096
15/06/2022;A;21:00:00;15183
15/06/2022;B;21:00:00;2191
16/06/2022;A;21:00:00;14218
16/06/2022;B;21:00:00;1982
17/06/2022;A;21:00:00;15010
17/06/2022;B;21:00:00;2036
18/06/2022;A;21:00:00;11870
18/06/2022;B;21:00:00;1726
19/06/2022;A;21:00:00;6939
19/06/2022;B;21:00:00;993
20/06/2022;A;21:00:00;7918
20/06/2022;B;21:00:00;1376
21/06/2022;A;21:00:00;12804
21/06/2022;B;21:00:00;2232
22/06/2022;A;21:00:00;13825
22/06/2022;B;21:00:00;2476
23/06/2022;A;21:00:00;16331
23/06/2022;B;21:00:00;2643
24/06/2022;A;21:00:00;17483
24/06/2022;B;21:00:00;2267
25/06/2022;A;21:00:00;14633
25/06/2022;B;21:00:00;1752
26/06/2022;A;21:00:00;10627
26/06/2022;B;21:00:00;2817
27/06/2022;A;21:00:00;9630
27/06/2022;B;21:00:00;1241
28/06/2022;A;21:00:00;14978
28/06/2022;B;21:00:00;2175
29/06/2022;A;21:00:00;14505
29/06/2022;B;21:00:00;1928
30/06/2022;A;21:00:00;17427
30/06/2022;B;21:00:00;2430
1/07/2022;A;21:00:00;17878
1/07/2022;B;21:00:00;2401
2/07/2022;A;21:00:00;16904
2/07/2022;B;21:00:00;2133
3/07/2022;A;21:00:00;12584
3/07/2022;B;21:00:00;3281
4/07/2022;A;21:00:00;11136
4/07/2022;B;21:00:00;1511
5/07/2022;A;21:00:00;15264
5/07/2022;B;21:00:00;2078
6/07/2022;A;21:00:00;15706
6/07/2022;B;21:00:00;2088
7/07/2022;A;21:00:00;15469
7/07/2022;B;21:00:00;2210
8/07/2022;A;21:00:00;17630
8/07/2022;B;21:00:00;2401
9/07/2022;A;21:00:00;16123
9/07/2022;B;21:00:00;2250
10/07/2022;A;21:00:00;11934
10/07/2022;B;21:00:00;2263
11/07/2022;A;21:00:00;13850
11/07/2022;B;21:00:00;1815
12/07/2022;A;21:00:00;14826
12/07/2022;B;21:00:00;2221
13/07/2022;A;21:00:00;16181
13/07/2022;B;21:00:00;2125
14/07/2022;A;21:00:00;15764
14/07/2022;B;21:00:00;2524
15/07/2022;A;21:00:00;18886
15/07/2022;B;21:00:00;2331
16/07/2022;A;21:00:00;16765
16/07/2022;B;21:00:00;2912
17/07/2022;A;21:00:00;12610
17/07/2022;B;21:00:00;1727
18/07/2022;A;21:00:00;15144
18/07/2022;B;21:00:00;1982
19/07/2022;A;21:00:00;17372
19/07/2022;B;21:00:00;2401
20/07/2022;A;21:00:00;12543
20/07/2022;B;21:00:00;1715
21/07/2022;A;21:00:00;15793
21/07/2022;B;21:00:00;2358
22/07/2022;A;21:00:00;17466
22/07/2022;B;21:00:00;2155
23/07/2022;A;21:00:00;14557
23/07/2022;B;21:00:00;2211
24/07/2022;A;21:00:00;10203
24/07/2022;B;21:00:00;1474
25/07/2022;A;21:00:00;15009
25/07/2022;B;21:00:00;2083
26/07/2022;A;21:00:00;15345
26/07/2022;B;21:00:00;2050
27/07/2022;A;21:00:00;16735
27/07/2022;B;21:00:00;2557
28/07/2022;A;21:00:00;15863
28/07/2022;B;21:00:00;2856
29/07/2022;A;21:00:00;18688
29/07/2022;B;21:00:00;2687
30/07/2022;A;21:00:00;17788
30/07/2022;B;21:00:00;2329
31/07/2022;A;21:00:00;12490
31/07/2022;B;21:00:00;1676
1/08/2022;A;21:00:00;16222
1/08/2022;B;21:00:00;2323
2/08/2022;A;21:00:00;15972
2/08/2022;B;21:00:00;2312
3/08/2022;A;21:00:00;17004
3/08/2022;B;21:00:00;2604
4/08/2022;A;21:00:00;16844
4/08/2022;B;21:00:00;2746
5/08/2022;A;21:00:00;19351
5/08/2022;B;21:00:00;3558
6/08/2022;A;21:00:00;17239
6/08/2022;B;21:00:00;2220
7/08/2022;A;21:00:00;11966
7/08/2022;B;21:00:00;1673
8/08/2022;A;21:00:00;15897
8/08/2022;B;21:00:00;2557
9/08/2022;A;21:00:00;17784
9/08/2022;B;21:00:00;2799
10/08/2022;A;21:00:00;17390
10/08/2022;B;21:00:00;3032
11/08/2022;A;21:00:00;18307
11/08/2022;B;21:00:00;3004
12/08/2022;A;21:00:00;19877
12/08/2022;B;21:00:00;3033
13/08/2022;A;21:00:00;19649
13/08/2022;B;21:00:00;2847
14/08/2022;A;21:00:00;12699
14/08/2022;B;21:00:00;2229
15/08/2022;A;21:00:00;11346
15/08/2022;B;21:00:00;2387
16/08/2022;A;21:00:00;17585
16/08/2022;B;21:00:00;2751
17/08/2022;A;21:00:00;17508
17/08/2022;B;21:00:00;3177
18/08/2022;A;21:00:00;17664
18/08/2022;B;21:00:00;3087
19/08/2022;A;21:00:00;19736
19/08/2022;B;21:00:00;3163
20/08/2022;A;21:00:00;16567
20/08/2022;B;21:00:00;2329
21/08/2022;A;21:00:00;11872
21/08/2022;B;21:00:00;1695
22/08/2022;A;21:00:00;16205
22/08/2022;B;21:00:00;2310
23/08/2022;A;21:00:00;18084
23/08/2022;B;21:00:00;2814
24/08/2022;A;21:00:00;17795
24/08/2022;B;21:00:00;2979
25/08/2022;A;21:00:00;18265
25/08/2022;B;21:00:00;3117
26/08/2022;A;21:00:00;19215
26/08/2022;B;21:00:00;2876
27/08/2022;A;21:00:00;15958
27/08/2022;B;21:00:00;2626
28/08/2022;A;21:00:00;11665
28/08/2022;B;21:00:00;1546
29/08/2022;A;21:00:00;16406
29/08/2022;B;21:00:00;2410
30/08/2022;A;21:00:00;18355
30/08/2022;B;21:00:00;2740
31/08/2022;A;21:00:00;18817
31/08/2022;B;21:00:00;2792
1/09/2022;A;21:00:00;17849
1/09/2022;B;21:00:00;4726
2/09/2022;A;21:00:00;20131
2/09/2022;B;21:00:00;3089
3/09/2022;A;21:00:00;16634
3/09/2022;B;21:00:00;2142
4/09/2022;A;21:00:00;11149
4/09/2022;B;21:00:00;2664
5/09/2022;A;21:00:00;16642
5/09/2022;B;21:00:00;2495
6/09/2022;A;21:00:00;17981
6/09/2022;B;21:00:00;2739
7/09/2022;A;21:00:00;17794
7/09/2022;B;21:00:00;2665
8/09/2022;A;21:00:00;18243
8/09/2022;B;21:00:00;2720
9/09/2022;A;21:00:00;19653
9/09/2022;B;21:00:00;2675
10/09/2022;A;21:00:00;18639
10/09/2022;B;21:00:00;2896
11/09/2022;A;21:00:00;12517
11/09/2022;B;21:00:00;1570
12/09/2022;A;21:00:00;17074
12/09/2022;B;21:00:00;2325
13/09/2022;A;21:00:00;18258
13/09/2022;B;21:00:00;2596
14/09/2022;A;21:00:00;18097
14/09/2022;B;21:00:00;2646
15/09/2022;A;21:00:00;19638
15/09/2022;B;21:00:00;2889
16/09/2022;A;21:00:00;21671
16/09/2022;B;21:00:00;2801
17/09/2022;A;21:00:00;18999
17/09/2022;B;21:00:00;2327
18/09/2022;A;21:00:00;12483
18/09/2022;B;21:00:00;1978
19/09/2022;A;21:00:00;15938
19/09/2022;B;21:00:00;2339
20/09/2022;A;21:00:00;17015
20/09/2022;B;21:00:00;2686
21/09/2022;A;21:00:00;17732
21/09/2022;B;21:00:00;2617
22/09/2022;A;21:00:00;17967
22/09/2022;B;21:00:00;2693
23/09/2022;A;21:00:00;18981
23/09/2022;B;21:00:00;2680
24/09/2022;A;21:00:00;16414
24/09/2022;B;21:00:00;2322
25/09/2022;A;21:00:00;11684
25/09/2022;B;21:00:00;1621
26/09/2022;A;21:00:00;16166
26/09/2022;B;21:00:00;2523
27/09/2022;A;21:00:00;17158
27/09/2022;B;21:00:00;2662
28/09/2022;A;21:00:00;17879
28/09/2022;B;21:00:00;2608
29/09/2022;A;21:00:00;17767
29/09/2022;B;21:00:00;2844
30/09/2022;A;21:00:00;20676
30/09/2022;B;21:00:00;3142
1/10/2022;A;21:00:00;17632
1/10/2022;B;21:00:00;2225
2/10/2022;A;21:00:00;12694
2/10/2022;B;21:00:00;1758
3/10/2022;A;21:00:00;16306
3/10/2022;B;21:00:00;2277
4/10/2022;A;21:00:00;16519
4/10/2022;B;21:00:00;2491
5/10/2022;A;21:00:00;17871
5/10/2022;B;21:00:00;2657
6/10/2022;A;21:00:00;17204
6/10/2022;B;21:00:00;2720
7/10/2022;A;21:00:00;19235
7/10/2022;B;21:00:00;2530
8/10/2022;A;21:00:00;16117
8/10/2022;B;21:00:00;2140
9/10/2022;A;21:00:00;10740
9/10/2022;B;21:00:00;1565
10/10/2022;A;21:00:00;16463
10/10/2022;B;21:00:00;2313
11/10/2022;A;21:00:00;17566
11/10/2022;B;21:00:00;2669
12/10/2022;A;21:00:00;17069
12/10/2022;B;21:00:00;2655
13/10/2022;A;21:00:00;17475
13/10/2022;B;21:00:00;2671
14/10/2022;A;21:00:00;19518
14/10/2022;B;21:00:00;2943
15/10/2022;A;21:00:00;15937
15/10/2022;B;21:00:00;2233
16/10/2022;A;21:00:00;12090
16/10/2022;B;21:00:00;1730
17/10/2022;A;21:00:00;11219
17/10/2022;B;21:00:00;1354
18/10/2022;A;21:00:00;16995
18/10/2022;B;21:00:00;2570
19/10/2022;A;21:00:00;17468
19/10/2022;B;21:00:00;2886
20/10/2022;A;21:00:00;18430
20/10/2022;B;21:00:00;2705
21/10/2022;A;21:00:00;19386
21/10/2022;B;21:00:00;2874
22/10/2022;A;21:00:00;15443
22/10/2022;B;21:00:00;2072
23/10/2022;A;21:00:00;10685
23/10/2022;B;21:00:00;1381
24/10/2022;A;21:00:00;15759
24/10/2022;B;21:00:00;2389
25/10/2022;A;21:00:00;17703
25/10/2022;B;21:00:00;2669
26/10/2022;A;21:00:00;17698
26/10/2022;B;21:00:00;2678
27/10/2022;A;21:00:00;17585
27/10/2022;B;21:00:00;3241
28/10/2022;A;21:00:00;19208
28/10/2022;B;21:00:00;2776
29/10/2022;A;21:00:00;18509
29/10/2022;B;21:00:00;2440
30/10/2022;A;21:00:00;11813
30/10/2022;B;21:00:00;2300
31/10/2022;A;21:00:00;17477
31/10/2022;B;21:00:00;2648
1/11/2022;A;21:00:00;17930
1/11/2022;B;21:00:00;2605
2/11/2022;A;21:00:00;18123
2/11/2022;B;21:00:00;2659
3/11/2022;A;21:00:00;18010
3/11/2022;B;21:00:00;2493
4/11/2022;A;21:00:00;19390
4/11/2022;B;21:00:00;2581
5/11/2022;A;21:00:00;16325
5/11/2022;B;21:00:00;4191
6/11/2022;A;21:00:00;10790
6/11/2022;B;21:00:00;1538
7/11/2022;A;21:00:00;10069
7/11/2022;B;21:00:00;1298
8/11/2022;A;21:00:00;17211
8/11/2022;B;21:00:00;2542
9/11/2022;A;21:00:00;17353
9/11/2022;B;21:00:00;2751
10/11/2022;A;21:00:00;17583
10/11/2022;B;21:00:00;2517
11/11/2022;A;21:00:00;20011
11/11/2022;B;21:00:00;2679
12/11/2022;A;21:00:00;16305
12/11/2022;B;21:00:00;1947
13/11/2022;A;21:00:00;14129
13/11/2022;B;21:00:00;1616
14/11/2022;A;21:00:00;16909
14/11/2022;B;21:00:00;1366
15/11/2022;A;21:00:00;17997
15/11/2022;B;21:00:00;2393
16/11/2022;A;21:00:00;18709
16/11/2022;B;21:00:00;2635
17/11/2022;A;21:00:00;17785
17/11/2022;B;21:00:00;2539
18/11/2022;A;21:00:00;19562
18/11/2022;B;21:00:00;2780
19/11/2022;A;21:00:00;16609
19/11/2022;B;21:00:00;2295
20/11/2022;A;21:00:00;11299
20/11/2022;B;21:00:00;1492
21/11/2022;A;21:00:00;15979
21/11/2022;B;21:00:00;2254
22/11/2022;A;21:00:00;16178
22/11/2022;B;21:00:00;2687
23/11/2022;A;21:00:00;17678
23/11/2022;B;21:00:00;2494
24/11/2022;A;21:00:00;17883
24/11/2022;B;21:00:00;2388
25/11/2022;A;21:00:00;19455
25/11/2022;B;21:00:00;2509
26/11/2022;A;21:00:00;16782
26/11/2022;B;21:00:00;2269
27/11/2022;A;21:00:00;13203
27/11/2022;B;21:00:00;1518
28/11/2022;A;21:00:00;16596
28/11/2022;B;21:00:00;2029
29/11/2022;A;21:00:00;16886
29/11/2022;B;21:00:00;2182
30/11/2022;A;21:00:00;19515
30/11/2022;B;21:00:00;2601
1/12/2022;A;21:00:00;19525
1/12/2022;B;21:00:00;2819
2/12/2022;A;21:00:00;21436
2/12/2022;B;21:00:00;2725
3/12/2022;A;21:00:00;21043
3/12/2022;B;21:00:00;2384
4/12/2022;A;21:00:00;14050
4/12/2022;B;21:00:00;3134
5/12/2022;A;21:00:00;17906
5/12/2022;B;21:00:00;2067
6/12/2022;A;21:00:00;19255
6/12/2022;B;21:00:00;2311
7/12/2022;A;21:00:00;19372
7/12/2022;B;21:00:00;3147
8/12/2022;A;21:00:00;16785
8/12/2022;B;21:00:00;1907
9/12/2022;A;21:00:00;21925
9/12/2022;B;21:00:00;2462
10/12/2022;A;21:00:00;25256
10/12/2022;B;21:00:00;2587
11/12/2022;A;21:00:00;19322
11/12/2022;B;21:00:00;2017
12/12/2022;A;21:00:00;18620
12/12/2022;B;21:00:00;2201
13/12/2022;A;21:00:00;20189
13/12/2022;B;21:00:00;2310
14/12/2022;A;21:00:00;21078
14/12/2022;B;21:00:00;2454
15/12/2022;A;21:00:00;22638
15/12/2022;B;21:00:00;2690
16/12/2022;A;21:00:00;25921
16/12/2022;B;21:00:00;2852
17/12/2022;A;21:00:00;28183
17/12/2022;B;21:00:00;3236
18/12/2022;A;21:00:00;24281
18/12/2022;B;21:00:00;2671
19/12/2022;A;21:00:00;20528
19/12/2022;B;21:00:00;2182
20/12/2022;A;21:00:00;21843
20/12/2022;B;21:00:00;2323
21/12/2022;A;21:00:00;22120
21/12/2022;B;21:00:00;2597
22/12/2022;A;21:00:00;23118
22/12/2022;B;21:00:00;2553
23/12/2022;A;21:00:00;23475
23/12/2022;B;21:00:00;2425
24/12/2022;A;21:00:00;14144
24/12/2022;B;21:00:00;2007
25/12/2022;A;21:00:00;12673
25/12/2022;B;21:00:00;1521
26/12/2022;A;21:00:00;17914
26/12/2022;B;21:00:00;1758
27/12/2022;A;21:00:00;17972
27/12/2022;B;21:00:00;1872
28/12/2022;A;21:00:00;20112
28/12/2022;B;21:00:00;2245
29/12/2022;A;21:00:00;20688
29/12/2022;B;21:00:00;2162
30/12/2022;A;21:00:00;22843
30/12/2022;B;21:00:00;2245
31/12/2022;A;21:00:00;8380
31/12/2022;B;21:00:00;1196
1/01/2023;A;21:00:00;9509
1/01/2024;B;21:00:00;1087
1/02/2023;A;21:00:00;14455
1/02/2023;B;21:00:00;1545
1/03/2023;A;21:00:00;14592
1/03/2023;B;21:00:00;1654
1/04/2023;A;21:00:00;16908
1/04/2023;B;21:00:00;1939
1/05/2023;A;21:00:00;16083
1/05/2023;B;21:00:00;1932
1/06/2023;A;21:00:00;18983
1/06/2023;B;21:00:00;2015
1/07/2023;A;21:00:00;18625
1/07/2023;B;21:00:00;1809
1/08/2023;A;21:00:00;17784
1/08/2023;B;21:00:00;1914
1/09/2023;A;21:00:00;12861
1/09/2023;B;21:00:00;1459
1/10/2023;A;21:00:00;15338
1/10/2023;B;21:00:00;1896
1/11/2023;A;21:00:00;14579
1/11/2023;B;21:00:00;1750
1/12/2023;A;21:00:00;15418
1/12/2023;B;21:00:00;2023
13/01/2023;A;21:00:00;17710
13/01/2023;B;21:00:00;2146
14/01/2023;A;21:00:00;17741
14/01/2023;B;21:00:00;4695
15/01/2023;A;21:00:00;13770
15/01/2023;B;21:00:00;2340
16/01/2023;A;21:00:00;13997
16/01/2023;B;21:00:00;2300
17/01/2023;A;21:00:00;14580
17/01/2023;B;21:00:00;2223
18/01/2023;A;21:00:00;14673
18/01/2023;B;21:00:00;2168
19/01/2023;A;21:00:00;15559
19/01/2023;B;21:00:00;2125
20/01/2023;A;21:00:00;17276
20/01/2023;B;21:00:00;2335
21/01/2023;A;21:00:00;15602
21/01/2023;B;21:00:00;2188
22/01/2023;A;21:00:00;11199
22/01/2023;B;21:00:00;1497
23/01/2023;A;21:00:00;14487
23/01/2023;B;21:00:00;1983
24/01/2023;A;21:00:00;15235
24/01/2023;B;21:00:00;2206
25/01/2023;A;21:00:00;15645
25/01/2023;B;21:00:00;2301
26/01/2023;A;21:00:00;15385
26/01/2023;B;21:00:00;2288
27/01/2023;A;21:00:00;17931
27/01/2023;B;21:00:00;2404
28/01/2023;A;21:00:00;16016
28/01/2023;B;21:00:00;2070
29/01/2023;A;21:00:00;11541
29/01/2023;B;21:00:00;1515
30/01/2023;A;21:00:00;14645
30/01/2023;B;21:00:00;2076
31/01/2023;A;21:00:00;16364
31/01/2023;B;21:00:00;2339
2/01/2023;A;21:00:00;16534
2/01/2023;B;21:00:00;2532
2/02/2023;A;21:00:00;16597
2/02/2023;B;21:00:00;2451
2/03/2023;A;21:00:00;17502
2/03/2023;B;21:00:00;2431
2/04/2023;A;21:00:00;16583
2/04/2023;B;21:00:00;2152
2/05/2023;A;21:00:00;11465
2/05/2023;B;21:00:00;1622
2/06/2023;A;21:00:00;15883
2/06/2023;B;21:00:00;2338
2/07/2023;A;21:00:00;17052
2/07/2023;B;21:00:00;2707
2/08/2023;A;21:00:00;16748
2/08/2023;B;21:00:00;2571
2/09/2023;A;21:00:00;17641
2/09/2023;B;21:00:00;2663
2/10/2023;A;21:00:00;19298
2/10/2023;B;21:00:00;2941
2/11/2023;A;21:00:00;15598
2/11/2023;B;21:00:00;2087
2/12/2023;A;21:00:00;9973
2/12/2023;B;21:00:00;1592
13/02/2023;A;21:00:00;17496
13/02/2023;B;21:00:00;2506
14/02/2023;A;21:00:00;17033
14/02/2023;B;21:00:00;2663
15/02/2023;A;21:00:00;18086
15/02/2023;B;21:00:00;2844
16/02/2023;A;21:00:00;17915
16/02/2023;B;21:00:00;2736
17/02/2023;A;21:00:00;19964
17/02/2023;B;21:00:00;2905
18/02/2023;A;21:00:00;16413
18/02/2023;B;21:00:00;2315
19/02/2023;A;21:00:00;10973
19/02/2023;B;21:00:00;1407
20/02/2023;A;21:00:00;16075
20/02/2023;B;21:00:00;2262
21/02/2023;A;21:00:00;17709
21/02/2023;B;21:00:00;2688
22/02/2023;A;21:00:00;14828
22/02/2023;B;21:00:00;2171
23/02/2023;A;21:00:00;18057
23/02/2023;B;21:00:00;3062
24/02/2023;A;21:00:00;20437
24/02/2023;B;21:00:00;2841
25/02/2023;A;21:00:00;15729
25/02/2023;B;21:00:00;2036
26/02/2023;A;21:00:00;11000
26/02/2023;B;21:00:00;1893
27/02/2023;A;21:00:00;16731
27/02/2023;B;21:00:00;2482
28/02/2023;A;21:00:00;19011
28/02/2023;B;21:00:00;2843
3/01/2023;A;21:00:00;18407
3/01/2023;B;21:00:00;5550
3/02/2023;A;21:00:00;18556
3/02/2023;B;21:00:00;2896
3/03/2023;A;21:00:00;20301
3/03/2023;B;21:00:00;3076
3/04/2023;A;21:00:00;16260
3/04/2023;B;21:00:00;2305
3/05/2023;A;21:00:00;11372
3/05/2023;B;21:00:00;1508
3/06/2023;A;21:00:00;16628
3/06/2023;B;21:00:00;2540
3/07/2023;A;21:00:00;16861
3/07/2023;B;21:00:00;2547
3/08/2023;A;21:00:00;18224
3/08/2023;B;21:00:00;3074
3/09/2023;A;21:00:00;17186
3/09/2023;B;21:00:00;2700
3/10/2023;A;21:00:00;19240
3/10/2023;B;21:00:00;2919
3/11/2023;A;21:00:00;14871
3/11/2023;B;21:00:00;2671
3/12/2023;A;21:00:00;9257
3/12/2023;B;21:00:00;1217
13/03/2023;A;21:00:00;16021
13/03/2023;B;21:00:00;2314
14/03/2023;A;21:00:00;17782
14/03/2023;B;21:00:00;2636
15/03/2023;A;21:00:00;18561
15/03/2023;B;21:00:00;4848
16/03/2023;A;21:00:00;18371
16/03/2023;B;21:00:00;2810
17/03/2023;A;21:00:00;19819
17/03/2023;B;21:00:00;2877
18/03/2023;A;21:00:00;15807
18/03/2023;B;21:00:00;2053
19/03/2023;A;21:00:00;11157
19/03/2023;B;21:00:00;2400
20/03/2023;A;21:00:00;10719
20/03/2023;B;21:00:00;1422
21/03/2023;A;21:00:00;18019
21/03/2023;B;21:00:00;2576
22/03/2023;A;21:00:00;18370
22/03/2023;B;21:00:00;2661
23/03/2023;A;21:00:00;17820
23/03/2023;B;21:00:00;3001
24/03/2023;A;21:00:00;19495
24/03/2023;B;21:00:00;2891
25/03/2023;A;21:00:00;15356
25/03/2023;B;21:00:00;3859
26/03/2023;A;21:00:00;10111
26/03/2023;B;21:00:00;1567
27/03/2023;A;21:00:00;15848
27/03/2023;B;21:00:00;2330
28/03/2023;A;21:00:00;17737
28/03/2023;B;21:00:00;2517
29/03/2023;A;21:00:00;17832
29/03/2023;B;21:00:00;2843
30/03/2023;A;21:00:00;17842
30/03/2023;B;21:00:00;2554
31/03/2023;A;21:00:00;21261
31/03/2023;B;21:00:00;3130
4/01/2023;A;21:00:00;16776
4/01/2023;B;21:00:00;2318
4/02/2023;A;21:00:00;10803
4/02/2023;B;21:00:00;1384
4/03/2023;A;21:00:00;14263
4/03/2023;B;21:00:00;1891
4/04/2023;A;21:00:00;14623
4/04/2023;B;21:00:00;4362
4/05/2023;A;21:00:00;16188
4/05/2023;B;21:00:00;2133
4/06/2023;A;21:00:00;8698
4/06/2023;B;21:00:00;1331
4/07/2023;A;21:00:00;7746
4/07/2023;B;21:00:00;1106
4/08/2023;A;21:00:00;12399
4/08/2023;B;21:00:00;1749
4/09/2023;A;21:00:00;10033
4/09/2023;B;21:00:00;1347
4/10/2023;A;21:00:00;15997
4/10/2023;B;21:00:00;2873
4/11/2023;A;21:00:00;17353
4/11/2023;B;21:00:00;2544
4/12/2023;A;21:00:00;17586
4/12/2023;B;21:00:00;2826
13/04/2023;A;21:00:00;17848
13/04/2023;B;21:00:00;2683
14/04/2023;A;21:00:00;19458
14/04/2023;B;21:00:00;3030
15/04/2023;A;21:00:00;16442
15/04/2023;B;21:00:00;2418
16/04/2023;A;21:00:00;11403
16/04/2023;B;21:00:00;1488
17/04/2023;A;21:00:00;16444
17/04/2023;B;21:00:00;2458
18/04/2023;A;21:00:00;17893
18/04/2023;B;21:00:00;2734
19/04/2023;A;21:00:00;18037
19/04/2023;B;21:00:00;2957
20/04/2023;A;21:00:00;18454
20/04/2023;B;21:00:00;2814
21/04/2023;A;21:00:00;20548
21/04/2023;B;21:00:00;3051
22/04/2023;A;21:00:00;15379
22/04/2023;B;21:00:00;2173
23/04/2023;A;21:00:00;11063
23/04/2023;B;21:00:00;1613
24/04/2023;A;21:00:00;16759
24/04/2023;B;21:00:00;2510
25/04/2023;A;21:00:00;17443
25/04/2023;B;21:00:00;2564
26/04/2023;A;21:00:00;17591
26/04/2023;B;21:00:00;2622
27/04/2023;A;21:00:00;18095
27/04/2023;B;21:00:00;2649
28/04/2023;A;21:00:00;20497
28/04/2023;B;21:00:00;2883
29/04/2023;A;21:00:00;16216
29/04/2023;B;21:00:00;2405
30/04/2023;A;21:00:00;12080
30/04/2023;B;21:00:00;1769
5/01/2023;A;21:00:00;11500
5/01/2023;B;21:00:00;1631
5/02/2023;A;21:00:00;17987
5/02/2023;B;21:00:00;5684
5/03/2023;A;21:00:00;17895
5/03/2023;B;21:00:00;2749
5/04/2023;A;21:00:00;18551
5/04/2023;B;21:00:00;2775
5/05/2023;A;21:00:00;20555
5/05/2023;B;21:00:00;3015
5/06/2023;A;21:00:00;16626
5/06/2023;B;21:00:00;2235
5/07/2023;A;21:00:00;11663
5/07/2023;B;21:00:00;1487
5/08/2023;A;21:00:00;16253
5/08/2023;B;21:00:00;2308
5/09/2023;A;21:00:00;17267
5/09/2023;B;21:00:00;2584
5/10/2023;A;21:00:00;18070
5/10/2023;B;21:00:00;2879
5/11/2023;A;21:00:00;17264
5/11/2023;B;21:00:00;2980
5/12/2023;A;21:00:00;19919
5/12/2023;B;21:00:00;2990
13/05/2023;A;21:00:00;15877
13/05/2023;B;21:00:00;2153
14/05/2023;A;21:00:00;11357
14/05/2023;B;21:00:00;1458
15/05/2023;A;21:00:00;16551
15/05/2023;B;21:00:00;2483
16/05/2023;A;21:00:00;17384
16/05/2023;B;21:00:00;2608
17/05/2023;A;21:00:00;18280
17/05/2023;B;21:00:00;7392
18/05/2023;A;21:00:00;18388
18/05/2023;B;21:00:00;2971
19/05/2023;A;21:00:00;19923
19/05/2023;B;21:00:00;3026
20/05/2023;A;21:00:00;15231
20/05/2023;B;21:00:00;2343
21/05/2023;A;21:00:00;10421
21/05/2023;B;21:00:00;1544
22/05/2023;A;21:00:00;10405
22/05/2023;B;21:00:00;1346
23/05/2023;A;21:00:00;16251
23/05/2023;B;21:00:00;4365
24/05/2023;A;21:00:00;17053
24/05/2023;B;21:00:00;2571
25/05/2023;A;21:00:00;17527
25/05/2023;B;21:00:00;2214
26/05/2023;A;21:00:00;19004
26/05/2023;B;21:00:00;2691
27/05/2023;A;21:00:00;15078
27/05/2023;B;21:00:00;2005
28/05/2023;A;21:00:00;10778
28/05/2023;B;21:00:00;3734
29/05/2023;A;21:00:00;14947
29/05/2023;B;21:00:00;2093
30/05/2023;A;21:00:00;16829
30/05/2023;B;21:00:00;2283
31/05/2023;A;21:00:00;17397
31/05/2023;B;21:00:00;2438
6/01/2023;A;21:00:00;17045
6/01/2023;B;21:00:00;2559
6/02/2023;A;21:00:00;18956
6/02/2023;B;21:00:00;2786
6/03/2023;A;21:00:00;16596
6/03/2023;B;21:00:00;2718
6/04/2023;A;21:00:00;11880
6/04/2023;B;21:00:00;1775
6/05/2023;A;21:00:00;15677
6/05/2023;B;21:00:00;3066
6/06/2023;A;21:00:00;16637
6/06/2023;B;21:00:00;2405
6/07/2023;A;21:00:00;17247
6/07/2023;B;21:00:00;2479
6/08/2023;A;21:00:00;16435
6/08/2023;B;21:00:00;2293
6/09/2023;A;21:00:00;19294
6/09/2023;B;21:00:00;2769
6/10/2023;A;21:00:00;15899
6/10/2023;B;21:00:00;2200
6/11/2023;A;21:00:00;11428
6/11/2023;B;21:00:00;1635
6/12/2023;A;21:00:00;10727
6/12/2023;B;21:00:00;1579
13/06/2023;A;21:00:00;16161
13/06/2023;B;21:00:00;2257
14/06/2023;A;21:00:00;16754
14/06/2023;B;21:00:00;2300
15/06/2023;A;21:00:00;17845
15/06/2023;B;21:00:00;2472
16/06/2023;A;21:00:00;20366
16/06/2023;B;21:00:00;2736
17/06/2023;A;21:00:00;16107
17/06/2023;B;21:00:00;2232
18/06/2023;A;21:00:00;11624
18/06/2023;B;21:00:00;1586
19/06/2023;A;21:00:00;11504
19/06/2023;B;21:00:00;1389
20/06/2023;A;21:00:00;15791
20/06/2023;B;21:00:00;2214
21/06/2023;A;21:00:00;14700
21/06/2023;B;21:00:00;2461
22/06/2023;A;21:00:00;16628
22/06/2023;B;21:00:00;2536
23/06/2023;A;21:00:00;18502
23/06/2023;B;21:00:00;2474
24/06/2023;A;21:00:00;15701
24/06/2023;B;21:00:00;3767
25/06/2023;A;21:00:00;11075
25/06/2023;B;21:00:00;1262
26/06/2023;A;21:00:00;15025
26/06/2023;B;21:00:00;1970
27/06/2023;A;21:00:00;15927
27/06/2023;B;21:00:00;4112
28/06/2023;A;21:00:00;16614
28/06/2023;B;21:00:00;2439
29/06/2023;A;21:00:00;16453
29/06/2023;B;21:00:00;2234
30/06/2023;A;21:00:00;20251
30/06/2023;B;21:00:00;2500
7/01/2023;A;21:00:00;17159
7/01/2023;B;21:00:00;2465
7/02/2023;A;21:00:00;13483
7/02/2023;B;21:00:00;1753
7/03/2023;A;21:00:00;12112
7/03/2023;B;21:00:00;1238
7/04/2023;A;21:00:00;15573
7/04/2023;B;21:00:00;2077
7/05/2023;A;21:00:00;15345
7/05/2023;B;21:00:00;2145
7/06/2023;A;21:00:00;15947
7/06/2023;B;21:00:00;2189
7/07/2023;A;21:00:00;18265
7/07/2023;B;21:00:00;2543
7/08/2023;A;21:00:00;16886
7/08/2023;B;21:00:00;2132
7/09/2023;A;21:00:00;12185
7/09/2023;B;21:00:00;1539
7/10/2023;A;21:00:00;14653
7/10/2023;B;21:00:00;1988
7/11/2023;A;21:00:00;15995
7/11/2023;B;21:00:00;2092
7/12/2023;A;21:00:00;16496
7/12/2023;B;21:00:00;4645
13/07/2023;A;21:00:00;16181
13/07/2023;B;21:00:00;2285
14/07/2023;A;21:00:00;18750
14/07/2023;B;21:00:00;2456
15/07/2023;A;21:00:00;17856
15/07/2023;B;21:00:00;2339
16/07/2023;A;21:00:00;13086
16/07/2023;B;21:00:00;1745
17/07/2023;A;21:00:00;15061
17/07/2023;B;21:00:00;2026
18/07/2023;A;21:00:00;16437
18/07/2023;B;21:00:00;2297
19/07/2023;A;21:00:00;18387
19/07/2023;B;21:00:00;2457
20/07/2023;A;21:00:00;13584
20/07/2023;B;21:00:00;1802
21/07/2023;A;21:00:00;17552
21/07/2023;B;21:00:00;2376
22/07/2023;A;21:00:00;15751
22/07/2023;B;21:00:00;2111
23/07/2023;A;21:00:00;11739
23/07/2023;B;21:00:00;1631
24/07/2023;A;21:00:00;15455
24/07/2023;B;21:00:00;1895
25/07/2023;A;21:00:00;16530
25/07/2023;B;21:00:00;2165
26/07/2023;A;21:00:00;16865
26/07/2023;B;21:00:00;2374
27/07/2023;A;21:00:00;16508
27/07/2023;B;21:00:00;2379
28/07/2023;A;21:00:00;19987
28/07/2023;B;21:00:00;3175
29/07/2023;A;21:00:00;16863
29/07/2023;B;21:00:00;2438
30/07/2023;A;21:00:00;12100
30/07/2023;B;21:00:00;1675
31/07/2023;A;21:00:00;15949
31/07/2023;B;21:00:00;2267
8/01/2023;A;21:00:00;18020
8/01/2023;B;21:00:00;2720
8/02/2023;A;21:00:00;18135
8/02/2023;B;21:00:00;3110
8/03/2023;A;21:00:00;18510
8/03/2023;B;21:00:00;5895
8/04/2023;A;21:00:00;20617
8/04/2023;B;21:00:00;2957
8/05/2023;A;21:00:00;16949
8/05/2023;B;21:00:00;2663
8/06/2023;A;21:00:00;12481
8/06/2023;B;21:00:00;4323
8/07/2023;A;21:00:00;12121
8/07/2023;B;21:00:00;2770
8/08/2023;A;21:00:00;17938
8/08/2023;B;21:00:00;2650
8/09/2023;A;21:00:00;18762
8/09/2023;B;21:00:00;4478
8/10/2023;A;21:00:00;19044
8/10/2023;B;21:00:00;3017
8/11/2023;A;21:00:00;19883
8/11/2023;B;21:00:00;2867
8/12/2023;A;21:00:00;15275
8/12/2023;B;21:00:00;2061
13/08/2023;A;21:00:00;11139
13/08/2023;B;21:00:00;1541
14/08/2023;A;21:00:00;16899
14/08/2023;B;21:00:00;2400
15/08/2023;A;21:00:00;18597
15/08/2023;B;21:00:00;2756
16/08/2023;A;21:00:00;18537
16/08/2023;B;21:00:00;2659
17/08/2023;A;21:00:00;19196
17/08/2023;B;21:00:00;2908
18/08/2023;A;21:00:00;20547
18/08/2023;B;21:00:00;2609
19/08/2023;A;21:00:00;15754
19/08/2023;B;21:00:00;2075
20/08/2023;A;21:00:00;11489
20/08/2023;B;21:00:00;1943
21/08/2023;A;21:00:00;10711
21/08/2023;B;21:00:00;1236
22/08/2023;A;21:00:00;17852
22/08/2023;B;21:00:00;2361
23/08/2023;A;21:00:00;18376
23/08/2023;B;21:00:00;2694
24/08/2023;A;21:00:00;18834
24/08/2023;B;21:00:00;3150
25/08/2023;A;21:00:00;20633
25/08/2023;B;21:00:00;2938
26/08/2023;A;21:00:00;15786
26/08/2023;B;21:00:00;1902
27/08/2023;A;21:00:00;11127
27/08/2023;B;21:00:00;1449
28/08/2023;A;21:00:00;15448
28/08/2023;B;21:00:00;2298
29/08/2023;A;21:00:00;18170
29/08/2023;B;21:00:00;2642
30/08/2023;A;21:00:00;18602
30/08/2023;B;21:00:00;2820
31/08/2023;A;21:00:00;19048
31/08/2023;B;21:00:00;2780
9/01/2023;A;21:00:00;21174
9/01/2023;B;21:00:00;2943
9/02/2023;A;21:00:00;16067
9/02/2023;B;21:00:00;2167
9/03/2023;A;21:00:00;11708
9/03/2023;B;21:00:00;1479
9/04/2023;A;21:00:00;16744
9/04/2023;B;21:00:00;2311
9/05/2023;A;21:00:00;18163
9/05/2023;B;21:00:00;2634
9/06/2023;A;21:00:00;18297
9/06/2023;B;21:00:00;2671
9/07/2023;A;21:00:00;18551
9/07/2023;B;21:00:00;2753
9/08/2023;A;21:00:00;21077
9/08/2023;B;21:00:00;2617
9/09/2023;A;21:00:00;15311
9/09/2023;B;21:00:00;1989
9/10/2023;A;21:00:00;12434
9/10/2023;B;21:00:00;1429
9/11/2023;A;21:00:00;17117
9/11/2023;B;21:00:00;2417
9/12/2023;A;21:00:00;18736
9/12/2023;B;21:00:00;2407
13/09/2023;A;21:00:00;19260
13/09/2023;B;21:00:00;2596
14/09/2023;A;21:00:00;19368
14/09/2023;B;21:00:00;2643
15/09/2023;A;21:00:00;21869
15/09/2023;B;21:00:00;2831
16/09/2023;A;21:00:00;18151
16/09/2023;B;21:00:00;2344
17/09/2023;A;21:00:00;13169
17/09/2023;B;21:00:00;1545
18/09/2023;A;21:00:00;16387
18/09/2023;B;21:00:00;2313
19/09/2023;A;21:00:00;17970
19/09/2023;B;21:00:00;2581
20/09/2023;A;21:00:00;18323
20/09/2023;B;21:00:00;2800
21/09/2023;A;21:00:00;18517
21/09/2023;B;21:00:00;2952
22/09/2023;A;21:00:00;13585
22/09/2023;B;21:00:00;696
23/09/2023;A;21:00:00;15731
23/09/2023;B;21:00:00;2231
24/09/2023;A;21:00:00;11101
24/09/2023;B;21:00:00;1446
25/09/2023;A;21:00:00;16762
25/09/2023;B;21:00:00;2374
26/09/2023;A;21:00:00;17773
26/09/2023;B;21:00:00;2549
27/09/2023;A;21:00:00;19529
27/09/2023;B;21:00:00;3282
28/09/2023;A;21:00:00;21163
28/09/2023;B;21:00:00;3759
29/09/2023;A;21:00:00;20837
29/09/2023;B;21:00:00;2804
30/09/2023;A;21:00:00;16596
30/09/2023;B;21:00:00;2641
10/01/2023;A;21:00:00;12368
10/01/2023;B;21:00:00;1635
10/02/2023;A;21:00:00;16529
10/02/2023;B;21:00:00;1985
10/03/2023;A;21:00:00;17233
10/03/2023;B;21:00:00;2369
10/04/2023;A;21:00:00;17854
10/04/2023;B;21:00:00;2683
10/05/2023;A;21:00:00;17528
10/05/2023;B;21:00:00;3073
10/06/2023;A;21:00:00;19906
10/06/2023;B;21:00:00;2712
10/07/2023;A;21:00:00;15336
10/07/2023;B;21:00:00;1959
10/08/2023;A;21:00:00;10735
10/08/2023;B;21:00:00;1827
10/09/2023;A;21:00:00;16276
10/09/2023;B;21:00:00;2220
10/10/2023;A;21:00:00;17680
10/10/2023;B;21:00:00;2485
10/11/2023;A;21:00:00;18150
10/11/2023;B;21:00:00;2691
10/12/2023;A;21:00:00;17606
10/12/2023;B;21:00:00;2480
13/10/2023;A;21:00:00;20268
13/10/2023;B;21:00:00;2633
14/10/2023;A;21:00:00;15323
14/10/2023;B;21:00:00;2572
15/10/2023;A;21:00:00;11679
15/10/2023;B;21:00:00;1715
16/10/2023;A;21:00:00;10861
16/10/2023;B;21:00:00;1373
17/10/2023;A;21:00:00;17219
17/10/2023;B;21:00:00;2402
18/10/2023;A;21:00:00;17918
18/10/2023;B;21:00:00;2636
19/10/2023;A;21:00:00;17444
19/10/2023;B;21:00:00;2498
20/10/2023;A;21:00:00;20275
20/10/2023;B;21:00:00;2785
21/10/2023;A;21:00:00;15258
21/10/2023;B;21:00:00;1991
22/10/2023;A;21:00:00;10380
22/10/2023;B;21:00:00;1854
23/10/2023;A;21:00:00;15705
23/10/2023;B;21:00:00;2133
24/10/2023;A;21:00:00;17684
24/10/2023;B;21:00:00;2414
25/10/2023;A;21:00:00;17969
25/10/2023;B;21:00:00;2572
26/10/2023;A;21:00:00;17986
26/10/2023;B;21:00:00;2454
27/10/2023;A;21:00:00;19474
27/10/2023;B;21:00:00;2711
28/10/2023;A;21:00:00;13887
28/10/2023;B;21:00:00;1872
29/10/2023;A;21:00:00;9732
29/10/2023;B;21:00:00;1280
30/10/2023;A;21:00:00;16445
30/10/2023;B;21:00:00;2177
31/10/2023;A;21:00:00;22082
31/10/2023;B;21:00:00;2562
11/01/2023;A;21:00:00;17557
11/01/2023;B;21:00:00;2455
11/02/2023;A;21:00:00;17463
11/02/2023;B;21:00:00;2270
11/03/2023;A;21:00:00;19518
11/03/2023;B;21:00:00;2674
11/04/2023;A;21:00:00;16034
11/04/2023;B;21:00:00;2412
11/05/2023;A;21:00:00;11939
11/05/2023;B;21:00:00;1843
11/06/2023;A;21:00:00;10373
11/06/2023;B;21:00:00;1719
11/07/2023;A;21:00:00;17454
11/07/2023;B;21:00:00;2368
11/08/2023;A;21:00:00;17404
11/08/2023;B;21:00:00;3866
11/09/2023;A;21:00:00;17851
11/09/2023;B;21:00:00;2489
11/10/2023;A;21:00:00;19463
11/10/2023;B;21:00:00;2786
11/11/2023;A;21:00:00;14774
11/11/2023;B;21:00:00;1869
11/12/2023;A;21:00:00;10853
11/12/2023;B;21:00:00;1647
13/11/2023;A;21:00:00;10930
13/11/2023;B;21:00:00;1411
14/11/2023;A;21:00:00;13244
14/11/2023;B;21:00:00;4154
15/11/2023;A;21:00:00;18030
15/11/2023;B;21:00:00;2486
16/11/2023;A;21:00:00;19072
16/11/2023;B;21:00:00;2499
17/11/2023;A;21:00:00;20400
17/11/2023;B;21:00:00;2589
18/11/2023;A;21:00:00;15414
18/11/2023;B;21:00:00;2042
19/11/2023;A;21:00:00;11413
19/11/2023;B;21:00:00;4001
20/11/2023;A;21:00:00;16300
20/11/2023;B;21:00:00;2199
21/11/2023;A;21:00:00;16718
21/11/2023;B;21:00:00;2370
22/11/2023;A;21:00:00;17624
22/11/2023;B;21:00:00;2438
23/11/2023;A;21:00:00;17100
23/11/2023;B;21:00:00;2623
24/11/2023;A;21:00:00;19877
24/11/2023;B;21:00:00;2402
25/11/2023;A;21:00:00;16238
25/11/2023;B;21:00:00;2195
26/11/2023;A;21:00:00;13276
26/11/2023;B;21:00:00;2605
27/11/2023;A;21:00:00;16767
27/11/2023;B;21:00:00;2143
28/11/2023;A;21:00:00;17087
28/11/2023;B;21:00:00;2415
29/11/2023;A;21:00:00;18107
29/11/2023;B;21:00:00;2542
30/11/2023;A;21:00:00;20970
30/11/2023;B;21:00:00;2719
12/01/2023;A;21:00:00;21452
12/01/2023;B;21:00:00;2976
12/02/2023;A;21:00:00;21090
12/02/2023;B;21:00:00;3059
12/03/2023;A;21:00:00;16621
12/03/2023;B;21:00:00;1993
12/04/2023;A;21:00:00;18050
12/04/2023;B;21:00:00;2135
12/05/2023;A;21:00:00;19191
12/05/2023;B;21:00:00;2209
12/06/2023;A;21:00:00;19568
12/06/2023;B;21:00:00;2470
12/07/2023;A;21:00:00;17593
12/07/2023;B;21:00:00;2160
12/08/2023;A;21:00:00;19230
12/08/2023;B;21:00:00;2062
12/09/2023;A;21:00:00;22417
12/09/2023;B;21:00:00;2485
12/10/2023;A;21:00:00;16743
12/10/2023;B;21:00:00;1849
12/11/2023;A;21:00:00;17644
12/11/2023;B;21:00:00;2098
12/12/2023;A;21:00:00;19242
12/12/2023;B;21:00:00;2371
13/12/2023;A;21:00:00;17221
13/12/2023;B;21:00:00;2351
14/12/2023;A;21:00:00;38930
14/12/2023;B;21:00:00;4642
15/12/2023;A;21:00:00;24871
15/12/2023;B;21:00:00;2891
16/12/2023;A;21:00:00;23722
16/12/2023;B;21:00:00;2675
17/12/2023;A;21:00:00;21011
17/12/2023;B;21:00:00;2101
18/12/2023;A;21:00:00;18739
18/12/2023;B;21:00:00;2128
19/12/2023;A;21:00:00;19597
19/12/2023;B;21:00:00;2172
20/12/2023;A;21:00:00;20671
20/12/2023;B;21:00:00;2303
21/12/2023;A;21:00:00;21292
21/12/2023;B;21:00:00;2636
22/12/2023;A;21:00:00;23564
22/12/2023;B;21:00:00;2574
23/12/2023;A;21:00:00;19867
23/12/2023;B;21:00:00;2138
24/12/2023;A;21:00:00;2024
24/12/2023;B;21:00:00;257
25/12/2023;A;21:00:00;8825
25/12/2023;B;21:00:00;871
26/12/2023;A;21:00:00;16975
26/12/2023;B;21:00:00;2204
27/12/2023;A;21:00:00;18538
27/12/2023;B;21:00:00;2379
28/12/2023;A;21:00:00;19245
28/12/2023;B;21:00:00;2413
29/12/2023;A;21:00:00;21262
29/12/2023;B;21:00:00;2732
30/12/2023;A;21:00:00;18901
30/12/2023;B;21:00:00;1970
31/12/2023;A;21:00:00;1257
31/12/2023;B;21:00:00;156
1/01/2024;A;21:00:00;7729
1/01/2024;B;21:00:00;893
2/01/2024;A;21:00:00;14782
2/01/2024;B;21:00:00;1574
3/01/2024;A;21:00:00;15236
3/01/2024;B;21:00:00;1679
4/01/2024;A;21:00:00;15330
4/01/2024;B;21:00:00;1771
5/01/2024;A;21:00:00;17715
5/01/2024;B;21:00:00;1944
6/01/2024;A;21:00:00;18312
6/01/2024;B;21:00:00;2192
7/01/2024;A;21:00:00;15755
7/01/2024;B;21:00:00;1918
8/01/2024;A;21:00:00;12759
8/01/2024;B;21:00:00;1554
9/01/2024;A;21:00:00;13821
9/01/2024;B;21:00:00;1756
10/01/2024;A;21:00:00;14189
10/01/2024;B;21:00:00;1697
11/01/2024;A;21:00:00;14234
11/01/2024;B;21:00:00;1736
12/01/2024;A;21:00:00;15403
12/01/2024;B;21:00:00;1878
13/01/2024;A;21:00:00;15057
13/01/2024;B;21:00:00;1974
14/01/2024;A;21:00:00;11613
14/01/2024;B;21:00:00;1585
15/01/2024;A;21:00:00;14195
15/01/2024;B;21:00:00;1803
16/01/2024;A;21:00:00;14894
16/01/2024;B;21:00:00;1788
17/01/2024;A;21:00:00;15248
17/01/2024;B;21:00:00;2001
18/01/2024;A;21:00:00;15222
18/01/2024;B;21:00:00;1867
19/01/2024;A;21:00:00;17034
19/01/2024;B;21:00:00;2039
20/01/2024;A;21:00:00;14986
20/01/2024;B;21:00:00;1979
21/01/2024;A;21:00:00;11013
21/01/2024;B;21:00:00;1515
22/01/2024;A;21:00:00;13892
22/01/2024;B;21:00:00;1778
23/01/2024;A;21:00:00;14848
23/01/2024;B;21:00:00;2001
24/01/2024;A;21:00:00;15433
24/01/2024;B;21:00:00;2187
25/01/2024;A;21:00:00;15550
25/01/2024;B;21:00:00;2012
26/01/2024;A;21:00:00;17079
26/01/2024;B;21:00:00;2114
27/01/2024;A;21:00:00;13890
27/01/2024;B;21:00:00;1853
28/01/2024;A;21:00:00;10672
28/01/2024;B;21:00:00;1466
29/01/2024;A;21:00:00;14243
29/01/2024;B;21:00:00;1898
30/01/2024;A;21:00:00;15873
30/01/2024;B;21:00:00;2117
31/01/2024;A;21:00:00;16282
31/01/2024;B;21:00:00;2331
1/02/2024;A;21:00:00;15745
1/02/2024;B;21:00:00;2164
2/02/2024;A;21:00:00;17841
2/02/2024;B;21:00:00;2489
3/02/2024;A;21:00:00;15554
3/02/2024;B;21:00:00;2049
4/02/2024;A;21:00:00;11071
4/02/2024;B;21:00:00;1554
5/02/2024;A;21:00:00;16152
5/02/2024;B;21:00:00;2491
6/02/2024;A;21:00:00;16893
6/02/2024;B;21:00:00;2566
7/02/2024;A;21:00:00;17538
7/02/2024;B;21:00:00;2709
8/02/2024;A;21:00:00;17313
8/02/2024;B;21:00:00;2611
9/02/2024;A;21:00:00;19099
9/02/2024;B;21:00:00;2698
10/02/2024;A;21:00:00;14605
10/02/2024;B;21:00:00;2065
11/02/2024;A;21:00:00;10900
11/02/2024;B;21:00:00;2121
12/02/2024;A;21:00:00;16315
12/02/2024;B;21:00:00;2393
13/02/2024;A;21:00:00;17479
13/02/2024;B;21:00:00;2535
14/02/2024;A;21:00:00;18198
14/02/2024;B;21:00:00;2828
15/02/2024;A;21:00:00;18816
15/02/2024;B;21:00:00;2852
16/02/2024;A;21:00:00;20237
16/02/2024;B;21:00:00;2787
17/02/2024;A;21:00:00;15311
17/02/2024;B;21:00:00;2368
18/02/2024;A;21:00:00;11972
18/02/2024;B;21:00:00;1573
19/02/2024;A;21:00:00;16484
19/02/2024;B;21:00:00;2425
20/02/2024;A;21:00:00;18037
20/02/2024;B;21:00:00;2831
21/02/2024;A;21:00:00;18264
21/02/2024;B;21:00:00;2808
22/02/2024;A;21:00:00;15585
22/02/2024;B;21:00:00;2373
23/02/2024;A;21:00:00;20489
23/02/2024;B;21:00:00;2798
24/02/2024;A;21:00:00;14905
24/02/2024;B;21:00:00;2069
25/02/2024;A;21:00:00;11215
25/02/2024;B;21:00:00;1602
26/02/2024;A;21:00:00;15976
26/02/2024;B;21:00:00;2230
27/02/2024;A;21:00:00;19491
27/02/2024;B;21:00:00;2704
28/02/2024;A;21:00:00;18004
28/02/2024;B;21:00:00;4700
29/02/2024;A;21:00:00;19086
29/02/2024;B;21:00:00;4102
1/03/2024;A;21:00:00;19902
1/03/2024;B;21:00:00;2784
2/03/2024;A;21:00:00;16141
2/03/2024;B;21:00:00;2013
3/03/2024;A;21:00:00;11639
3/03/2024;B;21:00:00;1785
4/03/2024;A;21:00:00;16669
4/03/2024;B;21:00:00;2428
5/03/2024;A;21:00:00;17943
5/03/2024;B;21:00:00;2589
6/03/2024;A;21:00:00;18049
6/03/2024;B;21:00:00;2914
7/03/2024;A;21:00:00;18125
7/03/2024;B;21:00:00;2829
8/03/2024;A;21:00:00;19730
8/03/2024;B;21:00:00;2864
9/03/2024;A;21:00:00;14599
9/03/2024;B;21:00:00;2006
10/03/2024;A;21:00:00;10971
10/03/2024;B;21:00:00;1482
11/03/2024;A;21:00:00;16275
11/03/2024;B;21:00:00;2445
12/03/2024;A;21:00:00;17650
12/03/2024;B;21:00:00;2561
13/03/2024;A;21:00:00;17603
13/03/2024;B;21:00:00;2681
14/03/2024;A;21:00:00;18166
14/03/2024;B;21:00:00;2679
15/03/2024;A;21:00:00;19591
15/03/2024;B;21:00:00;2779
16/03/2024;A;21:00:00;15628
16/03/2024;B;21:00:00;2229
17/03/2024;A;21:00:00;11438
17/03/2024;B;21:00:00;1589
18/03/2024;A;21:00:00;16373
18/03/2024;B;21:00:00;2425
19/03/2024;A;21:00:00;17569
19/03/2024;B;21:00:00;2601
20/03/2024;A;21:00:00;17671
20/03/2024;B;21:00:00;2803
21/03/2024;A;21:00:00;18251
21/03/2024;B;21:00:00;2861
22/03/2024;A;21:00:00;19788
22/03/2024;B;21:00:00;2676
23/03/2024;A;21:00:00;14619
23/03/2024;B;21:00:00;1993
24/03/2024;A;21:00:00;10168
24/03/2024;B;21:00:00;1556
25/03/2024;A;21:00:00;9612
25/03/2024;B;21:00:00;1311
26/03/2024;A;21:00:00;12821
26/03/2024;B;21:00:00;1823
27/03/2024;A;21:00:00;14765
27/03/2024;B;21:00:00;2227
28/03/2024;A;21:00:00;8852
28/03/2024;B;21:00:00;1331
29/03/2024;A;21:00:00;7727
29/03/2024;B;21:00:00;981
30/03/2024;A;21:00:00;12004
30/03/2024;B;21:00:00;1670
31/03/2024;A;21:00:00;9148
31/03/2024;B;21:00:00;1668
1/04/2024;A;21:00:00;15940
1/04/2024;B;21:00:00;2189
2/04/2024;A;21:00:00;17745
2/04/2024;B;21:00:00;2573
3/04/2024;A;21:00:00;17037
3/04/2024;B;21:00:00;2725
4/04/2024;A;21:00:00;17640
4/04/2024;B;21:00:00;2586
5/04/2024;A;21:00:00;19797
5/04/2024;B;21:00:00;2976
6/04/2024;A;21:00:00;14613
6/04/2024;B;21:00:00;1851
7/04/2024;A;21:00:00;10415
7/04/2024;B;21:00:00;1455
8/04/2024;A;21:00:00;15413
8/04/2024;B;21:00:00;2359
9/04/2024;A;21:00:00;17013
9/04/2024;B;21:00:00;2591
10/04/2024;A;21:00:00;17233
10/04/2024;B;21:00:00;2737
11/04/2024;A;21:00:00;17162
11/04/2024;B;21:00:00;2665
12/04/2024;A;21:00:00;18302
12/04/2024;B;21:00:00;2687
13/04/2024;A;21:00:00;14028
13/04/2024;B;21:00:00;2073
14/04/2024;A;21:00:00;10066
14/04/2024;B;21:00:00;1429
15/04/2024;A;21:00:00;15756
15/04/2024;B;21:00:00;2325
16/04/2024;A;21:00:00;17508
16/04/2024;B;21:00:00;2543
17/04/2024;A;21:00:00;17542
17/04/2024;B;21:00:00;2742
18/04/2024;A;21:00:00;16676
18/04/2024;B;21:00:00;2360
19/04/2024;A;21:00:00;18116
19/04/2024;B;21:00:00;2448
20/04/2024;A;21:00:00;14481
20/04/2024;B;21:00:00;1905
21/04/2024;A;21:00:00;10605
21/04/2024;B;21:00:00;2822
22/04/2024;A;21:00:00;16040
22/04/2024;B;21:00:00;2279
23/04/2024;A;21:00:00;16555
23/04/2024;B;21:00:00;2464
24/04/2024;A;21:00:00;17054
24/04/2024;B;21:00:00;2819
25/04/2024;A;21:00:00;17753
25/04/2024;B;21:00:00;2783
26/04/2024;A;21:00:00;18485
26/04/2024;B;21:00:00;2540
27/04/2024;A;21:00:00;13711
27/04/2024;B;21:00:00;3090
28/04/2024;A;21:00:00;9960
28/04/2024;B;21:00:00;1373
29/04/2024;A;21:00:00;15888
29/04/2024;B;21:00:00;2270
30/04/2024;A;21:00:00;18736
30/04/2024;B;21:00:00;2573
1/05/2024;A;21:00:00;12024
1/05/2024;B;21:00:00;1477
2/05/2024;A;21:00:00;17616
2/05/2024;B;21:00:00;2704
3/05/2024;A;21:00:00;19704
3/05/2024;B;21:00:00;2842
4/05/2024;A;21:00:00;15610
4/05/2024;B;21:00:00;2299
5/05/2024;A;21:00:00;10792
5/05/2024;B;21:00:00;1906
6/05/2024;A;21:00:00;16274
6/05/2024;B;21:00:00;2382
7/05/2024;A;21:00:00;17278
7/05/2024;B;21:00:00;2557
8/05/2024;A;21:00:00;17575
8/05/2024;B;21:00:00;2820
9/05/2024;A;21:00:00;17803
9/05/2024;B;21:00:00;2578
10/05/2024;A;21:00:00;19392
10/05/2024;B;21:00:00;2753
11/05/2024;A;21:00:00;15386
11/05/2024;B;21:00:00;2203
12/05/2024;A;21:00:00;11032
12/05/2024;B;21:00:00;1647
13/05/2024;A;21:00:00;10201
13/05/2024;B;21:00:00;1382
14/05/2024;A;21:00:00;17134
14/05/2024;B;21:00:00;2375
15/05/2024;A;21:00:00;17683
15/05/2024;B;21:00:00;2643
16/05/2024;A;21:00:00;17470
16/05/2024;B;21:00:00;2697
17/05/2024;A;21:00:00;19256
17/05/2024;B;21:00:00;2746
18/05/2024;A;21:00:00;14998
18/05/2024;B;21:00:00;2076
19/05/2024;A;21:00:00;10600
19/05/2024;B;21:00:00;1467
20/05/2024;A;21:00:00;15737
20/05/2024;B;21:00:00;2232
21/05/2024;A;21:00:00;16892
21/05/2024;B;21:00:00;2407
22/05/2024;A;21:00:00;16714
22/05/2024;B;21:00:00;2582
23/05/2024;A;21:00:00;17951
23/05/2024;B;21:00:00;2508
24/05/2024;A;21:00:00;18602
24/05/2024;B;21:00:00;2856
25/05/2024;A;21:00:00;14558
25/05/2024;B;21:00:00;2026
26/05/2024;A;21:00:00;10048
26/05/2024;B;21:00:00;1441
27/05/2024;A;21:00:00;14814
27/05/2024;B;21:00:00;2109
28/05/2024;A;21:00:00;16088
28/05/2024;B;21:00:00;2445
29/05/2024;A;21:00:00;16274
29/05/2024;B;21:00:00;5192
30/05/2024;A;21:00:00;17074
30/05/2024;B;21:00:00;2500
31/05/2024;A;21:00:00;19736
31/05/2024;B;21:00:00;2669
1/06/2024;A;21:00:00;15806
1/06/2024;B;21:00:00;2237
2/06/2024;A;21:00:00;10575
2/06/2024;B;21:00:00;1444
3/06/2024;A;21:00:00;10291
3/06/2024;B;21:00:00;1326
4/06/2024;A;21:00:00;15510
4/06/2024;B;21:00:00;2188
5/06/2024;A;21:00:00;17084
5/06/2024;B;21:00:00;2488
6/06/2024;A;21:00:00;16759
6/06/2024;B;21:00:00;2305
7/06/2024;A;21:00:00;18156
7/06/2024;B;21:00:00;2592
8/06/2024;A;21:00:00;14296
8/06/2024;B;21:00:00;1856
9/06/2024;A;21:00:00;10501
9/06/2024;B;21:00:00;1419
10/06/2024;A;21:00:00;10461
10/06/2024;B;21:00:00;1296
11/06/2024;A;21:00:00;15881
11/06/2024;B;21:00:00;2150
12/06/2024;A;21:00:00;16248
12/06/2024;B;21:00:00;2241
13/06/2024;A;21:00:00;16421
13/06/2024;B;21:00:00;2233
14/06/2024;A;21:00:00;18174
14/06/2024;B;21:00:00;2386
15/06/2024;A;21:00:00;14467
15/06/2024;B;21:00:00;1852
16/06/2024;A;21:00:00;12529
16/06/2024;B;21:00:00;1610
17/06/2024;A;21:00:00;15016
17/06/2024;B;21:00:00;2139
18/06/2024;A;21:00:00;16193
18/06/2024;B;21:00:00;3046
19/06/2024;A;21:00:00;16151
19/06/2024;B;21:00:00;2285
20/06/2024;A;21:00:00;17082
20/06/2024;B;21:00:00;2482
21/06/2024;A;21:00:00;17813
21/06/2024;B;21:00:00;2423
22/06/2024;A;21:00:00;16264
22/06/2024;B;21:00:00;2194
23/06/2024;A;21:00:00;11764
23/06/2024;B;21:00:00;1467
24/06/2024;A;21:00:00;14660
24/06/2024;B;21:00:00;1946
25/06/2024;A;21:00:00;15306
25/06/2024;B;21:00:00;1942
26/06/2024;A;21:00:00;16018
26/06/2024;B;21:00:00;2168
27/06/2024;A;21:00:00;15876
27/06/2024;B;21:00:00;2187
28/06/2024;A;21:00:00;18347
28/06/2024;B;21:00:00;2410
29/06/2024;A;21:00:00;15480
29/06/2024;B;21:00:00;2195
30/06/2024;A;21:00:00;12401
30/06/2024;B;21:00:00;2138
1/07/2024;A;21:00:00;11524
1/07/2024;B;21:00:00;1379
2/07/2024;A;21:00:00;12774
2/07/2024;B;21:00:00;1597
3/07/2024;A;21:00:00;15815
3/07/2024;B;21:00:00;2187
4/07/2024;A;21:00:00;15259
4/07/2024;B;21:00:00;2177
5/07/2024;A;21:00:00;16986
5/07/2024;B;21:00:00;2200
6/07/2024;A;21:00:00;15202
6/07/2024;B;21:00:00;2028
7/07/2024;A;21:00:00;11810
7/07/2024;B;21:00:00;1554
8/07/2024;A;21:00:00;14648
8/07/2024;B;21:00:00;1992
9/07/2024;A;21:00:00;15596
9/07/2024;B;21:00:00;2119
10/07/2024;A;21:00:00;19886
10/07/2024;B;21:00:00;3166
11/07/2024;A;21:00:00;15811
11/07/2024;B;21:00:00;2159
12/07/2024;A;21:00:00;16972
12/07/2024;B;21:00:00;2189
13/07/2024;A;21:00:00;15530
13/07/2024;B;21:00:00;2136
14/07/2024;A;21:00:00;6134
14/07/2024;B;21:00:00;1272
15/07/2024;A;21:00:00;14077
15/07/2024;B;21:00:00;1837
16/07/2024;A;21:00:00;15567
16/07/2024;B;21:00:00;2225
17/07/2024;A;21:00:00;15763
17/07/2024;B;21:00:00;2356
18/07/2024;A;21:00:00;15836
18/07/2024;B;21:00:00;2314
19/07/2024;A;21:00:00;18241
19/07/2024;B;21:00:00;2363
20/07/2024;A;21:00:00;15649
20/07/2024;B;21:00:00;1924
21/07/2024;A;21:00:00;11951
21/07/2024;B;21:00:00;2577
22/07/2024;A;21:00:00;14679
22/07/2024;B;21:00:00;1977
23/07/2024;A;21:00:00;15777
23/07/2024;B;21:00:00;2180
24/07/2024;A;21:00:00;15922
24/07/2024;B;21:00:00;2259
25/07/2024;A;21:00:00;16537
25/07/2024;B;21:00:00;2288
26/07/2024;A;21:00:00;17872
26/07/2024;B;21:00:00;2468
27/07/2024;A;21:00:00;14955
27/07/2024;B;21:00:00;2043
28/07/2024;A;21:00:00;11216
28/07/2024;B;21:00:00;1651
29/07/2024;A;21:00:00;15106
29/07/2024;B;21:00:00;1991
30/07/2024;A;21:00:00;16106
30/07/2024;B;21:00:00;2235
31/07/2024;A;21:00:00;17067
31/07/2024;B;21:00:00;2472
1/08/2024;A;21:00:00;16682
1/08/2024;B;21:00:00;2464
2/08/2024;A;21:00:00;19153
2/08/2024;B;21:00:00;2883
3/08/2024;A;21:00:00;16152
3/08/2024;B;21:00:00;2182
4/08/2024;A;21:00:00;11879
4/08/2024;B;21:00:00;1584
5/08/2024;A;21:00:00;17528
5/08/2024;B;21:00:00;2881
6/08/2024;A;21:00:00;19203
6/08/2024;B;21:00:00;2862
7/08/2024;A;21:00:00;12908
7/08/2024;B;21:00:00;1757
8/08/2024;A;21:00:00;18290
8/08/2024;B;21:00:00;2847
9/08/2024;A;21:00:00;19520
9/08/2024;B;21:00:00;2963
10/08/2024;A;21:00:00;14628
10/08/2024;B;21:00:00;2161
11/08/2024;A;21:00:00;10376
11/08/2024;B;21:00:00;1602
12/08/2024;A;21:00:00;16444
12/08/2024;B;21:00:00;2374
13/08/2024;A;21:00:00;17685
13/08/2024;B;21:00:00;2653
14/08/2024;A;21:00:00;18390
14/08/2024;B;21:00:00;2829
15/08/2024;A;21:00:00;19159
15/08/2024;B;21:00:00;2866
16/08/2024;A;21:00:00;20847
16/08/2024;B;21:00:00;2818
17/08/2024;A;21:00:00;16099
17/08/2024;B;21:00:00;2008
18/08/2024;A;21:00:00;12948
18/08/2024;B;21:00:00;1629
19/08/2024;A;21:00:00;12014
19/08/2024;B;21:00:00;1380
20/08/2024;A;21:00:00;17775
20/08/2024;B;21:00:00;2567
21/08/2024;A;21:00:00;18598
21/08/2024;B;21:00:00;2782
22/08/2024;A;21:00:00;18453
22/08/2024;B;21:00:00;2852
23/08/2024;A;21:00:00;19690
23/08/2024;B;21:00:00;2937
24/08/2024;A;21:00:00;14726
24/08/2024;B;21:00:00;1874
25/08/2024;A;21:00:00;10541
25/08/2024;B;21:00:00;1461
26/08/2024;A;21:00:00;16328
26/08/2024;B;21:00:00;2332
27/08/2024;A;21:00:00;17915
27/08/2024;B;21:00:00;2487
28/08/2024;A;21:00:00;17628
28/08/2024;B;21:00:00;2643
29/08/2024;A;21:00:00;18156
29/08/2024;B;21:00:00;2643
30/08/2024;A;21:00:00;19577
30/08/2024;B;21:00:00;2599
31/08/2024;A;21:00:00;17999
31/08/2024;B;21:00:00;2337
1/09/2024;A;21:00:00;12078
1/09/2024;B;21:00:00;1684
2/09/2024;A;21:00:00;16485
2/09/2024;B;21:00:00;2324
3/09/2024;A;21:00:00;17604
3/09/2024;B;21:00:00;2622
4/09/2024;A;21:00:00;16736
4/09/2024;B;21:00:00;2538
5/09/2024;A;21:00:00;16587
5/09/2024;B;21:00:00;2076
6/09/2024;A;21:00:00;17780
6/09/2024;B;21:00:00;3010
7/09/2024;A;21:00:00;16738
7/09/2024;B;21:00:00;2064
8/09/2024;A;21:00:00;11780
8/09/2024;B;21:00:00;1449
9/09/2024;A;21:00:00;16546
9/09/2024;B;21:00:00;2194
10/09/2024;A;21:00:00;18279
10/09/2024;B;21:00:00;2402
11/09/2024;A;21:00:00;19008
11/09/2024;B;21:00:00;2664
12/09/2024;A;21:00:00;19167
12/09/2024;B;21:00:00;2637
13/09/2024;A;21:00:00;21199
13/09/2024;B;21:00:00;2693
14/09/2024;A;21:00:00;16835
14/09/2024;B;21:00:00;1921
15/09/2024;A;21:00:00;13658
15/09/2024;B;21:00:00;1854
16/09/2024;A;21:00:00;15991
16/09/2024;B;21:00:00;2359
17/09/2024;A;21:00:00;17758
17/09/2024;B;21:00:00;2527
18/09/2024;A;21:00:00;18056
18/09/2024;B;21:00:00;2712
19/09/2024;A;21:00:00;18207
19/09/2024;B;21:00:00;4797
20/09/2024;A;21:00:00;19066
20/09/2024;B;21:00:00;2628
21/09/2024;A;21:00:00;15280
21/09/2024;B;21:00:00;2055
22/09/2024;A;21:00:00;11099
22/09/2024;B;21:00:00;1479
23/09/2024;A;21:00:00;15701
23/09/2024;B;21:00:00;2163
24/09/2024;A;21:00:00;17172
24/09/2024;B;21:00:00;2444
25/09/2024;A;21:00:00;17485
25/09/2024;B;21:00:00;3692
26/09/2024;A;21:00:00;17293
26/09/2024;B;21:00:00;2444
27/09/2024;A;21:00:00;18603
27/09/2024;B;21:00:00;2485
28/09/2024;A;21:00:00;14267
28/09/2024;B;21:00:00;1835
29/09/2024;A;21:00:00;10625
29/09/2024;B;21:00:00;1309
30/09/2024;A;21:00:00;15937
30/09/2024;B;21:00:00;2167
1/10/2024;A;21:00:00;17775
1/10/2024;B;21:00:00;2478
2/10/2024;A;21:00:00;16899
2/10/2024;B;21:00:00;2584
3/10/2024;A;21:00:00;18597
3/10/2024;B;21:00:00;2737
4/10/2024;A;21:00:00;19991
4/10/2024;B;21:00:00;2643
5/10/2024;A;21:00:00;16019
5/10/2024;B;21:00:00;2000
6/10/2024;A;21:00:00;11841
6/10/2024;B;21:00:00;1567
7/10/2024;A;21:00:00;15461
7/10/2024;B;21:00:00;2000
8/10/2024;A;21:00:00;17080
8/10/2024;B;21:00:00;2357
9/10/2024;A;21:00:00;17474
9/10/2024;B;21:00:00;2790
10/10/2024;A;21:00:00;17328
10/10/2024;B;21:00:00;3120
11/10/2024;A;21:00:00;19722
11/10/2024;B;21:00:00;2630
12/10/2024;A;21:00:00;15269
12/10/2024;B;21:00:00;1983
13/10/2024;A;21:00:00;10780
13/10/2024;B;21:00:00;1510
14/10/2024;A;21:00:00;10891
14/10/2024;B;21:00:00;1299
15/10/2024;A;21:00:00;16865
15/10/2024;B;21:00:00;2364
16/10/2024;A;21:00:00;17618
16/10/2024;B;21:00:00;2560
17/10/2024;A;21:00:00;17936
17/10/2024;B;21:00:00;2530
18/10/2024;A;21:00:00;19869
18/10/2024;B;21:00:00;2637
19/10/2024;A;21:00:00;16180
19/10/2024;B;21:00:00;2720
20/10/2024;A;21:00:00;10775
20/10/2024;B;21:00:00;1154
21/10/2024;A;21:00:00;13552
21/10/2024;B;21:00:00;1768
22/10/2024;A;21:00:00;17044
22/10/2024;B;21:00:00;2452
23/10/2024;A;21:00:00;17665
23/10/2024;B;21:00:00;2572
24/10/2024;A;21:00:00;17406
24/10/2024;B;21:00:00;2666
25/10/2024;A;21:00:00;19276
25/10/2024;B;21:00:00;2691
26/10/2024;A;21:00:00;14656
26/10/2024;B;21:00:00;1852
27/10/2024;A;21:00:00;10398
27/10/2024;B;21:00:00;1373
28/10/2024;A;21:00:00;15556
28/10/2024;B;21:00:00;2358
29/10/2024;A;21:00:00;17109
29/10/2024;B;21:00:00;2611
30/10/2024;A;21:00:00;18550
30/10/2024;B;21:00:00;2685
31/10/2024;A;21:00:00;16908
31/10/2024;B;21:00:00;2414
1/01/2019;A;22:00:00;792
2/01/2019;A;22:00:00;13016
3/01/2019;A;22:00:00;12148
4/01/2019;A;22:00:00;14528
5/01/2019;A;22:00:00;14111
6/01/2019;A;22:00:00;1249
7/01/2019;A;22:00:00;1454
8/01/2019;A;22:00:00;8814
9/01/2019;A;22:00:00;9146
10/01/2019;A;22:00:00;9133
11/01/2019;A;22:00:00;11302
12/01/2019;A;22:00:00;10556
13/01/2019;A;22:00:00;991
14/01/2019;A;22:00:00;8916
15/01/2019;A;22:00:00;10000
16/01/2019;A;22:00:00;10312
17/01/2019;A;22:00:00;10004
18/01/2019;A;22:00:00;12299
19/01/2019;A;22:00:00;11634
20/01/2019;A;22:00:00;1255
21/01/2019;A;22:00:00;9367
22/01/2019;A;22:00:00;9667
23/01/2019;A;22:00:00;10226
24/01/2019;A;22:00:00;10067
25/01/2019;A;22:00:00;11919
26/01/2019;A;22:00:00;11599
27/01/2019;A;22:00:00;1050
28/01/2019;A;22:00:00;8974
29/01/2019;A;22:00:00;9731
30/01/2019;A;22:00:00;10500
31/01/2019;A;22:00:00;10774
1/02/2019;A;22:00:00;12819
2/02/2019;A;22:00:00;12695
3/02/2019;A;22:00:00;1219
4/02/2019;A;22:00:00;9326
5/02/2019;A;22:00:00;10755
6/02/2019;A;22:00:00;10108
7/02/2019;A;22:00:00;10231
8/02/2019;A;22:00:00;12284
9/02/2019;A;22:00:00;11482
10/02/2019;A;22:00:00;1017
11/02/2019;A;22:00:00;9504
12/02/2019;A;22:00:00;10057
13/02/2019;A;22:00:00;10166
14/02/2019;A;22:00:00;11169
15/02/2019;A;22:00:00;13405
16/02/2019;A;22:00:00;11821
17/02/2019;A;22:00:00;1132
18/02/2019;A;22:00:00;9111
19/02/2019;A;22:00:00;9676
20/02/2019;A;22:00:00;10358
21/02/2019;A;22:00:00;10954
22/02/2019;A;22:00:00;8731
23/02/2019;A;22:00:00;10062
24/02/2019;A;22:00:00;947
25/02/2019;A;22:00:00;9088
26/02/2019;A;22:00:00;8996
27/02/2019;A;22:00:00;9848
28/02/2019;A;22:00:00;11343
1/03/2019;A;22:00:00;13317
2/03/2019;A;22:00:00;11844
3/03/2019;A;22:00:00;931
4/03/2019;A;22:00:00;9378
5/03/2019;A;22:00:00;10154
6/03/2019;A;22:00:00;10626
7/03/2019;A;22:00:00;10835
8/03/2019;A;22:00:00;13909
9/03/2019;A;22:00:00;11559
10/03/2019;A;22:00:00;909
11/03/2019;A;22:00:00;9264
12/03/2019;A;22:00:00;9587
13/03/2019;A;22:00:00;10370
14/03/2019;A;22:00:00;10429
15/03/2019;A;22:00:00;13570
16/03/2019;A;22:00:00;12710
17/03/2019;A;22:00:00;1049
18/03/2019;A;22:00:00;9362
19/03/2019;A;22:00:00;10256
20/03/2019;A;22:00:00;10540
21/03/2019;A;22:00:00;10378
22/03/2019;A;22:00:00;12412
23/03/2019;A;22:00:00;11354
24/03/2019;A;22:00:00;1168
25/03/2019;A;22:00:00;966
26/03/2019;A;22:00:00;9785
27/03/2019;A;22:00:00;10347
28/03/2019;A;22:00:00;10070
29/03/2019;A;22:00:00;14171
30/03/2019;A;22:00:00;13129
31/03/2019;A;22:00:00;1010
1/04/2019;A;22:00:00;9304
2/04/2019;A;22:00:00;10450
3/04/2019;A;22:00:00;10594
4/04/2019;A;22:00:00;10659
5/04/2019;A;22:00:00;12765
6/04/2019;A;22:00:00;11183
7/04/2019;A;22:00:00;1026
8/04/2019;A;22:00:00;9536
9/04/2019;A;22:00:00;9817
10/04/2019;A;22:00:00;10507
11/04/2019;A;22:00:00;11160
12/04/2019;A;22:00:00;14044
13/04/2019;A;22:00:00;11407
14/04/2019;A;22:00:00;834
15/04/2019;A;22:00:00;9801
16/04/2019;A;22:00:00;10070
17/04/2019;A;22:00:00;11007
18/04/2019;A;22:00:00;1104
19/04/2019;A;22:00:00;703
20/04/2019;A;22:00:00;7096
21/04/2019;A;22:00:00;804
22/04/2019;A;22:00:00;9820
23/04/2019;A;22:00:00;11347
24/04/2019;A;22:00:00;11801
25/04/2019;A;22:00:00;18923
26/04/2019;A;22:00:00;13438
27/04/2019;A;22:00:00;12356
28/04/2019;A;22:00:00;1131
29/04/2019;A;22:00:00;9912
30/04/2019;A;22:00:00;13634
1/05/2019;A;22:00:00;1578
2/05/2019;A;22:00:00;10904
3/05/2019;A;22:00:00;14075
4/05/2019;A;22:00:00;12188
5/05/2019;A;22:00:00;1160
6/05/2019;A;22:00:00;9739
7/05/2019;A;22:00:00;10282
8/05/2019;A;22:00:00;10421
9/05/2019;A;22:00:00;10305
10/05/2019;A;22:00:00;13556
11/05/2019;A;22:00:00;11200
12/05/2019;A;22:00:00;1095
13/05/2019;A;22:00:00;8985
14/05/2019;A;22:00:00;9900
15/05/2019;A;22:00:00;10608
16/05/2019;A;22:00:00;10649
17/05/2019;A;22:00:00;13679
18/05/2019;A;22:00:00;11552
19/05/2019;A;22:00:00;948
20/05/2019;A;22:00:00;9095
21/05/2019;A;22:00:00;9662
22/05/2019;A;22:00:00;9628
23/05/2019;A;22:00:00;9931
24/05/2019;A;22:00:00;12206
25/05/2019;A;22:00:00;10668
26/05/2019;A;22:00:00;1037
27/05/2019;A;22:00:00;9632
28/05/2019;A;22:00:00;9728
29/05/2019;A;22:00:00;10329
30/05/2019;A;22:00:00;11288
31/05/2019;A;22:00:00;13797
1/06/2019;A;22:00:00;11374
2/06/2019;A;22:00:00;1280
3/06/2019;A;22:00:00;840
4/06/2019;A;22:00:00;10281
5/06/2019;A;22:00:00;10270
6/06/2019;A;22:00:00;10635
7/06/2019;A;22:00:00;12762
8/06/2019;A;22:00:00;14095
9/06/2019;A;22:00:00;1015
10/06/2019;A;22:00:00;9385
11/06/2019;A;22:00:00;10089
12/06/2019;A;22:00:00;11008
13/06/2019;A;22:00:00;9970
14/06/2019;A;22:00:00;13917
15/06/2019;A;22:00:00;12682
16/06/2019;A;22:00:00;1239
17/06/2019;A;22:00:00;10032
18/06/2019;A;22:00:00;10334
19/06/2019;A;22:00:00;10591
20/06/2019;A;22:00:00;10785
21/06/2019;A;22:00:00;13269
22/06/2019;A;22:00:00;11780
23/06/2019;A;22:00:00;1225
24/06/2019;A;22:00:00;888
25/06/2019;A;22:00:00;10086
26/06/2019;A;22:00:00;10689
27/06/2019;A;22:00:00;11699
28/06/2019;A;22:00:00;14269
29/06/2019;A;22:00:00;11782
30/06/2019;A;22:00:00;1714
1/07/2019;A;22:00:00;1173
2/07/2019;A;22:00:00;10098
3/07/2019;A;22:00:00;10674
4/07/2019;A;22:00:00;10084
5/07/2019;A;22:00:00;12802
6/07/2019;A;22:00:00;12102
7/07/2019;A;22:00:00;1115
8/07/2019;A;22:00:00;9283
9/07/2019;A;22:00:00;9922
10/07/2019;A;22:00:00;10419
11/07/2019;A;22:00:00;10606
12/07/2019;A;22:00:00;12806
13/07/2019;A;22:00:00;11976
14/07/2019;A;22:00:00;1342
15/07/2019;A;22:00:00;10239
16/07/2019;A;22:00:00;10459
17/07/2019;A;22:00:00;10773
18/07/2019;A;22:00:00;10945
19/07/2019;A;22:00:00;14978
20/07/2019;A;22:00:00;2787
21/07/2019;A;22:00:00;1404
22/07/2019;A;22:00:00;9723
23/07/2019;A;22:00:00;10072
24/07/2019;A;22:00:00;10458
25/07/2019;A;22:00:00;10977
26/07/2019;A;22:00:00;13444
27/07/2019;A;22:00:00;11859
28/07/2019;A;22:00:00;1088
29/07/2019;A;22:00:00;9604
30/07/2019;A;22:00:00;10979
31/07/2019;A;22:00:00;11491
1/08/2019;A;22:00:00;11713
2/08/2019;A;22:00:00;13904
3/08/2019;A;22:00:00;13774
4/08/2019;A;22:00:00;1725
5/08/2019;A;22:00:00;10848
6/08/2019;A;22:00:00;14130
7/08/2019;A;22:00:00;6910
8/08/2019;A;22:00:00;11656
9/08/2019;A;22:00:00;14386
10/08/2019;A;22:00:00;13242
11/08/2019;A;22:00:00;1828
12/08/2019;A;22:00:00;10277
13/08/2019;A;22:00:00;10732
14/08/2019;A;22:00:00;10923
15/08/2019;A;22:00:00;12257
16/08/2019;A;22:00:00;13928
17/08/2019;A;22:00:00;11956
18/08/2019;A;22:00:00;1469
19/08/2019;A;22:00:00;1086
20/08/2019;A;22:00:00;10589
21/08/2019;A;22:00:00;11034
22/08/2019;A;22:00:00;10966
23/08/2019;A;22:00:00;13435
24/08/2019;A;22:00:00;11537
25/08/2019;A;22:00:00;990
26/08/2019;A;22:00:00;10020
27/08/2019;A;22:00:00;11021
28/08/2019;A;22:00:00;11032
29/08/2019;A;22:00:00;14071
30/08/2019;A;22:00:00;15892
31/08/2019;A;22:00:00;12669
1/09/2019;A;22:00:00;1438
2/09/2019;A;22:00:00;10168
3/09/2019;A;22:00:00;10849
4/09/2019;A;22:00:00;8981
5/09/2019;A;22:00:00;11778
6/09/2019;A;22:00:00;14475
7/09/2019;A;22:00:00;12727
8/09/2019;A;22:00:00;1257
9/09/2019;A;22:00:00;9886
10/09/2019;A;22:00:00;10978
11/09/2019;A;22:00:00;9760
12/09/2019;A;22:00:00;11336
13/09/2019;A;22:00:00;15005
14/09/2019;A;22:00:00;13248
15/09/2019;A;22:00:00;1241
16/09/2019;A;22:00:00;10313
17/09/2019;A;22:00:00;10493
18/09/2019;A;22:00:00;10396
19/09/2019;A;22:00:00;10729
20/09/2019;A;22:00:00;14196
21/09/2019;A;22:00:00;12307
22/09/2019;A;22:00:00;984
23/09/2019;A;22:00:00;9700
24/09/2019;A;22:00:00;10257
25/09/2019;A;22:00:00;10294
26/09/2019;A;22:00:00;11394
27/09/2019;A;22:00:00;14524
28/09/2019;A;22:00:00;13523
29/09/2019;A;22:00:00;1079
30/09/2019;A;22:00:00;10850
1/10/2019;A;22:00:00;11494
2/10/2019;A;22:00:00;11474
3/10/2019;A;22:00:00;12081
4/10/2019;A;22:00:00;15360
5/10/2019;A;22:00:00;12990
6/10/2019;A;22:00:00;1123
7/10/2019;A;22:00:00;10557
8/10/2019;A;22:00:00;11343
9/10/2019;A;22:00:00;11723
10/10/2019;A;22:00:00;11397
11/10/2019;A;22:00:00;14164
12/10/2019;A;22:00:00;11548
13/10/2019;A;22:00:00;1506
14/10/2019;A;22:00:00;1097
15/10/2019;A;22:00:00;11293
16/10/2019;A;22:00:00;11348
17/10/2019;A;22:00:00;11749
18/10/2019;A;22:00:00;14292
19/10/2019;A;22:00:00;12267
20/10/2019;A;22:00:00;1119
21/10/2019;A;22:00:00;10303
22/10/2019;A;22:00:00;10909
23/10/2019;A;22:00:00;11327
24/10/2019;A;22:00:00;11079
25/10/2019;A;22:00:00;14226
26/10/2019;A;22:00:00;10647
27/10/2019;A;22:00:00;1223
28/10/2019;A;22:00:00;10210
29/10/2019;A;22:00:00;10991
30/10/2019;A;22:00:00;14237
31/10/2019;A;22:00:00;14121
1/11/2019;A;22:00:00;13621
2/11/2019;A;22:00:00;9029
3/11/2019;A;22:00:00;1302
4/11/2019;A;22:00:00;870
5/11/2019;A;22:00:00;11127
6/11/2019;A;22:00:00;11738
7/11/2019;A;22:00:00;11972
8/11/2019;A;22:00:00;13451
9/11/2019;A;22:00:00;13071
10/11/2019;A;22:00:00;3625
11/11/2019;A;22:00:00;4396
12/11/2019;A;22:00:00;10430
13/11/2019;A;22:00:00;11012
14/11/2019;A;22:00:00;11192
15/11/2019;A;22:00:00;14611
16/11/2019;A;22:00:00;12824
17/11/2019;A;22:00:00;1162
18/11/2019;A;22:00:00;10897
19/11/2019;A;22:00:00;11241
20/11/2019;A;22:00:00;7133
21/11/2019;A;22:00:00;7047
22/11/2019;A;22:00:00;14546
23/11/2019;A;22:00:00;12592
24/11/2019;A;22:00:00;1323
25/11/2019;A;22:00:00;11696
26/11/2019;A;22:00:00;12520
27/11/2019;A;22:00:00;11694
28/11/2019;A;22:00:00;12790
29/11/2019;A;22:00:00;19807
30/11/2019;A;22:00:00;19260
1/12/2019;A;22:00:00;2802
2/12/2019;A;22:00:00;13559
3/12/2019;A;22:00:00;14344
4/12/2019;A;22:00:00;13180
5/12/2019;A;22:00:00;16095
6/12/2019;A;22:00:00;19080
7/12/2019;A;22:00:00;16421
8/12/2019;A;22:00:00;11269
9/12/2019;A;22:00:00;14516
10/12/2019;A;22:00:00;15529
11/12/2019;A;22:00:00;15903
12/12/2019;A;22:00:00;15815
13/12/2019;A;22:00:00;21628
14/12/2019;A;22:00:00;25379
15/12/2019;A;22:00:00;4416
16/12/2019;A;22:00:00;17246
17/12/2019;A;22:00:00;17914
18/12/2019;A;22:00:00;18782
19/12/2019;A;22:00:00;23994
20/12/2019;A;22:00:00;22916
21/12/2019;A;22:00:00;24770
22/12/2019;A;22:00:00;4627
23/12/2019;A;22:00:00;18700
24/12/2019;A;22:00:00;893
25/12/2019;A;22:00:00;1528
26/12/2019;A;22:00:00;15968
27/12/2019;A;22:00:00;17733
28/12/2019;A;22:00:00;19024
29/12/2019;A;22:00:00;2255
30/12/2019;A;22:00:00;14109
31/12/2019;A;22:00:00;
1/01/2019;B;22:00:00;77
2/01/2019;B;22:00:00;986
3/01/2019;B;22:00:00;996
4/01/2019;B;22:00:00;1185
5/01/2019;B;22:00:00;1267
6/01/2019;B;22:00:00;250
7/01/2019;B;22:00:00;159
8/01/2019;B;22:00:00;939
9/01/2019;B;22:00:00;999
10/01/2019;B;22:00:00;1271
11/01/2019;B;22:00:00;1345
12/01/2019;B;22:00:00;1312
13/01/2019;B;22:00:00;1117
14/01/2019;B;22:00:00;980
15/01/2019;B;22:00:00;1127
16/01/2019;B;22:00:00;1280
17/01/2019;B;22:00:00;1147
18/01/2019;B;22:00:00;1630
19/01/2019;B;22:00:00;1534
20/01/2019;B;22:00:00;181
21/01/2019;B;22:00:00;1076
22/01/2019;B;22:00:00;1230
23/01/2019;B;22:00:00;1211
24/01/2019;B;22:00:00;1283
25/01/2019;B;22:00:00;1681
26/01/2019;B;22:00:00;1659
27/01/2019;B;22:00:00;153
28/01/2019;B;22:00:00;1115
29/01/2019;B;22:00:00;3370
30/01/2019;B;22:00:00;1325
31/01/2019;B;22:00:00;1298
1/02/2019;B;22:00:00;1758
2/02/2019;B;22:00:00;3762
3/02/2019;B;22:00:00;226
4/02/2019;B;22:00:00;1110
5/02/2019;B;22:00:00;1308
6/02/2019;B;22:00:00;1310
7/02/2019;B;22:00:00;1320
8/02/2019;B;22:00:00;1809
9/02/2019;B;22:00:00;3548
10/02/2019;B;22:00:00;176
11/02/2019;B;22:00:00;1292
12/02/2019;B;22:00:00;1479
13/02/2019;B;22:00:00;1309
14/02/2019;B;22:00:00;1735
15/02/2019;B;22:00:00;1800
16/02/2019;B;22:00:00;1647
17/02/2019;B;22:00:00;1551
18/02/2019;B;22:00:00;1053
19/02/2019;B;22:00:00;1143
20/02/2019;B;22:00:00;1239
21/02/2019;B;22:00:00;1385
22/02/2019;B;22:00:00;2255
23/02/2019;B;22:00:00;1440
24/02/2019;B;22:00:00;164
25/02/2019;B;22:00:00;1150
26/02/2019;B;22:00:00;1120
27/02/2019;B;22:00:00;1275
28/02/2019;B;22:00:00;5383
1/03/2019;B;22:00:00;1896
2/03/2019;B;22:00:00;1669
3/03/2019;B;22:00:00;143
4/03/2019;B;22:00:00;1132
5/03/2019;B;22:00:00;1353
6/03/2019;B;22:00:00;1425
7/03/2019;B;22:00:00;1501
8/03/2019;B;22:00:00;1908
9/03/2019;B;22:00:00;1646
10/03/2019;B;22:00:00;154
11/03/2019;B;22:00:00;1089
12/03/2019;B;22:00:00;1247
13/03/2019;B;22:00:00;1422
14/03/2019;B;22:00:00;1480
15/03/2019;B;22:00:00;2143
16/03/2019;B;22:00:00;1709
17/03/2019;B;22:00:00;182
18/03/2019;B;22:00:00;1209
19/03/2019;B;22:00:00;1283
20/03/2019;B;22:00:00;2508
21/03/2019;B;22:00:00;1354
22/03/2019;B;22:00:00;1575
23/03/2019;B;22:00:00;1630
24/03/2019;B;22:00:00;179
25/03/2019;B;22:00:00;128
26/03/2019;B;22:00:00;1245
27/03/2019;B;22:00:00;1426
28/03/2019;B;22:00:00;1348
29/03/2019;B;22:00:00;2096
30/03/2019;B;22:00:00;5200
31/03/2019;B;22:00:00;181
1/04/2019;B;22:00:00;1139
2/04/2019;B;22:00:00;1371
3/04/2019;B;22:00:00;1362
4/04/2019;B;22:00:00;3728
5/04/2019;B;22:00:00;1678
6/04/2019;B;22:00:00;1516
7/04/2019;B;22:00:00;176
8/04/2019;B;22:00:00;1213
9/04/2019;B;22:00:00;1261
10/04/2019;B;22:00:00;1256
11/04/2019;B;22:00:00;1548
12/04/2019;B;22:00:00;1895
13/04/2019;B;22:00:00;3615
14/04/2019;B;22:00:00;177
15/04/2019;B;22:00:00;1117
16/04/2019;B;22:00:00;1261
17/04/2019;B;22:00:00;1328
18/04/2019;B;22:00:00;1127
19/04/2019;B;22:00:00;112
20/04/2019;B;22:00:00;968
21/04/2019;B;22:00:00;122
22/04/2019;B;22:00:00;1151
23/04/2019;B;22:00:00;1464
24/04/2019;B;22:00:00;4478
25/04/2019;B;22:00:00;3793
26/04/2019;B;22:00:00;1706
27/04/2019;B;22:00:00;2065
28/04/2019;B;22:00:00;190
29/04/2019;B;22:00:00;1244
30/04/2019;B;22:00:00;1757
1/05/2019;B;22:00:00;1084
2/05/2019;B;22:00:00;1534
3/05/2019;B;22:00:00;1958
4/05/2019;B;22:00:00;1680
5/05/2019;B;22:00:00;215
6/05/2019;B;22:00:00;1182
7/05/2019;B;22:00:00;1319
8/05/2019;B;22:00:00;1377
9/05/2019;B;22:00:00;1270
10/05/2019;B;22:00:00;1818
11/05/2019;B;22:00:00;1489
12/05/2019;B;22:00:00;174
13/05/2019;B;22:00:00;1094
14/05/2019;B;22:00:00;1316
15/05/2019;B;22:00:00;1379
16/05/2019;B;22:00:00;4076
17/05/2019;B;22:00:00;1877
18/05/2019;B;22:00:00;1652
19/05/2019;B;22:00:00;191
20/05/2019;B;22:00:00;1199
21/05/2019;B;22:00:00;1203
22/05/2019;B;22:00:00;1184
23/05/2019;B;22:00:00;1319
24/05/2019;B;22:00:00;2070
25/05/2019;B;22:00:00;1517
26/05/2019;B;22:00:00;159
27/05/2019;B;22:00:00;1184
28/05/2019;B;22:00:00;1272
29/05/2019;B;22:00:00;2089
30/05/2019;B;22:00:00;1460
31/05/2019;B;22:00:00;1860
1/06/2019;B;22:00:00;1528
2/06/2019;B;22:00:00;235
3/06/2019;B;22:00:00;155
4/06/2019;B;22:00:00;1290
5/06/2019;B;22:00:00;1291
6/06/2019;B;22:00:00;1354
7/06/2019;B;22:00:00;1659
8/06/2019;B;22:00:00;1603
9/06/2019;B;22:00:00;199
10/06/2019;B;22:00:00;1143
11/06/2019;B;22:00:00;1278
12/06/2019;B;22:00:00;1802
13/06/2019;B;22:00:00;1298
14/06/2019;B;22:00:00;1529
15/06/2019;B;22:00:00;1522
16/06/2019;B;22:00:00;150
17/06/2019;B;22:00:00;1183
18/06/2019;B;22:00:00;1303
19/06/2019;B;22:00:00;1343
20/06/2019;B;22:00:00;1424
21/06/2019;B;22:00:00;1836
22/06/2019;B;22:00:00;1417
23/06/2019;B;22:00:00;221
24/06/2019;B;22:00:00;130
25/06/2019;B;22:00:00;1217
26/06/2019;B;22:00:00;1443
27/06/2019;B;22:00:00;1592
28/06/2019;B;22:00:00;2072
29/06/2019;B;22:00:00;1549
30/06/2019;B;22:00:00;254
1/07/2019;B;22:00:00;129
2/07/2019;B;22:00:00;1182
3/07/2019;B;22:00:00;1392
4/07/2019;B;22:00:00;1357
5/07/2019;B;22:00:00;1730
6/07/2019;B;22:00:00;1989
7/07/2019;B;22:00:00;188
8/07/2019;B;22:00:00;1005
9/07/2019;B;22:00:00;1289
10/07/2019;B;22:00:00;1396
11/07/2019;B;22:00:00;1435
12/07/2019;B;22:00:00;1665
13/07/2019;B;22:00:00;1768
14/07/2019;B;22:00:00;315
15/07/2019;B;22:00:00;1183
16/07/2019;B;22:00:00;1288
17/07/2019;B;22:00:00;1516
18/07/2019;B;22:00:00;1542
19/07/2019;B;22:00:00;1839
20/07/2019;B;22:00:00;481
21/07/2019;B;22:00:00;2130
22/07/2019;B;22:00:00;1186
23/07/2019;B;22:00:00;1288
24/07/2019;B;22:00:00;2104
25/07/2019;B;22:00:00;1453
26/07/2019;B;22:00:00;1798
27/07/2019;B;22:00:00;1602
28/07/2019;B;22:00:00;442
29/07/2019;B;22:00:00;1183
30/07/2019;B;22:00:00;1352
31/07/2019;B;22:00:00;1445
1/08/2019;B;22:00:00;1499
2/08/2019;B;22:00:00;2903
3/08/2019;B;22:00:00;1992
4/08/2019;B;22:00:00;288
5/08/2019;B;22:00:00;1388
6/08/2019;B;22:00:00;4543
7/08/2019;B;22:00:00;2076
8/08/2019;B;22:00:00;1548
9/08/2019;B;22:00:00;2007
10/08/2019;B;22:00:00;4561
11/08/2019;B;22:00:00;218
12/08/2019;B;22:00:00;1241
13/08/2019;B;22:00:00;1426
14/08/2019;B;22:00:00;1513
15/08/2019;B;22:00:00;1578
16/08/2019;B;22:00:00;1872
17/08/2019;B;22:00:00;1582
18/08/2019;B;22:00:00;280
19/08/2019;B;22:00:00;181
20/08/2019;B;22:00:00;1323
21/08/2019;B;22:00:00;1539
22/08/2019;B;22:00:00;1612
23/08/2019;B;22:00:00;2188
24/08/2019;B;22:00:00;1611
25/08/2019;B;22:00:00;205
26/08/2019;B;22:00:00;1276
27/08/2019;B;22:00:00;1344
28/08/2019;B;22:00:00;1501
29/08/2019;B;22:00:00;1659
30/08/2019;B;22:00:00;2107
31/08/2019;B;22:00:00;4871
1/09/2019;B;22:00:00;4082
2/09/2019;B;22:00:00;1383
3/09/2019;B;22:00:00;1461
4/09/2019;B;22:00:00;1214
5/09/2019;B;22:00:00;1468
6/09/2019;B;22:00:00;1963
7/09/2019;B;22:00:00;6340
8/09/2019;B;22:00:00;235
9/09/2019;B;22:00:00;1231
10/09/2019;B;22:00:00;1455
11/09/2019;B;22:00:00;2873
12/09/2019;B;22:00:00;1491
13/09/2019;B;22:00:00;1917
14/09/2019;B;22:00:00;4187
15/09/2019;B;22:00:00;204
16/09/2019;B;22:00:00;1285
17/09/2019;B;22:00:00;1362
18/09/2019;B;22:00:00;1324
19/09/2019;B;22:00:00;1493
20/09/2019;B;22:00:00;1998
21/09/2019;B;22:00:00;1851
22/09/2019;B;22:00:00;178
23/09/2019;B;22:00:00;1267
24/09/2019;B;22:00:00;1328
25/09/2019;B;22:00:00;1332
26/09/2019;B;22:00:00;1620
27/09/2019;B;22:00:00;2056
28/09/2019;B;22:00:00;1765
29/09/2019;B;22:00:00;1106
30/09/2019;B;22:00:00;5786
1/10/2019;B;22:00:00;2821
2/10/2019;B;22:00:00;1421
3/10/2019;B;22:00:00;1485
4/10/2019;B;22:00:00;2161
5/10/2019;B;22:00:00;1683
6/10/2019;B;22:00:00;217
7/10/2019;B;22:00:00;1324
8/10/2019;B;22:00:00;1329
9/10/2019;B;22:00:00;1833
10/10/2019;B;22:00:00;3385
11/10/2019;B;22:00:00;2465
12/10/2019;B;22:00:00;2170
13/10/2019;B;22:00:00;223
14/10/2019;B;22:00:00;130
15/10/2019;B;22:00:00;1386
16/10/2019;B;22:00:00;2634
17/10/2019;B;22:00:00;1591
18/10/2019;B;22:00:00;2792
19/10/2019;B;22:00:00;2402
20/10/2019;B;22:00:00;736
21/10/2019;B;22:00:00;1268
22/10/2019;B;22:00:00;1495
23/10/2019;B;22:00:00;1574
24/10/2019;B;22:00:00;1561
25/10/2019;B;22:00:00;2448
26/10/2019;B;22:00:00;2050
27/10/2019;B;22:00:00;216
28/10/2019;B;22:00:00;1288
29/10/2019;B;22:00:00;2640
30/10/2019;B;22:00:00;1820
31/10/2019;B;22:00:00;1831
1/11/2019;B;22:00:00;1733
2/11/2019;B;22:00:00;1589
3/11/2019;B;22:00:00;192
4/11/2019;B;22:00:00;157
5/11/2019;B;22:00:00;1388
6/11/2019;B;22:00:00;5462
7/11/2019;B;22:00:00;1535
8/11/2019;B;22:00:00;1660
9/11/2019;B;22:00:00;2734
10/11/2019;B;22:00:00;191
11/11/2019;B;22:00:00;176
12/11/2019;B;22:00:00;1209
13/11/2019;B;22:00:00;1319
14/11/2019;B;22:00:00;1450
15/11/2019;B;22:00:00;2026
16/11/2019;B;22:00:00;1736
17/11/2019;B;22:00:00;315
18/11/2019;B;22:00:00;1274
19/11/2019;B;22:00:00;1353
20/11/2019;B;22:00:00;1110
21/11/2019;B;22:00:00;748
22/11/2019;B;22:00:00;1693
23/11/2019;B;22:00:00;1787
24/11/2019;B;22:00:00;225
25/11/2019;B;22:00:00;1368
26/11/2019;B;22:00:00;1397
27/11/2019;B;22:00:00;1475
28/11/2019;B;22:00:00;1529
29/11/2019;B;22:00:00;1896
30/11/2019;B;22:00:00;2331
1/12/2019;B;22:00:00;281
2/12/2019;B;22:00:00;1358
3/12/2019;B;22:00:00;1453
4/12/2019;B;22:00:00;1472
5/12/2019;B;22:00:00;1657
6/12/2019;B;22:00:00;2136
7/12/2019;B;22:00:00;1706
8/12/2019;B;22:00:00;1025
9/12/2019;B;22:00:00;1268
10/12/2019;B;22:00:00;1452
11/12/2019;B;22:00:00;1496
12/12/2019;B;22:00:00;1667
13/12/2019;B;22:00:00;2136
14/12/2019;B;22:00:00;2338
15/12/2019;B;22:00:00;431
16/12/2019;B;22:00:00;1437
17/12/2019;B;22:00:00;1599
18/12/2019;B;22:00:00;1647
19/12/2019;B;22:00:00;1798
20/12/2019;B;22:00:00;2072
21/12/2019;B;22:00:00;2103
22/12/2019;B;22:00:00;308
23/12/2019;B;22:00:00;1575
24/12/2019;B;22:00:00;70
25/12/2019;B;22:00:00;82
26/12/2019;B;22:00:00;1305
27/12/2019;B;22:00:00;1614
28/12/2019;B;22:00:00;1628
29/12/2019;B;22:00:00;201
30/12/2019;B;22:00:00;1369
31/12/2019;B;22:00:00;
1/01/2020;A;22:00:00;1177
1/01/2020;B;22:00:00;39
2/01/2020;A;22:00:00;13578
2/01/2020;B;22:00:00;959
3/01/2020;A;22:00:00;15187
3/01/2020;B;22:00:00;1272
4/01/2020;A;22:00:00;16383
4/01/2020;B;22:00:00;1268
5/01/2020;A;22:00:00;2341
5/01/2020;B;22:00:00;200
6/01/2020;A;22:00:00;1237
6/01/2020;B;22:00:00;163
7/01/2020;A;22:00:00;10106
7/01/2020;B;22:00:00;1060
8/01/2020;A;22:00:00;10113
8/01/2020;B;22:00:00;1106
9/01/2020;A;22:00:00;10006
9/01/2020;B;22:00:00;1085
10/01/2020;A;22:00:00;12004
10/01/2020;B;22:00:00;1611
11/01/2020;A;22:00:00;11482
11/01/2020;B;22:00:00;1322
12/01/2020;A;22:00:00;974
12/01/2020;B;22:00:00;143
13/01/2020;A;22:00:00;9588
13/01/2020;B;22:00:00;1028
14/01/2020;A;22:00:00;10116
14/01/2020;B;22:00:00;1212
15/01/2020;A;22:00:00;10768
15/01/2020;B;22:00:00;1260
16/01/2020;A;22:00:00;10689
16/01/2020;B;22:00:00;1289
17/01/2020;A;22:00:00;12904
17/01/2020;B;22:00:00;1537
18/01/2020;A;22:00:00;11773
18/01/2020;B;22:00:00;1465
19/01/2020;A;22:00:00;1066
19/01/2020;B;22:00:00;148
20/01/2020;A;22:00:00;9766
20/01/2020;B;22:00:00;1123
21/01/2020;A;22:00:00;9783
21/01/2020;B;22:00:00;1023
22/01/2020;A;22:00:00;10381
22/01/2020;B;22:00:00;1269
23/01/2020;A;22:00:00;10352
23/01/2020;B;22:00:00;1155
24/01/2020;A;22:00:00;12371
24/01/2020;B;22:00:00;1602
25/01/2020;A;22:00:00;11633
25/01/2020;B;22:00:00;1600
26/01/2020;A;22:00:00;886
26/01/2020;B;22:00:00;183
27/01/2020;A;22:00:00;9715
27/01/2020;B;22:00:00;1149
28/01/2020;A;22:00:00;9693
28/01/2020;B;22:00:00;1195
29/01/2020;A;22:00:00;10445
29/01/2020;B;22:00:00;1187
30/01/2020;A;22:00:00;11337
30/01/2020;B;22:00:00;1457
31/01/2020;A;22:00:00;14186
31/01/2020;B;22:00:00;1846
1/02/2020;A;22:00:00;12677
1/02/2020;B;22:00:00;5339
2/02/2020;A;22:00:00;1043
2/02/2020;B;22:00:00;147
3/02/2020;A;22:00:00;10311
3/02/2020;B;22:00:00;1196
4/02/2020;A;22:00:00;10476
4/02/2020;B;22:00:00;1867
5/02/2020;A;22:00:00;10875
5/02/2020;B;22:00:00;2620
6/02/2020;A;22:00:00;11142
6/02/2020;B;22:00:00;1494
7/02/2020;A;22:00:00;12994
7/02/2020;B;22:00:00;1822
8/02/2020;A;22:00:00;11792
8/02/2020;B;22:00:00;1923
9/02/2020;A;22:00:00;983
9/02/2020;B;22:00:00;157
10/02/2020;A;22:00:00;10272
10/02/2020;B;22:00:00;1195
11/02/2020;A;22:00:00;10653
11/02/2020;B;22:00:00;1375
12/02/2020;A;22:00:00;10449
12/02/2020;B;22:00:00;1336
13/02/2020;A;22:00:00;11132
13/02/2020;B;22:00:00;1388
14/02/2020;A;22:00:00;13925
14/02/2020;B;22:00:00;1897
15/02/2020;A;22:00:00;12740
15/02/2020;B;22:00:00;5470
16/02/2020;A;22:00:00;893
16/02/2020;B;22:00:00;128
17/02/2020;A;22:00:00;20378
17/02/2020;B;22:00:00;2490
18/02/2020;A;22:00:00;21110
18/02/2020;B;22:00:00;2998
19/02/2020;A;22:00:00;10578
19/02/2020;B;22:00:00;1290
20/02/2020;A;22:00:00;10453
20/02/2020;B;22:00:00;1250
21/02/2020;A;22:00:00;12684
21/02/2020;B;22:00:00;1599
22/02/2020;A;22:00:00;10527
22/02/2020;B;22:00:00;1546
23/02/2020;A;22:00:00;900
23/02/2020;B;22:00:00;134
24/02/2020;A;22:00:00;9360
24/02/2020;B;22:00:00;1073
25/02/2020;A;22:00:00;10339
25/02/2020;B;22:00:00;1263
26/02/2020;A;22:00:00;10507
26/02/2020;B;22:00:00;1293
27/02/2020;A;22:00:00;11294
27/02/2020;B;22:00:00;1474
28/02/2020;A;22:00:00;15378
28/02/2020;B;22:00:00;1908
29/02/2020;A;22:00:00;12910
29/02/2020;B;22:00:00;1795
1/03/2020;A;22:00:00;1056
1/03/2020;B;22:00:00;114
2/03/2020;A;22:00:00;10570
2/03/2020;B;22:00:00;1374
3/03/2020;A;22:00:00;10990
3/03/2020;B;22:00:00;1827
4/03/2020;A;22:00:00;11443
4/03/2020;B;22:00:00;1441
5/03/2020;A;22:00:00;11836
5/03/2020;B;22:00:00;1551
6/03/2020;A;22:00:00;14281
6/03/2020;B;22:00:00;1951
7/03/2020;A;22:00:00;11992
7/03/2020;B;22:00:00;1795
8/03/2020;A;22:00:00;1128
8/03/2020;B;22:00:00;172
9/03/2020;A;22:00:00;9576
9/03/2020;B;22:00:00;1093
10/03/2020;A;22:00:00;10223
10/03/2020;B;22:00:00;1194
11/03/2020;A;22:00:00;12225
11/03/2020;B;22:00:00;1559
12/03/2020;A;22:00:00;12101
12/03/2020;B;22:00:00;1530
13/03/2020;A;22:00:00;15172
13/03/2020;B;22:00:00;1887
14/03/2020;A;22:00:00;11072
14/03/2020;B;22:00:00;1423
15/03/2020;A;22:00:00;816
15/03/2020;B;22:00:00;124
16/03/2020;A;22:00:00;8176
16/03/2020;B;22:00:00;811
17/03/2020;A;22:00:00;6762
17/03/2020;B;22:00:00;675
18/03/2020;A;22:00:00;6158
18/03/2020;B;22:00:00;615
19/03/2020;A;22:00:00;5712
19/03/2020;B;22:00:00;513
20/03/2020;A;22:00:00;1683
20/03/2020;B;22:00:00;87
21/03/2020;A;22:00:00;649
21/03/2020;B;22:00:00;51
22/03/2020;A;22:00:00;39
22/03/2020;B;22:00:00;8
23/03/2020;A;22:00:00;56
23/03/2020;B;22:00:00;5
24/03/2020;A;22:00:00;482
24/03/2020;B;22:00:00;43
25/03/2020;A;22:00:00;230
25/03/2020;B;22:00:00;26
26/03/2020;A;22:00:00;224
26/03/2020;B;22:00:00;32
27/03/2020;A;22:00:00;201
27/03/2020;B;22:00:00;37
28/03/2020;A;22:00:00;164
28/03/2020;B;22:00:00;20
29/03/2020;A;22:00:00;25
29/03/2020;B;22:00:00;8
30/03/2020;A;22:00:00;240
30/03/2020;B;22:00:00;33
31/03/2020;A;22:00:00;246
31/03/2020;B;22:00:00;28
1/04/2020;A;22:00:00;217
1/04/2020;B;22:00:00;21
2/04/2020;A;22:00:00;207
2/04/2020;B;22:00:00;24
3/04/2020;A;22:00:00;183
3/04/2020;B;22:00:00;29
4/04/2020;A;22:00:00;139
4/04/2020;B;22:00:00;32
5/04/2020;A;22:00:00;16
5/04/2020;B;22:00:00;3
6/04/2020;A;22:00:00;191
6/04/2020;B;22:00:00;20
7/04/2020;A;22:00:00;178
7/04/2020;B;22:00:00;23
8/04/2020;A;22:00:00;168
8/04/2020;B;22:00:00;25
9/04/2020;A;22:00:00;31
9/04/2020;B;22:00:00;12
10/04/2020;A;22:00:00;25
10/04/2020;B;22:00:00;9
11/04/2020;A;22:00:00;103
11/04/2020;B;22:00:00;22
12/04/2020;A;22:00:00;17
12/04/2020;B;22:00:00;6
13/04/2020;A;22:00:00;189
13/04/2020;B;22:00:00;32
14/04/2020;A;22:00:00;188
14/04/2020;B;22:00:00;15
15/04/2020;A;22:00:00;180
15/04/2020;B;22:00:00;26
16/04/2020;A;22:00:00;215
16/04/2020;B;22:00:00;19
17/04/2020;A;22:00:00;222
17/04/2020;B;22:00:00;25
18/04/2020;A;22:00:00;167
18/04/2020;B;22:00:00;23
19/04/2020;A;22:00:00;31
19/04/2020;B;22:00:00;9
20/04/2020;A;22:00:00;216
20/04/2020;B;22:00:00;14
21/04/2020;A;22:00:00;199
21/04/2020;B;22:00:00;22
22/04/2020;A;22:00:00;212
22/04/2020;B;22:00:00;13
23/04/2020;A;22:00:00;240
23/04/2020;B;22:00:00;20
24/04/2020;A;22:00:00;259
24/04/2020;B;22:00:00;42
25/04/2020;A;22:00:00;213
25/04/2020;B;22:00:00;23
26/04/2020;A;22:00:00;28
26/04/2020;B;22:00:00;7
27/04/2020;A;22:00:00;438
27/04/2020;B;22:00:00;48
28/04/2020;A;22:00:00;354
28/04/2020;B;22:00:00;34
29/04/2020;A;22:00:00;306
29/04/2020;B;22:00:00;35
30/04/2020;A;22:00:00;337
30/04/2020;B;22:00:00;31
1/05/2020;A;22:00:00;93
1/05/2020;B;22:00:00;17
2/05/2020;A;22:00:00;255
2/05/2020;B;22:00:00;31
3/05/2020;A;22:00:00;42
3/05/2020;B;22:00:00;8
4/05/2020;A;22:00:00;398
4/05/2020;B;22:00:00;41
5/05/2020;A;22:00:00;376
5/05/2020;B;22:00:00;32
6/05/2020;A;22:00:00;381
6/05/2020;B;22:00:00;32
7/05/2020;A;22:00:00;367
7/05/2020;B;22:00:00;44
8/05/2020;A;22:00:00;388
8/05/2020;B;22:00:00;56
9/05/2020;A;22:00:00;57
9/05/2020;B;22:00:00;6
10/05/2020;A;22:00:00;17
10/05/2020;B;22:00:00;1
11/05/2020;A;22:00:00;453
11/05/2020;B;22:00:00;34
12/05/2020;A;22:00:00;408
12/05/2020;B;22:00:00;52
13/05/2020;A;22:00:00;383
13/05/2020;B;22:00:00;47
14/05/2020;A;22:00:00;386
14/05/2020;B;22:00:00;55
15/05/2020;A;22:00:00;480
15/05/2020;B;22:00:00;62
16/05/2020;A;22:00:00;349
16/05/2020;B;22:00:00;49
17/05/2020;A;22:00:00;49
17/05/2020;B;22:00:00;10
18/05/2020;A;22:00:00;458
18/05/2020;B;22:00:00;65
19/05/2020;A;22:00:00;467
19/05/2020;B;22:00:00;50
20/05/2020;A;22:00:00;513
20/05/2020;B;22:00:00;65
21/05/2020;A;22:00:00;500
21/05/2020;B;22:00:00;64
22/05/2020;A;22:00:00;556
22/05/2020;B;22:00:00;79
23/05/2020;A;22:00:00;390
23/05/2020;B;22:00:00;61
24/05/2020;A;22:00:00;66
24/05/2020;B;22:00:00;19
25/05/2020;A;22:00:00;66
25/05/2020;B;22:00:00;12
26/05/2020;A;22:00:00;567
26/05/2020;B;22:00:00;47
27/05/2020;A;22:00:00;548
27/05/2020;B;22:00:00;62
28/05/2020;A;22:00:00;561
28/05/2020;B;22:00:00;65
29/05/2020;A;22:00:00;561
29/05/2020;B;22:00:00;101
30/05/2020;A;22:00:00;458
30/05/2020;B;22:00:00;73
31/05/2020;A;22:00:00;59
31/05/2020;B;22:00:00;17
1/06/2020;A;22:00:00;723
1/06/2020;B;22:00:00;80
2/06/2020;A;22:00:00;644
2/06/2020;B;22:00:00;94
3/06/2020;A;22:00:00;663
3/06/2020;B;22:00:00;106
4/06/2020;A;22:00:00;667
4/06/2020;B;22:00:00;96
5/06/2020;A;22:00:00;741
5/06/2020;B;22:00:00;142
6/06/2020;A;22:00:00;615
6/06/2020;B;22:00:00;99
7/06/2020;A;22:00:00;62
7/06/2020;B;22:00:00;29
8/06/2020;A;22:00:00;693
8/06/2020;B;22:00:00;119
9/06/2020;A;22:00:00;677
9/06/2020;B;22:00:00;98
10/06/2020;A;22:00:00;643
10/06/2020;B;22:00:00;123
11/06/2020;A;22:00:00;637
11/06/2020;B;22:00:00;128
12/06/2020;A;22:00:00;893
12/06/2020;B;22:00:00;167
14/06/2020;A;22:00:00;155
14/06/2020;B;22:00:00;23
15/06/2020;A;22:00:00;114
15/06/2020;B;22:00:00;26
16/06/2020;A;22:00:00;916
16/06/2020;B;22:00:00;118
17/06/2020;A;22:00:00;908
17/06/2020;B;22:00:00;161
18/06/2020;A;22:00:00;891
18/06/2020;B;22:00:00;136
19/06/2020;A;22:00:00;2300
19/06/2020;B;22:00:00;290
20/06/2020;A;22:00:00;920
20/06/2020;B;22:00:00;161
21/06/2020;A;22:00:00;155
21/06/2020;B;22:00:00;40
22/06/2020;A;22:00:00;168
22/06/2020;B;22:00:00;24
23/06/2020;A;22:00:00;974
23/06/2020;B;22:00:00;138
24/06/2020;A;22:00:00;1034
24/06/2020;B;22:00:00;137
25/06/2020;A;22:00:00;929
25/06/2020;B;22:00:00;167
26/06/2020;A;22:00:00;1115
26/06/2020;B;22:00:00;213
27/06/2020;A;22:00:00;961
27/06/2020;B;22:00:00;184
28/06/2020;A;22:00:00;170
28/06/2020;B;22:00:00;39
29/06/2020;A;22:00:00;165
29/06/2020;B;22:00:00;22
30/06/2020;A;22:00:00;1084
30/06/2020;B;22:00:00;164
1/07/2020;A;22:00:00;1035
1/07/2020;B;22:00:00;128
2/07/2020;A;22:00:00;1207
2/07/2020;B;22:00:00;164
3/07/2020;A;22:00:00;1705
3/07/2020;B;22:00:00;227
4/07/2020;A;22:00:00;1028
4/07/2020;B;22:00:00;147
5/07/2020;A;22:00:00;185
5/07/2020;B;22:00:00;41
6/07/2020;A;22:00:00;1079
6/07/2020;B;22:00:00;144
7/07/2020;A;22:00:00;1028
7/07/2020;B;22:00:00;134
8/07/2020;A;22:00:00;1040
8/07/2020;B;22:00:00;147
9/07/2020;A;22:00:00;1048
9/07/2020;B;22:00:00;192
10/07/2020;A;22:00:00;1126
10/07/2020;B;22:00:00;200
11/07/2020;A;22:00:00;904
11/07/2020;B;22:00:00;186
12/07/2020;A;22:00:00;178
12/07/2020;B;22:00:00;34
13/07/2020;A;22:00:00;937
13/07/2020;B;22:00:00;135
14/07/2020;A;22:00:00;982
14/07/2020;B;22:00:00;158
15/07/2020;A;22:00:00;990
15/07/2020;B;22:00:00;171
16/07/2020;A;22:00:00;1203
16/07/2020;B;22:00:00;205
17/07/2020;A;22:00:00;373
17/07/2020;B;22:00:00;50
18/07/2020;A;22:00:00;233
18/07/2020;B;22:00:00;46
19/07/2020;A;22:00:00;64
19/07/2020;B;22:00:00;14
20/07/2020;A;22:00:00;83
20/07/2020;B;22:00:00;16
21/07/2020;A;22:00:00;1044
21/07/2020;B;22:00:00;181
22/07/2020;A;22:00:00;1035
22/07/2020;B;22:00:00;175
23/07/2020;A;22:00:00;1182
23/07/2020;B;22:00:00;196
24/07/2020;A;22:00:00;471
24/07/2020;B;22:00:00;79
25/07/2020;A;22:00:00;335
25/07/2020;B;22:00:00;46
26/07/2020;A;22:00:00;84
26/07/2020;B;22:00:00;15
27/07/2020;A;22:00:00;1011
27/07/2020;B;22:00:00;151
28/07/2020;A;22:00:00;989
28/07/2020;B;22:00:00;161
29/07/2020;A;22:00:00;1024
29/07/2020;B;22:00:00;178
30/07/2020;A;22:00:00;1170
30/07/2020;B;22:00:00;199
31/07/2020;A;22:00:00;524
31/07/2020;B;22:00:00;72
1/08/2020;A;22:00:00;344
1/08/2020;B;22:00:00;54
2/08/2020;A;22:00:00;128
2/08/2020;B;22:00:00;15
3/08/2020;A;22:00:00;1007
3/08/2020;B;22:00:00;189
4/08/2020;A;22:00:00;972
4/08/2020;B;22:00:00;190
5/08/2020;A;22:00:00;1071
5/08/2020;B;22:00:00;221
6/08/2020;A;22:00:00;1329
6/08/2020;B;22:00:00;234
7/08/2020;A;22:00:00;150
7/08/2020;B;22:00:00;32
9/08/2020;A;22:00:00;101
9/08/2020;B;22:00:00;16
10/08/2020;A;22:00:00;1088
10/08/2020;B;22:00:00;156
11/08/2020;A;22:00:00;1014
11/08/2020;B;22:00:00;167
12/08/2020;A;22:00:00;1110
12/08/2020;B;22:00:00;176
13/08/2020;A;22:00:00;978
13/08/2020;B;22:00:00;174
14/08/2020;A;22:00:00;1293
14/08/2020;B;22:00:00;226
15/08/2020;A;22:00:00;464
15/08/2020;B;22:00:00;73
16/08/2020;A;22:00:00;102
16/08/2020;B;22:00:00;18
17/08/2020;A;22:00:00;124
17/08/2020;B;22:00:00;17
18/08/2020;A;22:00:00;1104
18/08/2020;B;22:00:00;182
19/08/2020;A;22:00:00;920
19/08/2020;B;22:00:00;156
20/08/2020;A;22:00:00;2162
20/08/2020;B;22:00:00;388
21/08/2020;A;22:00:00;893
21/08/2020;B;22:00:00;157
22/08/2020;A;22:00:00;725
22/08/2020;B;22:00:00;123
23/08/2020;A;22:00:00;136
23/08/2020;B;22:00:00;18
24/08/2020;A;22:00:00;1060
24/08/2020;B;22:00:00;166
25/08/2020;A;22:00:00;1030
25/08/2020;B;22:00:00;169
26/08/2020;A;22:00:00;1031
26/08/2020;B;22:00:00;173
27/08/2020;A;22:00:00;1144
27/08/2020;B;22:00:00;215
28/08/2020;A;22:00:00;1118
28/08/2020;B;22:00:00;200
29/08/2020;A;22:00:00;819
29/08/2020;B;22:00:00;153
30/08/2020;A;22:00:00;178
30/08/2020;B;22:00:00;33
31/08/2020;A;22:00:00;1496
31/08/2020;B;22:00:00;250
1/09/2020;A;22:00:00;1611
1/09/2020;B;22:00:00;325
2/09/2020;A;22:00:00;1643
2/09/2020;B;22:00:00;315
3/09/2020;A;22:00:00;1590
3/09/2020;B;22:00:00;298
4/09/2020;A;22:00:00;2024
4/09/2020;B;22:00:00;338
5/09/2020;A;22:00:00;1948
5/09/2020;B;22:00:00;290
6/09/2020;A;22:00:00;389
6/09/2020;B;22:00:00;62
7/09/2020;A;22:00:00;1727
7/09/2020;B;22:00:00;259
8/09/2020;A;22:00:00;1728
8/09/2020;B;22:00:00;320
9/09/2020;A;22:00:00;1728
9/09/2020;B;22:00:00;325
10/09/2020;A;22:00:00;1843
10/09/2020;B;22:00:00;312
11/09/2020;A;22:00:00;1822
11/09/2020;B;22:00:00;342
12/09/2020;A;22:00:00;1851
12/09/2020;B;22:00:00;382
13/09/2020;A;22:00:00;364
13/09/2020;B;22:00:00;68
14/09/2020;A;22:00:00;1688
14/09/2020;B;22:00:00;301
15/09/2020;A;22:00:00;1856
15/09/2020;B;22:00:00;321
16/09/2020;A;22:00:00;1942
16/09/2020;B;22:00:00;394
17/09/2020;A;22:00:00;1916
17/09/2020;B;22:00:00;366
18/09/2020;A;22:00:00;2302
18/09/2020;B;22:00:00;403
19/09/2020;A;22:00:00;1994
19/09/2020;B;22:00:00;355
20/09/2020;A;22:00:00;373
20/09/2020;B;22:00:00;66
21/09/2020;A;22:00:00;2330
21/09/2020;B;22:00:00;376
22/09/2020;A;22:00:00;2711
22/09/2020;B;22:00:00;491
23/09/2020;A;22:00:00;2750
23/09/2020;B;22:00:00;473
24/09/2020;A;22:00:00;2935
24/09/2020;B;22:00:00;494
25/09/2020;A;22:00:00;3594
25/09/2020;B;22:00:00;625
26/09/2020;A;22:00:00;3399
26/09/2020;B;22:00:00;507
27/09/2020;A;22:00:00;481
27/09/2020;B;22:00:00;69
28/09/2020;A;22:00:00;3004
28/09/2020;B;22:00:00;451
29/09/2020;A;22:00:00;3051
29/09/2020;B;22:00:00;435
30/09/2020;A;22:00:00;3723
30/09/2020;B;22:00:00;580
1/10/2020;A;22:00:00;3568
1/10/2020;B;22:00:00;546
2/10/2020;A;22:00:00;4457
2/10/2020;B;22:00:00;682
3/10/2020;A;22:00:00;4248
3/10/2020;B;22:00:00;616
4/10/2020;A;22:00:00;430
4/10/2020;B;22:00:00;87
5/10/2020;A;22:00:00;3329
5/10/2020;B;22:00:00;433
6/10/2020;A;22:00:00;3580
6/10/2020;B;22:00:00;503
7/10/2020;A;22:00:00;3652
7/10/2020;B;22:00:00;464
8/10/2020;A;22:00:00;3808
8/10/2020;B;22:00:00;524
9/10/2020;A;22:00:00;4672
9/10/2020;B;22:00:00;682
10/10/2020;A;22:00:00;4448
10/10/2020;B;22:00:00;630
11/10/2020;A;22:00:00;513
11/10/2020;B;22:00:00;82
12/10/2020;A;22:00:00;462
12/10/2020;B;22:00:00;68
13/10/2020;A;22:00:00;3732
13/10/2020;B;22:00:00;532
14/10/2020;A;22:00:00;3750
14/10/2020;B;22:00:00;543
15/10/2020;A;22:00:00;4258
15/10/2020;B;22:00:00;607
16/10/2020;A;22:00:00;5089
16/10/2020;B;22:00:00;701
17/10/2020;A;22:00:00;4754
17/10/2020;B;22:00:00;639
18/10/2020;A;22:00:00;433
18/10/2020;B;22:00:00;56
19/10/2020;A;22:00:00;3657
19/10/2020;B;22:00:00;500
20/10/2020;A;22:00:00;3791
20/10/2020;B;22:00:00;486
21/10/2020;A;22:00:00;3921
21/10/2020;B;22:00:00;550
22/10/2020;A;22:00:00;4157
22/10/2020;B;22:00:00;610
23/10/2020;A;22:00:00;4748
23/10/2020;B;22:00:00;640
24/10/2020;A;22:00:00;4432
24/10/2020;B;22:00:00;563
25/10/2020;A;22:00:00;489
25/10/2020;B;22:00:00;85
26/10/2020;A;22:00:00;3647
26/10/2020;B;22:00:00;488
27/10/2020;A;22:00:00;3558
27/10/2020;B;22:00:00;490
28/10/2020;A;22:00:00;4025
28/10/2020;B;22:00:00;524
29/10/2020;A;22:00:00;3995
29/10/2020;B;22:00:00;525
30/10/2020;A;22:00:00;1276
30/10/2020;B;22:00:00;191
31/10/2020;A;22:00:00;688
31/10/2020;B;22:00:00;140
1/11/2020;A;22:00:00;273
1/11/2020;B;22:00:00;41
2/11/2020;A;22:00:00;290
2/11/2020;B;22:00:00;50
3/11/2020;A;22:00:00;3787
3/11/2020;B;22:00:00;482
4/11/2020;A;22:00:00;3912
4/11/2020;B;22:00:00;515
5/11/2020;A;22:00:00;4363
5/11/2020;B;22:00:00;598
6/11/2020;A;22:00:00;5248
6/11/2020;B;22:00:00;672
7/11/2020;A;22:00:00;4767
7/11/2020;B;22:00:00;524
8/11/2020;A;22:00:00;550
8/11/2020;B;22:00:00;66
9/11/2020;A;22:00:00;3854
9/11/2020;B;22:00:00;542
10/11/2020;A;22:00:00;4323
10/11/2020;B;22:00:00;552
11/11/2020;A;22:00:00;4227
11/11/2020;B;22:00:00;565
13/11/2020;A;22:00:00;4710
13/11/2020;B;22:00:00;586
14/11/2020;A;22:00:00;5124
14/11/2020;B;22:00:00;621
15/11/2020;A;22:00:00;534
15/11/2020;B;22:00:00;80
16/11/2020;A;22:00:00;485
16/11/2020;B;22:00:00;92
17/11/2020;A;22:00:00;4237
17/11/2020;B;22:00:00;528
18/11/2020;A;22:00:00;4632
18/11/2020;B;22:00:00;608
19/11/2020;A;22:00:00;4873
19/11/2020;B;22:00:00;668
20/11/2020;A;22:00:00;5559
20/11/2020;B;22:00:00;713
21/11/2020;A;22:00:00;6790
21/11/2020;B;22:00:00;791
22/11/2020;A;22:00:00;585
22/11/2020;B;22:00:00;113
23/11/2020;A;22:00:00;4755
23/11/2020;B;22:00:00;520
24/11/2020;A;22:00:00;4780
24/11/2020;B;22:00:00;639
25/11/2020;A;22:00:00;5132
25/11/2020;B;22:00:00;657
26/11/2020;A;22:00:00;5531
26/11/2020;B;22:00:00;680
27/11/2020;A;22:00:00;7324
27/11/2020;B;22:00:00;773
28/11/2020;A;22:00:00;6888
28/11/2020;B;22:00:00;801
29/11/2020;A;22:00:00;706
29/11/2020;B;22:00:00;124
30/11/2020;A;22:00:00;5745
30/11/2020;B;22:00:00;715
1/12/2020;A;22:00:00;5851
1/12/2020;B;22:00:00;738
2/12/2020;A;22:00:00;6218
2/12/2020;B;22:00:00;777
3/12/2020;A;22:00:00;6721
3/12/2020;B;22:00:00;909
4/12/2020;A;22:00:00;7968
4/12/2020;B;22:00:00;995
5/12/2020;A;22:00:00;8517
5/12/2020;B;22:00:00;951
6/12/2020;A;22:00:00;1101
6/12/2020;B;22:00:00;137
7/12/2020;A;22:00:00;5526
7/12/2020;B;22:00:00;755
8/12/2020;A;22:00:00;1113
8/12/2020;B;22:00:00;169
9/12/2020;A;22:00:00;6450
9/12/2020;B;22:00:00;860
10/12/2020;A;22:00:00;6982
10/12/2020;B;22:00:00;968
11/12/2020;A;22:00:00;8178
11/12/2020;B;22:00:00;1091
12/12/2020;A;22:00:00;9280
12/12/2020;B;22:00:00;985
13/12/2020;A;22:00:00;1186
13/12/2020;B;22:00:00;142
14/12/2020;A;22:00:00;6935
14/12/2020;B;22:00:00;740
15/12/2020;A;22:00:00;7972
15/12/2020;B;22:00:00;892
16/12/2020;A;22:00:00;8351
16/12/2020;B;22:00:00;931
17/12/2020;A;22:00:00;8498
17/12/2020;B;22:00:00;1060
18/12/2020;A;22:00:00;10411
18/12/2020;B;22:00:00;1082
19/12/2020;A;22:00:00;11009
19/12/2020;B;22:00:00;1035
20/12/2020;A;22:00:00;1452
20/12/2020;B;22:00:00;165
21/12/2020;A;22:00:00;9204
21/12/2020;B;22:00:00;906
22/12/2020;A;22:00:00;7805
22/12/2020;B;22:00:00;823
23/12/2020;A;22:00:00;8007
23/12/2020;B;22:00:00;918
24/12/2020;A;22:00:00;
24/12/2020;B;22:00:00;
25/12/2020;A;22:00:00;
25/12/2020;B;22:00:00;
26/12/2020;A;22:00:00;4129
26/12/2020;B;22:00:00;589
27/12/2020;A;22:00:00;814
27/12/2020;B;22:00:00;178
28/12/2020;A;22:00:00;5035
28/12/2020;B;22:00:00;701
29/12/2020;A;22:00:00;5561
29/12/2020;B;22:00:00;612
30/12/2020;A;22:00:00;5629
30/12/2020;B;22:00:00;703
31/12/2020;A;22:00:00;87
31/12/2020;B;22:00:00;
1/01/2021;A;22:00:00;
1/01/2021;B;22:00:00;
2/01/2021;A;22:00:00;
2/01/2021;B;22:00:00;
3/01/2021;A;22:00:00;427
3/01/2021;B;22:00:00;60
4/01/2021;A;22:00:00;4458
4/01/2021;B;22:00:00;577
5/01/2021;A;22:00:00;4486
5/01/2021;B;22:00:00;578
6/01/2021;A;22:00:00;2944
6/01/2021;B;22:00:00;273
7/01/2021;A;22:00:00;3396
7/01/2021;B;22:00:00;341
8/01/2021;A;22:00:00;457
8/01/2021;B;22:00:00;59
9/01/2021;A;22:00:00;241
9/01/2021;B;22:00:00;32
10/01/2021;A;22:00:00;58
10/01/2021;B;22:00:00;8
11/01/2021;A;22:00:00;58
11/01/2021;B;22:00:00;13
12/01/2021;A;22:00:00;4750
12/01/2021;B;22:00:00;562
13/01/2021;A;22:00:00;4934
13/01/2021;B;22:00:00;710
14/01/2021;A;22:00:00;3414
14/01/2021;B;22:00:00;385
15/01/2021;A;22:00:00;2601
15/01/2021;B;22:00:00;204
16/01/2021;A;22:00:00;1071
16/01/2021;B;22:00:00;97
17/01/2021;A;22:00:00;88
17/01/2021;B;22:00:00;18
18/01/2021;A;22:00:00;4351
18/01/2021;B;22:00:00;508
19/01/2021;A;22:00:00;4496
19/01/2021;B;22:00:00;627
20/01/2021;A;22:00:00;3881
20/01/2021;B;22:00:00;503
21/01/2021;A;22:00:00;3963
21/01/2021;B;22:00:00;467
22/01/2021;A;22:00:00;4330
22/01/2021;B;22:00:00;586
23/01/2021;A;22:00:00;3520
23/01/2021;B;22:00:00;514
24/01/2021;A;22:00:00;495
24/01/2021;B;22:00:00;70
25/01/2021;A;22:00:00;3831
25/01/2021;B;22:00:00;477
26/01/2021;A;22:00:00;4085
26/01/2021;B;22:00:00;532
27/01/2021;A;22:00:00;4818
27/01/2021;B;22:00:00;689
28/01/2021;A;22:00:00;4850
28/01/2021;B;22:00:00;699
29/01/2021;A;22:00:00;6003
29/01/2021;B;22:00:00;796
30/01/2021;A;22:00:00;5542
30/01/2021;B;22:00:00;791
31/01/2021;A;22:00:00;685
31/01/2021;B;22:00:00;124
1/02/2021;A;22:00:00;4775
1/02/2021;B;22:00:00;605
2/02/2021;A;22:00:00;5138
2/02/2021;B;22:00:00;748
3/02/2021;A;22:00:00;5395
3/02/2021;B;22:00:00;718
4/02/2021;A;22:00:00;5397
4/02/2021;B;22:00:00;794
5/02/2021;A;22:00:00;6500
5/02/2021;B;22:00:00;825
6/02/2021;A;22:00:00;5932
6/02/2021;B;22:00:00;861
7/02/2021;A;22:00:00;720
7/02/2021;B;22:00:00;102
8/02/2021;A;22:00:00;4694
8/02/2021;B;22:00:00;591
9/02/2021;A;22:00:00;4902
9/02/2021;B;22:00:00;697
10/02/2021;A;22:00:00;5352
10/02/2021;B;22:00:00;697
11/02/2021;A;22:00:00;5402
11/02/2021;B;22:00:00;1040
12/02/2021;A;22:00:00;6179
12/02/2021;B;22:00:00;815
13/02/2021;A;22:00:00;5497
13/02/2021;B;22:00:00;695
14/02/2021;A;22:00:00;634
14/02/2021;B;22:00:00;93
15/02/2021;A;22:00:00;5203
15/02/2021;B;22:00:00;698
16/02/2021;A;22:00:00;5389
16/02/2021;B;22:00:00;752
17/02/2021;A;22:00:00;5210
17/02/2021;B;22:00:00;641
18/02/2021;A;22:00:00;5384
18/02/2021;B;22:00:00;728
19/02/2021;A;22:00:00;6348
19/02/2021;B;22:00:00;855
20/02/2021;A;22:00:00;5826
20/02/2021;B;22:00:00;740
21/02/2021;A;22:00:00;657
21/02/2021;B;22:00:00;165
22/02/2021;A;22:00:00;5243
22/02/2021;B;22:00:00;703
23/02/2021;A;22:00:00;5525
23/02/2021;B;22:00:00;771
24/02/2021;A;22:00:00;5690
24/02/2021;B;22:00:00;791
25/02/2021;A;22:00:00;5880
25/02/2021;B;22:00:00;923
26/02/2021;A;22:00:00;6766
26/02/2021;B;22:00:00;929
27/02/2021;A;22:00:00;6789
27/02/2021;B;22:00:00;897
28/02/2021;A;22:00:00;738
28/02/2021;B;22:00:00;103
1/03/2021;A;22:00:00;5148
1/03/2021;B;22:00:00;666
2/03/2021;A;22:00:00;5552
2/03/2021;B;22:00:00;753
3/03/2021;A;22:00:00;5533
3/03/2021;B;22:00:00;823
4/03/2021;A;22:00:00;5643
4/03/2021;B;22:00:00;737
5/03/2021;A;22:00:00;6925
5/03/2021;B;22:00:00;975
6/03/2021;A;22:00:00;6734
6/03/2021;B;22:00:00;920
7/03/2021;A;22:00:00;628
7/03/2021;B;22:00:00;90
8/03/2021;A;22:00:00;5613
8/03/2021;B;22:00:00;738
9/03/2021;A;22:00:00;5441
9/03/2021;B;22:00:00;780
10/03/2021;A;22:00:00;5379
10/03/2021;B;22:00:00;758
11/03/2021;A;22:00:00;5443
11/03/2021;B;22:00:00;748
12/03/2021;A;22:00:00;6730
12/03/2021;B;22:00:00;930
13/03/2021;A;22:00:00;6315
13/03/2021;B;22:00:00;823
14/03/2021;A;22:00:00;645
14/03/2021;B;22:00:00;116
15/03/2021;A;22:00:00;5328
15/03/2021;B;22:00:00;658
16/03/2021;A;22:00:00;5565
16/03/2021;B;22:00:00;744
17/03/2021;A;22:00:00;5809
17/03/2021;B;22:00:00;766
18/03/2021;A;22:00:00;5686
18/03/2021;B;22:00:00;742
19/03/2021;A;22:00:00;7059
19/03/2021;B;22:00:00;1039
20/03/2021;A;22:00:00;6436
20/03/2021;B;22:00:00;815
21/03/2021;A;22:00:00;648
21/03/2021;B;22:00:00;113
22/03/2021;A;22:00:00;352
22/03/2021;B;22:00:00;73
23/03/2021;A;22:00:00;4593
23/03/2021;B;22:00:00;576
24/03/2021;A;22:00:00;4783
24/03/2021;B;22:00:00;762
25/03/2021;A;22:00:00;5029
25/03/2021;B;22:00:00;737
26/03/2021;A;22:00:00;5765
26/03/2021;B;22:00:00;729
27/03/2021;A;22:00:00;5618
27/03/2021;B;22:00:00;901
28/03/2021;A;22:00:00;543
28/03/2021;B;22:00:00;76
29/03/2021;A;22:00:00;4913
29/03/2021;B;22:00:00;671
30/03/2021;A;22:00:00;5533
30/03/2021;B;22:00:00;770
31/03/2021;A;22:00:00;1127
31/03/2021;B;22:00:00;125
1/04/2021;A;22:00:00;57
1/04/2021;B;22:00:00;9
2/04/2021;A;22:00:00;56
2/04/2021;B;22:00:00;10
3/04/2021;A;22:00:00;680
3/04/2021;B;22:00:00;85
4/04/2021;A;22:00:00;86
4/04/2021;B;22:00:00;11
5/04/2021;A;22:00:00;2704
5/04/2021;B;22:00:00;210
6/04/2021;A;22:00:00;2689
6/04/2021;B;22:00:00;223
7/04/2021;A;22:00:00;2569
7/04/2021;B;22:00:00;246
8/04/2021;A;22:00:00;2399
8/04/2021;B;22:00:00;190
9/04/2021;A;22:00:00;1984
9/04/2021;B;22:00:00;159
10/04/2021;A;22:00:00;1485
10/04/2021;B;22:00:00;138
11/04/2021;A;22:00:00;94
11/04/2021;B;22:00:00;16
12/04/2021;A;22:00:00;2801
12/04/2021;B;22:00:00;255
13/04/2021;A;22:00:00;2753
13/04/2021;B;22:00:00;231
14/04/2021;A;22:00:00;2755
14/04/2021;B;22:00:00;264
15/04/2021;A;22:00:00;2813
15/04/2021;B;22:00:00;224
16/04/2021;A;22:00:00;2324
16/04/2021;B;22:00:00;220
17/04/2021;A;22:00:00;1626
17/04/2021;B;22:00:00;149
18/04/2021;A;22:00:00;116
18/04/2021;B;22:00:00;19
19/04/2021;A;22:00:00;2964
19/04/2021;B;22:00:00;279
20/04/2021;A;22:00:00;2910
20/04/2021;B;22:00:00;303
21/04/2021;A;22:00:00;2721
21/04/2021;B;22:00:00;292
22/04/2021;A;22:00:00;2812
22/04/2021;B;22:00:00;310
23/04/2021;A;22:00:00;2406
23/04/2021;B;22:00:00;234
24/04/2021;A;22:00:00;1721
24/04/2021;B;22:00:00;191
25/04/2021;A;22:00:00;136
25/04/2021;B;22:00:00;27
26/04/2021;A;22:00:00;2974
26/04/2021;B;22:00:00;277
27/04/2021;A;22:00:00;2929
27/04/2021;B;22:00:00;327
28/04/2021;A;22:00:00;2129
28/04/2021;B;22:00:00;206
29/04/2021;A;22:00:00;2702
29/04/2021;B;22:00:00;272
30/04/2021;A;22:00:00;1739
30/04/2021;B;22:00:00;220
1/05/2021;A;22:00:00;
1/05/2021;B;22:00:00;
2/05/2021;A;22:00:00;28
2/05/2021;B;22:00:00;6
3/05/2021;A;22:00:00;2597
3/05/2021;B;22:00:00;335
4/05/2021;A;22:00:00;2365
4/05/2021;B;22:00:00;259
5/05/2021;A;22:00:00;
5/05/2021;B;22:00:00;
6/05/2021;A;22:00:00;1644
6/05/2021;B;22:00:00;201
7/05/2021;A;22:00:00;2071
7/05/2021;B;22:00:00;269
8/05/2021;A;22:00:00;1351
8/05/2021;B;22:00:00;155
9/05/2021;A;22:00:00;94
9/05/2021;B;22:00:00;19
10/05/2021;A;22:00:00;3359
10/05/2021;B;22:00:00;456
11/05/2021;A;22:00:00;3504
11/05/2021;B;22:00:00;512
12/05/2021;A;22:00:00;3011
12/05/2021;B;22:00:00;490
13/05/2021;A;22:00:00;3884
13/05/2021;B;22:00:00;530
14/05/2021;A;22:00:00;4625
14/05/2021;B;22:00:00;652
15/05/2021;A;22:00:00;4328
15/05/2021;B;22:00:00;533
16/05/2021;A;22:00:00;532
16/05/2021;B;22:00:00;95
17/05/2021;A;22:00:00;323
17/05/2021;B;22:00:00;77
18/05/2021;A;22:00:00;3493
18/05/2021;B;22:00:00;473
19/05/2021;A;22:00:00;3467
19/05/2021;B;22:00:00;526
20/05/2021;A;22:00:00;4074
20/05/2021;B;22:00:00;603
21/05/2021;A;22:00:00;4899
21/05/2021;B;22:00:00;652
22/05/2021;A;22:00:00;4619
22/05/2021;B;22:00:00;533
23/05/2021;A;22:00:00;521
23/05/2021;B;22:00:00;93
24/05/2021;A;22:00:00;3776
24/05/2021;B;22:00:00;467
25/05/2021;A;22:00:00;4093
25/05/2021;B;22:00:00;552
26/05/2021;A;22:00:00;4085
26/05/2021;B;22:00:00;529
27/05/2021;A;22:00:00;4337
27/05/2021;B;22:00:00;666
28/05/2021;A;22:00:00;4549
28/05/2021;B;22:00:00;431
29/05/2021;A;22:00:00;4816
29/05/2021;B;22:00:00;658
30/05/2021;A;22:00:00;582
30/05/2021;B;22:00:00;71
31/05/2021;A;22:00:00;4502
31/05/2021;B;22:00:00;589
1/06/2021;A;22:00:00;4427
1/06/2021;B;22:00:00;561
2/06/2021;A;22:00:00;4498
2/06/2021;B;22:00:00;610
3/06/2021;A;22:00:00;4475
3/06/2021;B;22:00:00;632
4/06/2021;A;22:00:00;5780
4/06/2021;B;22:00:00;824
5/06/2021;A;22:00:00;5225
5/06/2021;B;22:00:00;720
6/06/2021;A;22:00:00;442
6/06/2021;B;22:00:00;85
7/06/2021;A;22:00:00;398
7/06/2021;B;22:00:00;97
8/06/2021;A;22:00:00;4618
8/06/2021;B;22:00:00;548
9/06/2021;A;22:00:00;4791
9/06/2021;B;22:00:00;699
10/06/2021;A;22:00:00;5069
10/06/2021;B;22:00:00;709
11/06/2021;A;22:00:00;5549
11/06/2021;B;22:00:00;787
12/06/2021;A;22:00:00;5142
12/06/2021;B;22:00:00;646
13/06/2021;A;22:00:00;514
13/06/2021;B;22:00:00;103
14/06/2021;A;22:00:00;371
14/06/2021;B;22:00:00;85
15/06/2021;A;22:00:00;5168
15/06/2021;B;22:00:00;702
16/06/2021;A;22:00:00;5450
16/06/2021;B;22:00:00;703
17/06/2021;A;22:00:00;4695
17/06/2021;B;22:00:00;627
18/06/2021;A;22:00:00;6817
18/06/2021;B;22:00:00;911
19/06/2021;A;22:00:00;6942
19/06/2021;B;22:00:00;806
20/06/2021;A;22:00:00;684
20/06/2021;B;22:00:00;90
21/06/2021;A;22:00:00;4700
21/06/2021;B;22:00:00;583
22/06/2021;A;22:00:00;5070
22/06/2021;B;22:00:00;644
23/06/2021;A;22:00:00;5274
23/06/2021;B;22:00:00;668
24/06/2021;A;22:00:00;5236
24/06/2021;B;22:00:00;693
25/06/2021;A;22:00:00;5853
25/06/2021;B;22:00:00;752
26/06/2021;A;22:00:00;5557
26/06/2021;B;22:00:00;798
27/06/2021;A;22:00:00;788
27/06/2021;B;22:00:00;127
28/06/2021;A;22:00:00;4712
28/06/2021;B;22:00:00;673
29/06/2021;A;22:00:00;5394
29/06/2021;B;22:00:00;824
30/06/2021;A;22:00:00;5877
30/06/2021;B;22:00:00;844
1/07/2021;A;22:00:00;6034
1/07/2021;B;22:00:00;829
2/07/2021;A;22:00:00;6936
2/07/2021;B;22:00:00;1027
3/07/2021;A;22:00:00;6430
3/07/2021;B;22:00:00;867
4/07/2021;A;22:00:00;806
4/07/2021;B;22:00:00;120
5/07/2021;A;22:00:00;643
5/07/2021;B;22:00:00;127
6/07/2021;A;22:00:00;6346
6/07/2021;B;22:00:00;980
7/07/2021;A;22:00:00;5717
7/07/2021;B;22:00:00;802
8/07/2021;A;22:00:00;5880
8/07/2021;B;22:00:00;775
9/07/2021;A;22:00:00;6331
9/07/2021;B;22:00:00;909
10/07/2021;A;22:00:00;6466
10/07/2021;B;22:00:00;824
11/07/2021;A;22:00:00;770
11/07/2021;B;22:00:00;112
12/07/2021;A;22:00:00;4950
12/07/2021;B;22:00:00;667
13/07/2021;A;22:00:00;5406
13/07/2021;B;22:00:00;800
14/07/2021;A;22:00:00;5584
14/07/2021;B;22:00:00;810
15/07/2021;A;22:00:00;5762
15/07/2021;B;22:00:00;734
16/07/2021;A;22:00:00;6642
16/07/2021;B;22:00:00;1034
17/07/2021;A;22:00:00;6906
17/07/2021;B;22:00:00;952
18/07/2021;A;22:00:00;697
18/07/2021;B;22:00:00;86
19/07/2021;A;22:00:00;5660
19/07/2021;B;22:00:00;811
20/07/2021;A;22:00:00;508
20/07/2021;B;22:00:00;122
21/07/2021;A;22:00:00;5787
21/07/2021;B;22:00:00;834
22/07/2021;A;22:00:00;5871
22/07/2021;B;22:00:00;904
23/07/2021;A;22:00:00;6854
23/07/2021;B;22:00:00;1008
24/07/2021;A;22:00:00;6180
24/07/2021;B;22:00:00;1475
25/07/2021;A;22:00:00;559
25/07/2021;B;22:00:00;106
26/07/2021;A;22:00:00;5227
26/07/2021;B;22:00:00;750
27/07/2021;A;22:00:00;5640
27/07/2021;B;22:00:00;808
28/07/2021;A;22:00:00;5881
28/07/2021;B;22:00:00;1181
29/07/2021;A;22:00:00;5677
29/07/2021;B;22:00:00;824
30/07/2021;A;22:00:00;7744
30/07/2021;B;22:00:00;1064
31/07/2021;A;22:00:00;6707
31/07/2021;B;22:00:00;1379
1/08/2021;A;22:00:00;680
1/08/2021;B;22:00:00;108
2/08/2021;A;22:00:00;5472
2/08/2021;B;22:00:00;742
3/08/2021;A;22:00:00;5543
3/08/2021;B;22:00:00;826
4/08/2021;A;22:00:00;5921
4/08/2021;B;22:00:00;880
5/08/2021;A;22:00:00;6199
5/08/2021;B;22:00:00;931
6/08/2021;A;22:00:00;7782
6/08/2021;B;22:00:00;1096
7/08/2021;A;22:00:00;1102
7/08/2021;B;22:00:00;223
8/08/2021;A;22:00:00;585
8/08/2021;B;22:00:00;108
9/08/2021;A;22:00:00;5553
9/08/2021;B;22:00:00;790
10/08/2021;A;22:00:00;5811
10/08/2021;B;22:00:00;757
11/08/2021;A;22:00:00;6192
11/08/2021;B;22:00:00;858
12/08/2021;A;22:00:00;6037
12/08/2021;B;22:00:00;851
13/08/2021;A;22:00:00;7556
13/08/2021;B;22:00:00;958
14/08/2021;A;22:00:00;6890
14/08/2021;B;22:00:00;892
15/08/2021;A;22:00:00;804
15/08/2021;B;22:00:00;139
16/08/2021;A;22:00:00;559
16/08/2021;B;22:00:00;102
17/08/2021;A;22:00:00;6279
17/08/2021;B;22:00:00;829
18/08/2021;A;22:00:00;6229
18/08/2021;B;22:00:00;852
19/08/2021;A;22:00:00;6076
19/08/2021;B;22:00:00;853
20/08/2021;A;22:00:00;8601
20/08/2021;B;22:00:00;1151
21/08/2021;A;22:00:00;7221
21/08/2021;B;22:00:00;991
22/08/2021;A;22:00:00;719
22/08/2021;B;22:00:00;195
23/08/2021;A;22:00:00;5668
23/08/2021;B;22:00:00;741
24/08/2021;A;22:00:00;5836
24/08/2021;B;22:00:00;755
25/08/2021;A;22:00:00;6120
25/08/2021;B;22:00:00;807
26/08/2021;A;22:00:00;6620
26/08/2021;B;22:00:00;2505
27/08/2021;A;22:00:00;7893
27/08/2021;B;22:00:00;1048
28/08/2021;A;22:00:00;7065
28/08/2021;B;22:00:00;1063
29/08/2021;A;22:00:00;611
29/08/2021;B;22:00:00;122
30/08/2021;A;22:00:00;6071
30/08/2021;B;22:00:00;783
31/08/2021;A;22:00:00;6390
31/08/2021;B;22:00:00;850
1/09/2021;A;22:00:00;6669
1/09/2021;B;22:00:00;949
2/09/2021;A;22:00:00;7042
2/09/2021;B;22:00:00;1659
3/09/2021;A;22:00:00;8226
3/09/2021;B;22:00:00;1030
4/09/2021;A;22:00:00;8063
4/09/2021;B;22:00:00;1306
5/09/2021;A;22:00:00;682
5/09/2021;B;22:00:00;138
6/09/2021;A;22:00:00;5951
6/09/2021;B;22:00:00;789
7/09/2021;A;22:00:00;6046
7/09/2021;B;22:00:00;883
8/09/2021;A;22:00:00;6681
8/09/2021;B;22:00:00;942
9/09/2021;A;22:00:00;7079
9/09/2021;B;22:00:00;995
10/09/2021;A;22:00:00;7888
10/09/2021;B;22:00:00;1024
11/09/2021;A;22:00:00;7533
11/09/2021;B;22:00:00;1030
12/09/2021;A;22:00:00;703
12/09/2021;B;22:00:00;179
13/09/2021;A;22:00:00;6223
13/09/2021;B;22:00:00;782
14/09/2021;A;22:00:00;6672
14/09/2021;B;22:00:00;927
15/09/2021;A;22:00:00;7104
15/09/2021;B;22:00:00;1082
16/09/2021;A;22:00:00;7394
16/09/2021;B;22:00:00;1076
17/09/2021;A;22:00:00;9135
17/09/2021;B;22:00:00;2112
18/09/2021;A;22:00:00;7990
18/09/2021;B;22:00:00;1243
19/09/2021;A;22:00:00;832
19/09/2021;B;22:00:00;114
20/09/2021;A;22:00:00;6234
20/09/2021;B;22:00:00;778
21/09/2021;A;22:00:00;6467
21/09/2021;B;22:00:00;942
22/09/2021;A;22:00:00;6701
22/09/2021;B;22:00:00;789
23/09/2021;A;22:00:00;6883
23/09/2021;B;22:00:00;960
24/09/2021;A;22:00:00;8940
24/09/2021;B;22:00:00;1275
25/09/2021;A;22:00:00;7571
25/09/2021;B;22:00:00;1233
26/09/2021;A;22:00:00;797
26/09/2021;B;22:00:00;136
27/09/2021;A;22:00:00;6434
27/09/2021;B;22:00:00;810
28/09/2021;A;22:00:00;6360
28/09/2021;B;22:00:00;891
29/09/2021;A;22:00:00;6945
29/09/2021;B;22:00:00;957
30/09/2021;A;22:00:00;7871
30/09/2021;B;22:00:00;1090
1/10/2021;A;22:00:00;9405
1/10/2021;B;22:00:00;1186
2/10/2021;A;22:00:00;8478
2/10/2021;B;22:00:00;1204
3/10/2021;A;22:00:00;777
3/10/2021;B;22:00:00;119
4/10/2021;A;22:00:00;6467
4/10/2021;B;22:00:00;871
5/10/2021;A;22:00:00;6979
5/10/2021;B;22:00:00;950
6/10/2021;A;22:00:00;7266
6/10/2021;B;22:00:00;995
7/10/2021;A;22:00:00;7479
7/10/2021;B;22:00:00;1120
8/10/2021;A;22:00:00;9092
8/10/2021;B;22:00:00;2329
9/10/2021;A;22:00:00;8107
9/10/2021;B;22:00:00;1067
10/10/2021;A;22:00:00;624
10/10/2021;B;22:00:00;125
11/10/2021;A;22:00:00;6421
11/10/2021;B;22:00:00;854
12/10/2021;A;22:00:00;6944
12/10/2021;B;22:00:00;1007
13/10/2021;A;22:00:00;7096
13/10/2021;B;22:00:00;1015
14/10/2021;A;22:00:00;7119
14/10/2021;B;22:00:00;1046
15/10/2021;A;22:00:00;9255
15/10/2021;B;22:00:00;1248
16/10/2021;A;22:00:00;7924
16/10/2021;B;22:00:00;4410
17/10/2021;A;22:00:00;864
17/10/2021;B;22:00:00;156
18/10/2021;A;22:00:00;671
18/10/2021;B;22:00:00;114
19/10/2021;A;22:00:00;7340
19/10/2021;B;22:00:00;904
20/10/2021;A;22:00:00;7295
20/10/2021;B;22:00:00;942
21/10/2021;A;22:00:00;7678
21/10/2021;B;22:00:00;4667
22/10/2021;A;22:00:00;8644
22/10/2021;B;22:00:00;1118
23/10/2021;A;22:00:00;8172
23/10/2021;B;22:00:00;1170
24/10/2021;A;22:00:00;684
24/10/2021;B;22:00:00;111
25/10/2021;A;22:00:00;6597
25/10/2021;B;22:00:00;791
26/10/2021;A;22:00:00;6986
26/10/2021;B;22:00:00;921
27/10/2021;A;22:00:00;7433
27/10/2021;B;22:00:00;3084
28/10/2021;A;22:00:00;9163
28/10/2021;B;22:00:00;1048
29/10/2021;A;22:00:00;10273
29/10/2021;B;22:00:00;1282
30/10/2021;A;22:00:00;8433
30/10/2021;B;22:00:00;1228
31/10/2021;A;22:00:00;1184
31/10/2021;B;22:00:00;224
1/11/2021;A;22:00:00;627
1/11/2021;B;22:00:00;120
2/11/2021;A;22:00:00;7033
2/11/2021;B;22:00:00;915
3/11/2021;A;22:00:00;7417
3/11/2021;B;22:00:00;1037
4/11/2021;A;22:00:00;7833
4/11/2021;B;22:00:00;1050
5/11/2021;A;22:00:00;9394
5/11/2021;B;22:00:00;1225
6/11/2021;A;22:00:00;8470
6/11/2021;B;22:00:00;5616
7/11/2021;A;22:00:00;809
7/11/2021;B;22:00:00;115
8/11/2021;A;22:00:00;6682
8/11/2021;B;22:00:00;809
9/11/2021;A;22:00:00;7223
9/11/2021;B;22:00:00;925
10/11/2021;A;22:00:00;7708
10/11/2021;B;22:00:00;4711
11/11/2021;A;22:00:00;8198
11/11/2021;B;22:00:00;1199
12/11/2021;A;22:00:00;9878
12/11/2021;B;22:00:00;1253
13/11/2021;A;22:00:00;7913
13/11/2021;B;22:00:00;946
14/11/2021;A;22:00:00;957
14/11/2021;B;22:00:00;203
15/11/2021;A;22:00:00;639
15/11/2021;B;22:00:00;91
16/11/2021;A;22:00:00;7589
16/11/2021;B;22:00:00;1001
17/11/2021;A;22:00:00;7840
17/11/2021;B;22:00:00;995
18/11/2021;A;22:00:00;8259
18/11/2021;B;22:00:00;1119
19/11/2021;A;22:00:00;11224
19/11/2021;B;22:00:00;1305
20/11/2021;A;22:00:00;8378
20/11/2021;B;22:00:00;995
21/11/2021;A;22:00:00;1076
21/11/2021;B;22:00:00;146
22/11/2021;A;22:00:00;7141
22/11/2021;B;22:00:00;983
23/11/2021;A;22:00:00;7345
23/11/2021;B;22:00:00;1035
24/11/2021;A;22:00:00;8299
24/11/2021;B;22:00:00;1281
25/11/2021;A;22:00:00;8509
25/11/2021;B;22:00:00;1032
26/11/2021;A;22:00:00;11464
26/11/2021;B;22:00:00;1332
27/11/2021;A;22:00:00;10006
27/11/2021;B;22:00:00;3691
28/11/2021;A;22:00:00;947
28/11/2021;B;22:00:00;145
29/11/2021;A;22:00:00;7590
29/11/2021;B;22:00:00;978
30/11/2021;A;22:00:00;9043
30/11/2021;B;22:00:00;1197
1/12/2021;A;22:00:00;9529
1/12/2021;B;22:00:00;1242
2/12/2021;A;22:00:00;10377
2/12/2021;B;22:00:00;1281
3/12/2021;A;22:00:00;14859
3/12/2021;B;22:00:00;1688
4/12/2021;A;22:00:00;12229
4/12/2021;B;22:00:00;1441
5/12/2021;A;22:00:00;1434
5/12/2021;B;22:00:00;194
6/12/2021;A;22:00:00;9150
6/12/2021;B;22:00:00;1121
7/12/2021;A;22:00:00;8828
7/12/2021;B;22:00:00;1187
8/12/2021;A;22:00:00;1498
8/12/2021;B;22:00:00;587
9/12/2021;A;22:00:00;10394
9/12/2021;B;22:00:00;1395
10/12/2021;A;22:00:00;12862
10/12/2021;B;22:00:00;1354
11/12/2021;A;22:00:00;12725
11/12/2021;B;22:00:00;2404
12/12/2021;A;22:00:00;6331
12/12/2021;B;22:00:00;262
13/12/2021;A;22:00:00;10475
13/12/2021;B;22:00:00;1107
14/12/2021;A;22:00:00;10873
14/12/2021;B;22:00:00;1195
15/12/2021;A;22:00:00;13325
15/12/2021;B;22:00:00;1325
16/12/2021;A;22:00:00;13699
16/12/2021;B;22:00:00;1374
17/12/2021;A;22:00:00;14236
17/12/2021;B;22:00:00;1554
18/12/2021;A;22:00:00;17039
18/12/2021;B;22:00:00;1744
19/12/2021;A;22:00:00;2561
19/12/2021;B;22:00:00;229
20/12/2021;A;22:00:00;11562
20/12/2021;B;22:00:00;1096
21/12/2021;A;22:00:00;13925
21/12/2021;B;22:00:00;1372
22/12/2021;A;22:00:00;13292
22/12/2021;B;22:00:00;1228
23/12/2021;A;22:00:00;15937
23/12/2021;B;22:00:00;1485
24/12/2021;A;22:00:00;322
24/12/2021;B;22:00:00;61
25/12/2021;A;22:00:00;899
25/12/2021;B;22:00:00;82
26/12/2021;A;22:00:00;1416
26/12/2021;B;22:00:00;121
27/12/2021;A;22:00:00;8200
27/12/2021;B;22:00:00;910
28/12/2021;A;22:00:00;9445
28/12/2021;B;22:00:00;1054
29/12/2021;A;22:00:00;9800
29/12/2021;B;22:00:00;1046
30/12/2021;A;22:00:00;10286
30/12/2021;B;22:00:00;1099
31/12/2021;A;22:00:00;137
31/12/2021;B;22:00:00;13
1/01/2022;A;22:00:00;476
1/01/2022;B;22:00:00;58
2/01/2022;A;22:00:00;1064
2/01/2022;B;22:00:00;120
3/01/2022;A;22:00:00;7231
3/01/2022;B;22:00:00;771
4/01/2022;A;22:00:00;7687
4/01/2022;B;22:00:00;793
5/01/2022;A;22:00:00;7407
5/01/2022;B;22:00:00;839
6/01/2022;A;22:00:00;6296
6/01/2022;B;22:00:00;744
7/01/2022;A;22:00:00;7924
7/01/2022;B;22:00:00;808
8/01/2022;A;22:00:00;8007
8/01/2022;B;22:00:00;844
9/01/2022;A;22:00:00;1188
9/01/2022;B;22:00:00;130
10/01/2022;A;22:00:00;720
10/01/2022;B;22:00:00;91
11/01/2022;A;22:00:00;6388
11/01/2022;B;22:00:00;800
12/01/2022;A;22:00:00;6954
12/01/2022;B;22:00:00;922
13/01/2022;A;22:00:00;6649
13/01/2022;B;22:00:00;725
14/01/2022;A;22:00:00;8569
14/01/2022;B;22:00:00;1095
15/01/2022;A;22:00:00;8008
15/01/2022;B;22:00:00;1024
16/01/2022;A;22:00:00;796
16/01/2022;B;22:00:00;138
17/01/2022;A;22:00:00;6762
17/01/2022;B;22:00:00;847
18/01/2022;A;22:00:00;7158
18/01/2022;B;22:00:00;974
19/01/2022;A;22:00:00;7476
19/01/2022;B;22:00:00;1059
20/01/2022;A;22:00:00;7696
20/01/2022;B;22:00:00;1057
21/01/2022;A;22:00:00;8842
21/01/2022;B;22:00:00;1104
22/01/2022;A;22:00:00;8197
22/01/2022;B;22:00:00;1044
23/01/2022;A;22:00:00;771
23/01/2022;B;22:00:00;150
24/01/2022;A;22:00:00;6831
24/01/2022;B;22:00:00;917
25/01/2022;A;22:00:00;7102
25/01/2022;B;22:00:00;962
26/01/2022;A;22:00:00;7619
26/01/2022;B;22:00:00;4606
27/01/2022;A;22:00:00;7563
27/01/2022;B;22:00:00;1069
28/01/2022;A;22:00:00;9293
28/01/2022;B;22:00:00;1194
29/01/2022;A;22:00:00;8598
29/01/2022;B;22:00:00;1264
30/01/2022;A;22:00:00;856
30/01/2022;B;22:00:00;142
31/01/2022;A;22:00:00;7538
31/01/2022;B;22:00:00;1021
1/02/2022;A;22:00:00;7857
1/02/2022;B;22:00:00;1091
2/02/2022;A;22:00:00;8073
2/02/2022;B;22:00:00;1134
3/02/2022;A;22:00:00;8435
3/02/2022;B;22:00:00;5298
4/02/2022;A;22:00:00;9537
4/02/2022;B;22:00:00;1302
5/02/2022;A;22:00:00;8635
5/02/2022;B;22:00:00;1168
6/02/2022;A;22:00:00;756
6/02/2022;B;22:00:00;127
7/02/2022;A;22:00:00;7877
7/02/2022;B;22:00:00;1096
8/02/2022;A;22:00:00;8051
8/02/2022;B;22:00:00;1133
9/02/2022;A;22:00:00;8341
9/02/2022;B;22:00:00;1228
10/02/2022;A;22:00:00;8847
10/02/2022;B;22:00:00;1196
11/02/2022;A;22:00:00;10169
11/02/2022;B;22:00:00;4568
12/02/2022;A;22:00:00;8773
12/02/2022;B;22:00:00;1039
13/02/2022;A;22:00:00;752
13/02/2022;B;22:00:00;111
14/02/2022;A;22:00:00;7846
14/02/2022;B;22:00:00;1066
15/02/2022;A;22:00:00;9093
15/02/2022;B;22:00:00;1240
16/02/2022;A;22:00:00;8894
16/02/2022;B;22:00:00;4620
17/02/2022;A;22:00:00;8675
17/02/2022;B;22:00:00;1162
18/02/2022;A;22:00:00;10062
18/02/2022;B;22:00:00;1351
19/02/2022;A;22:00:00;8722
19/02/2022;B;22:00:00;4019
20/02/2022;A;22:00:00;1030
20/02/2022;B;22:00:00;131
21/02/2022;A;22:00:00;7842
21/02/2022;B;22:00:00;1025
22/02/2022;A;22:00:00;7979
22/02/2022;B;22:00:00;1039
23/02/2022;A;22:00:00;8752
23/02/2022;B;22:00:00;1266
24/02/2022;A;22:00:00;8766
24/02/2022;B;22:00:00;1347
25/02/2022;A;22:00:00;10982
25/02/2022;B;22:00:00;1473
26/02/2022;A;22:00:00;8672
26/02/2022;B;22:00:00;1261
27/02/2022;A;22:00:00;781
27/02/2022;B;22:00:00;129
28/02/2022;A;22:00:00;8548
28/02/2022;B;22:00:00;1189
1/03/2022;A;22:00:00;8881
1/03/2022;B;22:00:00;2395
2/03/2022;A;22:00:00;8954
2/03/2022;B;22:00:00;1643
3/03/2022;A;22:00:00;8682
3/03/2022;B;22:00:00;2278
4/03/2022;A;22:00:00;10967
4/03/2022;B;22:00:00;1466
5/03/2022;A;22:00:00;9180
5/03/2022;B;22:00:00;1269
6/03/2022;A;22:00:00;882
6/03/2022;B;22:00:00;4374
7/03/2022;A;22:00:00;8302
7/03/2022;B;22:00:00;1191
8/03/2022;A;22:00:00;9082
8/03/2022;B;22:00:00;1308
9/03/2022;A;22:00:00;8797
9/03/2022;B;22:00:00;1872
10/03/2022;A;22:00:00;8937
10/03/2022;B;22:00:00;1365
11/03/2022;A;22:00:00;12054
11/03/2022;B;22:00:00;1570
12/03/2022;A;22:00:00;7779
12/03/2022;B;22:00:00;1045
13/03/2022;A;22:00:00;762
13/03/2022;B;22:00:00;121
14/03/2022;A;22:00:00;7410
14/03/2022;B;22:00:00;971
15/03/2022;A;22:00:00;8826
15/03/2022;B;22:00:00;1239
16/03/2022;A;22:00:00;10070
16/03/2022;B;22:00:00;1253
17/03/2022;A;22:00:00;9051
17/03/2022;B;22:00:00;2197
18/03/2022;A;22:00:00;10576
18/03/2022;B;22:00:00;1541
19/03/2022;A;22:00:00;9292
19/03/2022;B;22:00:00;1344
20/03/2022;A;22:00:00;1132
20/03/2022;B;22:00:00;181
21/03/2022;A;22:00:00;883
21/03/2022;B;22:00:00;136
22/03/2022;A;22:00:00;8500
22/03/2022;B;22:00:00;1120
23/03/2022;A;22:00:00;8315
23/03/2022;B;22:00:00;4236
24/03/2022;A;22:00:00;9041
24/03/2022;B;22:00:00;1224
25/03/2022;A;22:00:00;10510
25/03/2022;B;22:00:00;1374
26/03/2022;A;22:00:00;8685
26/03/2022;B;22:00:00;1199
27/03/2022;A;22:00:00;767
27/03/2022;B;22:00:00;132
28/03/2022;A;22:00:00;7801
28/03/2022;B;22:00:00;1989
29/03/2022;A;22:00:00;7970
29/03/2022;B;22:00:00;1051
30/03/2022;A;22:00:00;9023
30/03/2022;B;22:00:00;1206
31/03/2022;A;22:00:00;9000
31/03/2022;B;22:00:00;1297
1/04/2022;A;22:00:00;11941
1/04/2022;B;22:00:00;1604
2/04/2022;A;22:00:00;9598
2/04/2022;B;22:00:00;1383
3/04/2022;A;22:00:00;876
3/04/2022;B;22:00:00;150
4/04/2022;A;22:00:00;7789
4/04/2022;B;22:00:00;998
5/04/2022;A;22:00:00;8617
5/04/2022;B;22:00:00;1155
6/04/2022;A;22:00:00;8244
6/04/2022;B;22:00:00;1097
7/04/2022;A;22:00:00;9074
7/04/2022;B;22:00:00;1219
8/04/2022;A;22:00:00;10841
8/04/2022;B;22:00:00;1183
9/04/2022;A;22:00:00;9807
9/04/2022;B;22:00:00;1627
10/04/2022;A;22:00:00;1063
10/04/2022;B;22:00:00;193
11/04/2022;A;22:00:00;7415
11/04/2022;B;22:00:00;944
12/04/2022;A;22:00:00;8191
12/04/2022;B;22:00:00;1131
13/04/2022;A;22:00:00;8947
13/04/2022;B;22:00:00;1257
14/04/2022;A;22:00:00;882
14/04/2022;B;22:00:00;331
15/04/2022;A;22:00:00;531
15/04/2022;B;22:00:00;84
16/04/2022;A;22:00:00;6086
16/04/2022;B;22:00:00;883
17/04/2022;A;22:00:00;710
17/04/2022;B;22:00:00;393
18/04/2022;A;22:00:00;7801
18/04/2022;B;22:00:00;1033
19/04/2022;A;22:00:00;8390
19/04/2022;B;22:00:00;1122
20/04/2022;A;22:00:00;8830
20/04/2022;B;22:00:00;3625
21/04/2022;A;22:00:00;9285
21/04/2022;B;22:00:00;1423
22/04/2022;A;22:00:00;11031
22/04/2022;B;22:00:00;1540
23/04/2022;A;22:00:00;9383
23/04/2022;B;22:00:00;1448
24/04/2022;A;22:00:00;885
24/04/2022;B;22:00:00;139
25/04/2022;A;22:00:00;8246
25/04/2022;B;22:00:00;1191
26/04/2022;A;22:00:00;8427
26/04/2022;B;22:00:00;1147
27/04/2022;A;22:00:00;8956
27/04/2022;B;22:00:00;1306
28/04/2022;A;22:00:00;7929
28/04/2022;B;22:00:00;1142
29/04/2022;A;22:00:00;12109
29/04/2022;B;22:00:00;1613
30/04/2022;A;22:00:00;9888
30/04/2022;B;22:00:00;1368
1/05/2022;A;22:00:00;1283
1/05/2022;B;22:00:00;179
2/05/2022;A;22:00:00;8388
2/05/2022;B;22:00:00;1091
3/05/2022;A;22:00:00;9041
3/05/2022;B;22:00:00;1221
4/05/2022;A;22:00:00;9164
4/05/2022;B;22:00:00;1202
5/05/2022;A;22:00:00;9194
5/05/2022;B;22:00:00;1288
6/05/2022;A;22:00:00;10092
6/05/2022;B;22:00:00;4462
7/05/2022;A;22:00:00;8825
7/05/2022;B;22:00:00;1074
8/05/2022;A;22:00:00;902
8/05/2022;B;22:00:00;144
9/05/2022;A;22:00:00;7431
9/05/2022;B;22:00:00;981
10/05/2022;A;22:00:00;8323
10/05/2022;B;22:00:00;1110
11/05/2022;A;22:00:00;8379
11/05/2022;B;22:00:00;1068
12/05/2022;A;22:00:00;9013
12/05/2022;B;22:00:00;1315
13/05/2022;A;22:00:00;11607
13/05/2022;B;22:00:00;1482
14/05/2022;A;22:00:00;9727
14/05/2022;B;22:00:00;1552
15/05/2022;A;22:00:00;1212
15/05/2022;B;22:00:00;215
16/05/2022;A;22:00:00;8088
16/05/2022;B;22:00:00;1054
17/05/2022;A;22:00:00;8065
17/05/2022;B;22:00:00;1086
18/05/2022;A;22:00:00;8983
18/05/2022;B;22:00:00;1347
19/05/2022;A;22:00:00;8411
19/05/2022;B;22:00:00;1254
20/05/2022;A;22:00:00;10827
20/05/2022;B;22:00:00;1500
21/05/2022;A;22:00:00;9172
21/05/2022;B;22:00:00;1332
22/05/2022;A;22:00:00;1021
22/05/2022;B;22:00:00;159
23/05/2022;A;22:00:00;7746
23/05/2022;B;22:00:00;929
24/05/2022;A;22:00:00;8257
24/05/2022;B;22:00:00;1228
25/05/2022;A;22:00:00;8310
25/05/2022;B;22:00:00;1145
26/05/2022;A;22:00:00;9000
26/05/2022;B;22:00:00;1296
27/05/2022;A;22:00:00;11337
27/05/2022;B;22:00:00;1612
28/05/2022;A;22:00:00;8130
28/05/2022;B;22:00:00;1019
29/05/2022;A;22:00:00;812
29/05/2022;B;22:00:00;125
30/05/2022;A;22:00:00;823
30/05/2022;B;22:00:00;154
31/05/2022;A;22:00:00;8503
31/05/2022;B;22:00:00;5738
1/06/2022;A;22:00:00;8454
1/06/2022;B;22:00:00;1195
2/06/2022;A;22:00:00;8381
2/06/2022;B;22:00:00;1067
3/06/2022;A;22:00:00;11619
3/06/2022;B;22:00:00;1649
4/06/2022;A;22:00:00;8764
4/06/2022;B;22:00:00;1355
5/06/2022;A;22:00:00;839
5/06/2022;B;22:00:00;151
6/06/2022;A;22:00:00;7311
6/06/2022;B;22:00:00;964
7/06/2022;A;22:00:00;8232
7/06/2022;B;22:00:00;1095
8/06/2022;A;22:00:00;8357
8/06/2022;B;22:00:00;1177
9/06/2022;A;22:00:00;8717
9/06/2022;B;22:00:00;3471
10/06/2022;A;22:00:00;10818
10/06/2022;B;22:00:00;1390
11/06/2022;A;22:00:00;9409
11/06/2022;B;22:00:00;1390
12/06/2022;A;22:00:00;856
12/06/2022;B;22:00:00;272
13/06/2022;A;22:00:00;7516
13/06/2022;B;22:00:00;941
14/06/2022;A;22:00:00;8093
14/06/2022;B;22:00:00;1005
15/06/2022;A;22:00:00;9504
15/06/2022;B;22:00:00;5978
16/06/2022;A;22:00:00;7295
16/06/2022;B;22:00:00;934
17/06/2022;A;22:00:00;10087
17/06/2022;B;22:00:00;1268
18/06/2022;A;22:00:00;6518
18/06/2022;B;22:00:00;935
19/06/2022;A;22:00:00;799
19/06/2022;B;22:00:00;154
20/06/2022;A;22:00:00;698
20/06/2022;B;22:00:00;211
21/06/2022;A;22:00:00;6177
21/06/2022;B;22:00:00;858
22/06/2022;A;22:00:00;8170
22/06/2022;B;22:00:00;5725
23/06/2022;A;22:00:00;9202
23/06/2022;B;22:00:00;1234
24/06/2022;A;22:00:00;10453
24/06/2022;B;22:00:00;1336
25/06/2022;A;22:00:00;8953
25/06/2022;B;22:00:00;1107
26/06/2022;A;22:00:00;1241
26/06/2022;B;22:00:00;464
27/06/2022;A;22:00:00;788
27/06/2022;B;22:00:00;118
28/06/2022;A;22:00:00;7974
28/06/2022;B;22:00:00;1038
29/06/2022;A;22:00:00;7775
29/06/2022;B;22:00:00;1056
30/06/2022;A;22:00:00;10102
30/06/2022;B;22:00:00;1542
1/07/2022;A;22:00:00;11202
1/07/2022;B;22:00:00;1502
2/07/2022;A;22:00:00;9855
2/07/2022;B;22:00:00;1258
3/07/2022;A;22:00:00;1388
3/07/2022;B;22:00:00;330
4/07/2022;A;22:00:00;1029
4/07/2022;B;22:00:00;171
5/07/2022;A;22:00:00;8268
5/07/2022;B;22:00:00;1136
6/07/2022;A;22:00:00;8646
6/07/2022;B;22:00:00;1155
7/07/2022;A;22:00:00;8700
7/07/2022;B;22:00:00;1234
8/07/2022;A;22:00:00;10387
8/07/2022;B;22:00:00;1504
9/07/2022;A;22:00:00;9990
9/07/2022;B;22:00:00;1378
10/07/2022;A;22:00:00;1184
10/07/2022;B;22:00:00;163
11/07/2022;A;22:00:00;7412
11/07/2022;B;22:00:00;968
12/07/2022;A;22:00:00;7707
12/07/2022;B;22:00:00;1153
13/07/2022;A;22:00:00;9109
13/07/2022;B;22:00:00;1168
14/07/2022;A;22:00:00;8805
14/07/2022;B;22:00:00;1238
15/07/2022;A;22:00:00;11319
15/07/2022;B;22:00:00;1475
16/07/2022;A;22:00:00;10214
16/07/2022;B;22:00:00;1592
17/07/2022;A;22:00:00;1294
17/07/2022;B;22:00:00;187
18/07/2022;A;22:00:00;7779
18/07/2022;B;22:00:00;1101
19/07/2022;A;22:00:00;9572
19/07/2022;B;22:00:00;1361
20/07/2022;A;22:00:00;1314
20/07/2022;B;22:00:00;239
21/07/2022;A;22:00:00;8114
21/07/2022;B;22:00:00;1146
22/07/2022;A;22:00:00;10308
22/07/2022;B;22:00:00;1244
23/07/2022;A;22:00:00;8440
23/07/2022;B;22:00:00;1306
24/07/2022;A;22:00:00;1116
24/07/2022;B;22:00:00;160
25/07/2022;A;22:00:00;7460
25/07/2022;B;22:00:00;930
26/07/2022;A;22:00:00;8183
26/07/2022;B;22:00:00;989
27/07/2022;A;22:00:00;8370
27/07/2022;B;22:00:00;1284
28/07/2022;A;22:00:00;9016
28/07/2022;B;22:00:00;1621
29/07/2022;A;22:00:00;11775
29/07/2022;B;22:00:00;1621
30/07/2022;A;22:00:00;10352
30/07/2022;B;22:00:00;1453
31/07/2022;A;22:00:00;1287
31/07/2022;B;22:00:00;226
1/08/2022;A;22:00:00;8035
1/08/2022;B;22:00:00;3536
2/08/2022;A;22:00:00;8110
2/08/2022;B;22:00:00;1074
3/08/2022;A;22:00:00;9093
3/08/2022;B;22:00:00;1281
4/08/2022;A;22:00:00;8994
4/08/2022;B;22:00:00;1374
5/08/2022;A;22:00:00;11053
5/08/2022;B;22:00:00;1653
6/08/2022;A;22:00:00;9656
6/08/2022;B;22:00:00;1451
7/08/2022;A;22:00:00;1361
7/08/2022;B;22:00:00;265
8/08/2022;A;22:00:00;8316
8/08/2022;B;22:00:00;1296
9/08/2022;A;22:00:00;9208
9/08/2022;B;22:00:00;1276
10/08/2022;A;22:00:00;9829
10/08/2022;B;22:00:00;1461
11/08/2022;A;22:00:00;10216
11/08/2022;B;22:00:00;1455
12/08/2022;A;22:00:00;11888
12/08/2022;B;22:00:00;1789
13/08/2022;A;22:00:00;12138
13/08/2022;B;22:00:00;1919
14/08/2022;A;22:00:00;1522
14/08/2022;B;22:00:00;349
15/08/2022;A;22:00:00;2695
15/08/2022;B;22:00:00;2027
16/08/2022;A;22:00:00;9521
16/08/2022;B;22:00:00;1224
17/08/2022;A;22:00:00;9343
17/08/2022;B;22:00:00;1412
18/08/2022;A;22:00:00;9607
18/08/2022;B;22:00:00;4917
19/08/2022;A;22:00:00;11516
19/08/2022;B;22:00:00;1621
20/08/2022;A;22:00:00;9825
20/08/2022;B;22:00:00;3534
21/08/2022;A;22:00:00;1055
21/08/2022;B;22:00:00;174
22/08/2022;A;22:00:00;8360
22/08/2022;B;22:00:00;1046
23/08/2022;A;22:00:00;9667
23/08/2022;B;22:00:00;1134
24/08/2022;A;22:00:00;9718
24/08/2022;B;22:00:00;2938
25/08/2022;A;22:00:00;9741
25/08/2022;B;22:00:00;1387
26/08/2022;A;22:00:00;11343
26/08/2022;B;22:00:00;1644
27/08/2022;A;22:00:00;10348
27/08/2022;B;22:00:00;3839
28/08/2022;A;22:00:00;975
28/08/2022;B;22:00:00;161
29/08/2022;A;22:00:00;8360
29/08/2022;B;22:00:00;1142
30/08/2022;A;22:00:00;9695
30/08/2022;B;22:00:00;1384
31/08/2022;A;22:00:00;9885
31/08/2022;B;22:00:00;1348
1/09/2022;A;22:00:00;9855
1/09/2022;B;22:00:00;1923
2/09/2022;A;22:00:00;11952
2/09/2022;B;22:00:00;1746
3/09/2022;A;22:00:00;10112
3/09/2022;B;22:00:00;1458
4/09/2022;A;22:00:00;972
4/09/2022;B;22:00:00;261
5/09/2022;A;22:00:00;8659
5/09/2022;B;22:00:00;1175
6/09/2022;A;22:00:00;9033
6/09/2022;B;22:00:00;1257
7/09/2022;A;22:00:00;9588
7/09/2022;B;22:00:00;1219
8/09/2022;A;22:00:00;9799
8/09/2022;B;22:00:00;1380
9/09/2022;A;22:00:00;11343
9/09/2022;B;22:00:00;1543
10/09/2022;A;22:00:00;11083
10/09/2022;B;22:00:00;1600
11/09/2022;A;22:00:00;1142
11/09/2022;B;22:00:00;164
12/09/2022;A;22:00:00;8242
12/09/2022;B;22:00:00;1085
13/09/2022;A;22:00:00;8995
13/09/2022;B;22:00:00;1132
14/09/2022;A;22:00:00;9028
14/09/2022;B;22:00:00;1140
15/09/2022;A;22:00:00;10724
15/09/2022;B;22:00:00;1342
16/09/2022;A;22:00:00;12527
16/09/2022;B;22:00:00;1856
17/09/2022;A;22:00:00;10914
17/09/2022;B;22:00:00;1528
18/09/2022;A;22:00:00;1029
18/09/2022;B;22:00:00;186
19/09/2022;A;22:00:00;8042
19/09/2022;B;22:00:00;1131
20/09/2022;A;22:00:00;8661
20/09/2022;B;22:00:00;1154
21/09/2022;A;22:00:00;9179
21/09/2022;B;22:00:00;1284
22/09/2022;A;22:00:00;9287
22/09/2022;B;22:00:00;1280
23/09/2022;A;22:00:00;11328
23/09/2022;B;22:00:00;1662
24/09/2022;A;22:00:00;9535
24/09/2022;B;22:00:00;1318
25/09/2022;A;22:00:00;1024
25/09/2022;B;22:00:00;178
26/09/2022;A;22:00:00;8340
26/09/2022;B;22:00:00;3706
27/09/2022;A;22:00:00;9042
27/09/2022;B;22:00:00;1180
28/09/2022;A;22:00:00;9591
28/09/2022;B;22:00:00;1293
29/09/2022;A;22:00:00;9510
29/09/2022;B;22:00:00;1417
30/09/2022;A;22:00:00;12694
30/09/2022;B;22:00:00;4059
1/10/2022;A;22:00:00;10985
1/10/2022;B;22:00:00;1541
2/10/2022;A;22:00:00;1230
2/10/2022;B;22:00:00;304
3/10/2022;A;22:00:00;8803
3/10/2022;B;22:00:00;1185
4/10/2022;A;22:00:00;9227
4/10/2022;B;22:00:00;1165
5/10/2022;A;22:00:00;9258
5/10/2022;B;22:00:00;1391
6/10/2022;A;22:00:00;9960
6/10/2022;B;22:00:00;6179
7/10/2022;A;22:00:00;12072
7/10/2022;B;22:00:00;1542
8/10/2022;A;22:00:00;10152
8/10/2022;B;22:00:00;1399
9/10/2022;A;22:00:00;866
9/10/2022;B;22:00:00;165
10/10/2022;A;22:00:00;8503
10/10/2022;B;22:00:00;1212
11/10/2022;A;22:00:00;9667
11/10/2022;B;22:00:00;1241
12/10/2022;A;22:00:00;9680
12/10/2022;B;22:00:00;1281
13/10/2022;A;22:00:00;9698
13/10/2022;B;22:00:00;1385
14/10/2022;A;22:00:00;12096
14/10/2022;B;22:00:00;1741
15/10/2022;A;22:00:00;9571
15/10/2022;B;22:00:00;1271
16/10/2022;A;22:00:00;1179
16/10/2022;B;22:00:00;202
17/10/2022;A;22:00:00;872
17/10/2022;B;22:00:00;128
18/10/2022;A;22:00:00;8545
18/10/2022;B;22:00:00;966
19/10/2022;A;22:00:00;9205
19/10/2022;B;22:00:00;4352
20/10/2022;A;22:00:00;9705
20/10/2022;B;22:00:00;1220
21/10/2022;A;22:00:00;11931
21/10/2022;B;22:00:00;1572
22/10/2022;A;22:00:00;9032
22/10/2022;B;22:00:00;3806
23/10/2022;A;22:00:00;734
23/10/2022;B;22:00:00;147
24/10/2022;A;22:00:00;8171
24/10/2022;B;22:00:00;1057
25/10/2022;A;22:00:00;9171
25/10/2022;B;22:00:00;1188
26/10/2022;A;22:00:00;9048
26/10/2022;B;22:00:00;1289
27/10/2022;A;22:00:00;9527
27/10/2022;B;22:00:00;3117
28/10/2022;A;22:00:00;12116
28/10/2022;B;22:00:00;1653
29/10/2022;A;22:00:00;11391
29/10/2022;B;22:00:00;1649
30/10/2022;A;22:00:00;992
30/10/2022;B;22:00:00;226
31/10/2022;A;22:00:00;10589
31/10/2022;B;22:00:00;1470
1/11/2022;A;22:00:00;9146
1/11/2022;B;22:00:00;1265
2/11/2022;A;22:00:00;9227
2/11/2022;B;22:00:00;1313
3/11/2022;A;22:00:00;9386
3/11/2022;B;22:00:00;1252
4/11/2022;A;22:00:00;11497
4/11/2022;B;22:00:00;1594
5/11/2022;A;22:00:00;9592
5/11/2022;B;22:00:00;1959
6/11/2022;A;22:00:00;1006
6/11/2022;B;22:00:00;182
7/11/2022;A;22:00:00;741
7/11/2022;B;22:00:00;149
8/11/2022;A;22:00:00;8313
8/11/2022;B;22:00:00;1082
9/11/2022;A;22:00:00;9516
9/11/2022;B;22:00:00;1256
10/11/2022;A;22:00:00;8944
10/11/2022;B;22:00:00;1232
11/11/2022;A;22:00:00;12189
11/11/2022;B;22:00:00;1505
12/11/2022;A;22:00:00;10660
12/11/2022;B;22:00:00;1354
13/11/2022;A;22:00:00;1743
13/11/2022;B;22:00:00;198
14/11/2022;A;22:00:00;1780
14/11/2022;B;22:00:00;119
15/11/2022;A;22:00:00;9237
15/11/2022;B;22:00:00;1158
16/11/2022;A;22:00:00;9866
16/11/2022;B;22:00:00;1252
17/11/2022;A;22:00:00;9764
17/11/2022;B;22:00:00;1329
18/11/2022;A;22:00:00;11790
18/11/2022;B;22:00:00;1643
19/11/2022;A;22:00:00;10382
19/11/2022;B;22:00:00;1478
20/11/2022;A;22:00:00;868
20/11/2022;B;22:00:00;161
21/11/2022;A;22:00:00;8334
21/11/2022;B;22:00:00;986
22/11/2022;A;22:00:00;9492
22/11/2022;B;22:00:00;1727
23/11/2022;A;22:00:00;9779
23/11/2022;B;22:00:00;1151
24/11/2022;A;22:00:00;9953
24/11/2022;B;22:00:00;1303
25/11/2022;A;22:00:00;13589
25/11/2022;B;22:00:00;1641
26/11/2022;A;22:00:00;11099
26/11/2022;B;22:00:00;3424
27/11/2022;A;22:00:00;1025
27/11/2022;B;22:00:00;187
28/11/2022;A;22:00:00;9014
28/11/2022;B;22:00:00;1088
29/11/2022;A;22:00:00;9580
29/11/2022;B;22:00:00;1270
30/11/2022;A;22:00:00;11501
30/11/2022;B;22:00:00;1429
1/12/2022;A;22:00:00;11369
1/12/2022;B;22:00:00;1465
2/12/2022;A;22:00:00;14348
2/12/2022;B;22:00:00;2038
3/12/2022;A;22:00:00;12729
3/12/2022;B;22:00:00;1497
4/12/2022;A;22:00:00;1182
4/12/2022;B;22:00:00;280
5/12/2022;A;22:00:00;9822
5/12/2022;B;22:00:00;1109
6/12/2022;A;22:00:00;10911
6/12/2022;B;22:00:00;1272
7/12/2022;A;22:00:00;11743
7/12/2022;B;22:00:00;1816
8/12/2022;A;22:00:00;6658
8/12/2022;B;22:00:00;849
9/12/2022;A;22:00:00;14351
9/12/2022;B;22:00:00;1556
10/12/2022;A;22:00:00;16842
10/12/2022;B;22:00:00;1965
11/12/2022;A;22:00:00;2391
11/12/2022;B;22:00:00;306
12/12/2022;A;22:00:00;11591
12/12/2022;B;22:00:00;1176
13/12/2022;A;22:00:00;12854
13/12/2022;B;22:00:00;1407
14/12/2022;A;22:00:00;13778
14/12/2022;B;22:00:00;1464
15/12/2022;A;22:00:00;16648
15/12/2022;B;22:00:00;1692
16/12/2022;A;22:00:00;19586
16/12/2022;B;22:00:00;1975
17/12/2022;A;22:00:00;22656
17/12/2022;B;22:00:00;2364
18/12/2022;A;22:00:00;3063
18/12/2022;B;22:00:00;354
19/12/2022;A;22:00:00;14111
19/12/2022;B;22:00:00;1362
20/12/2022;A;22:00:00;15484
20/12/2022;B;22:00:00;1414
21/12/2022;A;22:00:00;16090
21/12/2022;B;22:00:00;1580
22/12/2022;A;22:00:00;16727
22/12/2022;B;22:00:00;1598
23/12/2022;A;22:00:00;17496
23/12/2022;B;22:00:00;1665
24/12/2022;A;22:00:00;416
24/12/2022;B;22:00:00;91
25/12/2022;A;22:00:00;1054
25/12/2022;B;22:00:00;167
26/12/2022;A;22:00:00;10514
26/12/2022;B;22:00:00;1146
27/12/2022;A;22:00:00;11337
27/12/2022;B;22:00:00;1176
28/12/2022;A;22:00:00;12457
28/12/2022;B;22:00:00;1357
29/12/2022;A;22:00:00;13107
29/12/2022;B;22:00:00;1480
30/12/2022;A;22:00:00;14773
30/12/2022;B;22:00:00;1450
31/12/2022;A;22:00:00;159
31/12/2022;B;22:00:00;21
1/01/2023;A;22:00:00;819
1/01/2024;B;22:00:00;151
1/02/2023;A;22:00:00;8024
1/02/2023;B;22:00:00;844
1/03/2023;A;22:00:00;8355
1/03/2023;B;22:00:00;921
1/04/2023;A;22:00:00;10628
1/04/2023;B;22:00:00;1160
1/05/2023;A;22:00:00;9728
1/05/2023;B;22:00:00;1091
1/06/2023;A;22:00:00;12550
1/06/2023;B;22:00:00;1324
1/07/2023;A;22:00:00;11077
1/07/2023;B;22:00:00;907
1/08/2023;A;22:00:00;3034
1/08/2023;B;22:00:00;338
1/09/2023;A;22:00:00;1246
1/09/2023;B;22:00:00;174
1/10/2023;A;22:00:00;8849
1/10/2023;B;22:00:00;1001
1/11/2023;A;22:00:00;8296
1/11/2023;B;22:00:00;1019
1/12/2023;A;22:00:00;8878
1/12/2023;B;22:00:00;1173
13/01/2023;A;22:00:00;11159
13/01/2023;B;22:00:00;1314
14/01/2023;A;22:00:00;9785
14/01/2023;B;22:00:00;1602
15/01/2023;A;22:00:00;1485
15/01/2023;B;22:00:00;199
16/01/2023;A;22:00:00;7739
16/01/2023;B;22:00:00;1068
17/01/2023;A;22:00:00;7999
17/01/2023;B;22:00:00;995
18/01/2023;A;22:00:00;8394
18/01/2023;B;22:00:00;1040
19/01/2023;A;22:00:00;8966
19/01/2023;B;22:00:00;1152
20/01/2023;A;22:00:00;10666
20/01/2023;B;22:00:00;1343
21/01/2023;A;22:00:00;9103
21/01/2023;B;22:00:00;1324
22/01/2023;A;22:00:00;848
22/01/2023;B;22:00:00;148
23/01/2023;A;22:00:00;8019
23/01/2023;B;22:00:00;991
24/01/2023;A;22:00:00;8231
24/01/2023;B;22:00:00;1065
25/01/2023;A;22:00:00;8551
25/01/2023;B;22:00:00;1089
26/01/2023;A;22:00:00;8796
26/01/2023;B;22:00:00;3416
27/01/2023;A;22:00:00;10954
27/01/2023;B;22:00:00;1337
28/01/2023;A;22:00:00;9308
28/01/2023;B;22:00:00;1269
29/01/2023;A;22:00:00;964
29/01/2023;B;22:00:00;167
30/01/2023;A;22:00:00;8130
30/01/2023;B;22:00:00;1069
31/01/2023;A;22:00:00;8980
31/01/2023;B;22:00:00;1221
2/01/2023;A;22:00:00;9097
2/01/2023;B;22:00:00;1134
2/02/2023;A;22:00:00;9006
2/02/2023;B;22:00:00;1262
2/03/2023;A;22:00:00;10961
2/03/2023;B;22:00:00;1406
2/04/2023;A;22:00:00;9590
2/04/2023;B;22:00:00;1362
2/05/2023;A;22:00:00;1180
2/05/2023;B;22:00:00;175
2/06/2023;A;22:00:00;7992
2/06/2023;B;22:00:00;1045
2/07/2023;A;22:00:00;8927
2/07/2023;B;22:00:00;1186
2/08/2023;A;22:00:00;8594
2/08/2023;B;22:00:00;1227
2/09/2023;A;22:00:00;9507
2/09/2023;B;22:00:00;1296
2/10/2023;A;22:00:00;11313
2/10/2023;B;22:00:00;1553
2/11/2023;A;22:00:00;9221
2/11/2023;B;22:00:00;1209
2/12/2023;A;22:00:00;867
2/12/2023;B;22:00:00;1837
13/02/2023;A;22:00:00;8815
13/02/2023;B;22:00:00;1159
14/02/2023;A;22:00:00;8904
14/02/2023;B;22:00:00;1212
15/02/2023;A;22:00:00;9673
15/02/2023;B;22:00:00;1349
16/02/2023;A;22:00:00;9719
16/02/2023;B;22:00:00;4509
17/02/2023;A;22:00:00;11576
17/02/2023;B;22:00:00;1730
18/02/2023;A;22:00:00;9814
18/02/2023;B;22:00:00;1396
19/02/2023;A;22:00:00;807
19/02/2023;B;22:00:00;139
20/02/2023;A;22:00:00;8265
20/02/2023;B;22:00:00;1027
21/02/2023;A;22:00:00;8811
21/02/2023;B;22:00:00;1117
22/02/2023;A;22:00:00;8187
22/02/2023;B;22:00:00;1186
23/02/2023;A;22:00:00;9504
23/02/2023;B;22:00:00;1376
24/02/2023;A;22:00:00;12129
24/02/2023;B;22:00:00;1739
25/02/2023;A;22:00:00;9495
25/02/2023;B;22:00:00;1361
26/02/2023;A;22:00:00;910
26/02/2023;B;22:00:00;190
27/02/2023;A;22:00:00;8728
27/02/2023;B;22:00:00;1131
28/02/2023;A;22:00:00;9916
28/02/2023;B;22:00:00;1335
3/01/2023;A;22:00:00;9887
3/01/2023;B;22:00:00;1689
3/02/2023;A;22:00:00;10095
3/02/2023;B;22:00:00;1469
3/03/2023;A;22:00:00;11918
3/03/2023;B;22:00:00;1733
3/04/2023;A;22:00:00;9664
3/04/2023;B;22:00:00;3623
3/05/2023;A;22:00:00;911
3/05/2023;B;22:00:00;161
3/06/2023;A;22:00:00;8661
3/06/2023;B;22:00:00;1049
3/07/2023;A;22:00:00;8761
3/07/2023;B;22:00:00;1132
3/08/2023;A;22:00:00;9611
3/08/2023;B;22:00:00;1318
3/09/2023;A;22:00:00;9337
3/09/2023;B;22:00:00;1233
3/10/2023;A;22:00:00;11522
3/10/2023;B;22:00:00;1610
3/11/2023;A;22:00:00;8719
3/11/2023;B;22:00:00;1433
3/12/2023;A;22:00:00;634
3/12/2023;B;22:00:00;111
13/03/2023;A;22:00:00;8556
13/03/2023;B;22:00:00;1106
14/03/2023;A;22:00:00;8918
14/03/2023;B;22:00:00;1195
15/03/2023;A;22:00:00;9887
15/03/2023;B;22:00:00;1652
16/03/2023;A;22:00:00;9784
16/03/2023;B;22:00:00;1393
17/03/2023;A;22:00:00;12236
17/03/2023;B;22:00:00;1749
18/03/2023;A;22:00:00;9362
18/03/2023;B;22:00:00;1206
19/03/2023;A;22:00:00;1198
19/03/2023;B;22:00:00;1571
20/03/2023;A;22:00:00;827
20/03/2023;B;22:00:00;153
21/03/2023;A;22:00:00;8979
21/03/2023;B;22:00:00;1120
22/03/2023;A;22:00:00;8783
22/03/2023;B;22:00:00;1156
23/03/2023;A;22:00:00;9694
23/03/2023;B;22:00:00;1288
24/03/2023;A;22:00:00;11445
24/03/2023;B;22:00:00;1494
25/03/2023;A;22:00:00;9105
25/03/2023;B;22:00:00;1852
26/03/2023;A;22:00:00;773
26/03/2023;B;22:00:00;146
27/03/2023;A;22:00:00;7738
27/03/2023;B;22:00:00;986
28/03/2023;A;22:00:00;8739
28/03/2023;B;22:00:00;1191
29/03/2023;A;22:00:00;9190
29/03/2023;B;22:00:00;1379
30/03/2023;A;22:00:00;9850
30/03/2023;B;22:00:00;1455
31/03/2023;A;22:00:00;12966
31/03/2023;B;22:00:00;1771
4/01/2023;A;22:00:00;10158
4/01/2023;B;22:00:00;1382
4/02/2023;A;22:00:00;844
4/02/2023;B;22:00:00;164
4/03/2023;A;22:00:00;8220
4/03/2023;B;22:00:00;1082
4/04/2023;A;22:00:00;8569
4/04/2023;B;22:00:00;1300
4/05/2023;A;22:00:00;9792
4/05/2023;B;22:00:00;1287
4/06/2023;A;22:00:00;714
4/06/2023;B;22:00:00;160
4/07/2023;A;22:00:00;555
4/07/2023;B;22:00:00;105
4/08/2023;A;22:00:00;6428
4/08/2023;B;22:00:00;976
4/09/2023;A;22:00:00;723
4/09/2023;B;22:00:00;112
4/10/2023;A;22:00:00;8280
4/10/2023;B;22:00:00;1218
4/11/2023;A;22:00:00;8673
4/11/2023;B;22:00:00;1195
4/12/2023;A;22:00:00;9417
4/12/2023;B;22:00:00;4230
13/04/2023;A;22:00:00;9418
13/04/2023;B;22:00:00;1377
14/04/2023;A;22:00:00;11724
14/04/2023;B;22:00:00;1584
15/04/2023;A;22:00:00;9894
15/04/2023;B;22:00:00;1468
16/04/2023;A;22:00:00;784
16/04/2023;B;22:00:00;135
17/04/2023;A;22:00:00;8725
17/04/2023;B;22:00:00;1131
18/04/2023;A;22:00:00;9018
18/04/2023;B;22:00:00;1301
19/04/2023;A;22:00:00;9617
19/04/2023;B;22:00:00;1327
20/04/2023;A;22:00:00;9616
20/04/2023;B;22:00:00;1372
21/04/2023;A;22:00:00;11792
21/04/2023;B;22:00:00;1880
22/04/2023;A;22:00:00;9274
22/04/2023;B;22:00:00;1322
23/04/2023;A;22:00:00;838
23/04/2023;B;22:00:00;180
24/04/2023;A;22:00:00;8323
24/04/2023;B;22:00:00;1102
25/04/2023;A;22:00:00;8769
25/04/2023;B;22:00:00;1184
26/04/2023;A;22:00:00;9170
26/04/2023;B;22:00:00;1323
27/04/2023;A;22:00:00;9903
27/04/2023;B;22:00:00;1310
28/04/2023;A;22:00:00;12616
28/04/2023;B;22:00:00;1666
29/04/2023;A;22:00:00;9995
29/04/2023;B;22:00:00;4614
30/04/2023;A;22:00:00;1123
30/04/2023;B;22:00:00;205
5/01/2023;A;22:00:00;972
5/01/2023;B;22:00:00;152
5/02/2023;A;22:00:00;9009
5/02/2023;B;22:00:00;1581
5/03/2023;A;22:00:00;9327
5/03/2023;B;22:00:00;2006
5/04/2023;A;22:00:00;9861
5/04/2023;B;22:00:00;1436
5/05/2023;A;22:00:00;11897
5/05/2023;B;22:00:00;1669
5/06/2023;A;22:00:00;10117
5/06/2023;B;22:00:00;1369
5/07/2023;A;22:00:00;842
5/07/2023;B;22:00:00;175
5/08/2023;A;22:00:00;8206
5/08/2023;B;22:00:00;1066
5/09/2023;A;22:00:00;8694
5/09/2023;B;22:00:00;1199
5/10/2023;A;22:00:00;9221
5/10/2023;B;22:00:00;1288
5/11/2023;A;22:00:00;9178
5/11/2023;B;22:00:00;1401
5/12/2023;A;22:00:00;12119
5/12/2023;B;22:00:00;1455
13/05/2023;A;22:00:00;9381
13/05/2023;B;22:00:00;1308
14/05/2023;A;22:00:00;876
14/05/2023;B;22:00:00;147
15/05/2023;A;22:00:00;8629
15/05/2023;B;22:00:00;1200
16/05/2023;A;22:00:00;8626
16/05/2023;B;22:00:00;1062
17/05/2023;A;22:00:00;9634
17/05/2023;B;22:00:00;2395
18/05/2023;A;22:00:00;9841
18/05/2023;B;22:00:00;1479
19/05/2023;A;22:00:00;11898
19/05/2023;B;22:00:00;1730
20/05/2023;A;22:00:00;9201
20/05/2023;B;22:00:00;3682
21/05/2023;A;22:00:00;878
21/05/2023;B;22:00:00;210
22/05/2023;A;22:00:00;772
22/05/2023;B;22:00:00;142
23/05/2023;A;22:00:00;8094
23/05/2023;B;22:00:00;1247
24/05/2023;A;22:00:00;8952
24/05/2023;B;22:00:00;1272
25/05/2023;A;22:00:00;9958
25/05/2023;B;22:00:00;1187
26/05/2023;A;22:00:00;11513
26/05/2023;B;22:00:00;1487
27/05/2023;A;22:00:00;9190
27/05/2023;B;22:00:00;1256
28/05/2023;A;22:00:00;745
28/05/2023;B;22:00:00;268
29/05/2023;A;22:00:00;7900
29/05/2023;B;22:00:00;955
30/05/2023;A;22:00:00;9303
30/05/2023;B;22:00:00;1197
31/05/2023;A;22:00:00;9348
31/05/2023;B;22:00:00;1266
6/01/2023;A;22:00:00;9612
6/01/2023;B;22:00:00;2938
6/02/2023;A;22:00:00;12209
6/02/2023;B;22:00:00;1529
6/03/2023;A;22:00:00;10131
6/03/2023;B;22:00:00;1443
6/04/2023;A;22:00:00;858
6/04/2023;B;22:00:00;174
6/05/2023;A;22:00:00;8330
6/05/2023;B;22:00:00;1230
6/06/2023;A;22:00:00;8932
6/06/2023;B;22:00:00;1167
6/07/2023;A;22:00:00;9391
6/07/2023;B;22:00:00;1267
6/08/2023;A;22:00:00;8832
6/08/2023;B;22:00:00;1074
6/09/2023;A;22:00:00;11612
6/09/2023;B;22:00:00;2288
6/10/2023;A;22:00:00;9122
6/10/2023;B;22:00:00;1302
6/11/2023;A;22:00:00;1018
6/11/2023;B;22:00:00;236
6/12/2023;A;22:00:00;729
6/12/2023;B;22:00:00;135
13/06/2023;A;22:00:00;8450
13/06/2023;B;22:00:00;1154
14/06/2023;A;22:00:00;8924
14/06/2023;B;22:00:00;1232
15/06/2023;A;22:00:00;9894
15/06/2023;B;22:00:00;1351
16/06/2023;A;22:00:00;11433
16/06/2023;B;22:00:00;1588
17/06/2023;A;22:00:00;10308
17/06/2023;B;22:00:00;4371
18/06/2023;A;22:00:00;1199
18/06/2023;B;22:00:00;175
19/06/2023;A;22:00:00;825
19/06/2023;B;22:00:00;112
20/06/2023;A;22:00:00;8360
20/06/2023;B;22:00:00;1115
21/06/2023;A;22:00:00;10196
21/06/2023;B;22:00:00;7237
22/06/2023;A;22:00:00;9217
22/06/2023;B;22:00:00;1163
23/06/2023;A;22:00:00;11100
23/06/2023;B;22:00:00;1554
24/06/2023;A;22:00:00;9102
24/06/2023;B;22:00:00;1790
25/06/2023;A;22:00:00;838
25/06/2023;B;22:00:00;151
26/06/2023;A;22:00:00;8213
26/06/2023;B;22:00:00;1051
27/06/2023;A;22:00:00;8786
27/06/2023;B;22:00:00;1459
28/06/2023;A;22:00:00;9164
28/06/2023;B;22:00:00;1208
29/06/2023;A;22:00:00;9318
29/06/2023;B;22:00:00;1268
30/06/2023;A;22:00:00;12648
30/06/2023;B;22:00:00;1600
7/01/2023;A;22:00:00;9738
7/01/2023;B;22:00:00;1442
7/02/2023;A;22:00:00;1286
7/02/2023;B;22:00:00;171
7/03/2023;A;22:00:00;971
7/03/2023;B;22:00:00;172
7/04/2023;A;22:00:00;8521
7/04/2023;B;22:00:00;1069
7/05/2023;A;22:00:00;8869
7/05/2023;B;22:00:00;1109
7/06/2023;A;22:00:00;8726
7/06/2023;B;22:00:00;1137
7/07/2023;A;22:00:00;10953
7/07/2023;B;22:00:00;1386
7/08/2023;A;22:00:00;9325
7/08/2023;B;22:00:00;1188
7/09/2023;A;22:00:00;973
7/09/2023;B;22:00:00;153
7/10/2023;A;22:00:00;8047
7/10/2023;B;22:00:00;1059
7/11/2023;A;22:00:00;8590
7/11/2023;B;22:00:00;1118
7/12/2023;A;22:00:00;9018
7/12/2023;B;22:00:00;1476
13/07/2023;A;22:00:00;9043
13/07/2023;B;22:00:00;1262
14/07/2023;A;22:00:00;11030
14/07/2023;B;22:00:00;1374
15/07/2023;A;22:00:00;10668
15/07/2023;B;22:00:00;1420
16/07/2023;A;22:00:00;1181
16/07/2023;B;22:00:00;179
17/07/2023;A;22:00:00;7819
17/07/2023;B;22:00:00;960
18/07/2023;A;22:00:00;8670
18/07/2023;B;22:00:00;1185
19/07/2023;A;22:00:00;10212
19/07/2023;B;22:00:00;1221
20/07/2023;A;22:00:00;1179
20/07/2023;B;22:00:00;243
21/07/2023;A;22:00:00;9847
21/07/2023;B;22:00:00;1317
22/07/2023;A;22:00:00;8490
22/07/2023;B;22:00:00;1198
23/07/2023;A;22:00:00;1027
23/07/2023;B;22:00:00;1866
24/07/2023;A;22:00:00;7925
24/07/2023;B;22:00:00;1003
25/07/2023;A;22:00:00;8653
25/07/2023;B;22:00:00;1115
26/07/2023;A;22:00:00;9331
26/07/2023;B;22:00:00;1206
27/07/2023;A;22:00:00;9184
27/07/2023;B;22:00:00;1213
28/07/2023;A;22:00:00;11602
28/07/2023;B;22:00:00;2244
29/07/2023;A;22:00:00;9772
29/07/2023;B;22:00:00;3442
30/07/2023;A;22:00:00;993
30/07/2023;B;22:00:00;237
31/07/2023;A;22:00:00;8911
31/07/2023;B;22:00:00;1216
8/01/2023;A;22:00:00;9441
8/01/2023;B;22:00:00;1331
8/02/2023;A;22:00:00;9770
8/02/2023;B;22:00:00;2086
8/03/2023;A;22:00:00;10196
8/03/2023;B;22:00:00;2000
8/04/2023;A;22:00:00;12342
8/04/2023;B;22:00:00;1962
8/05/2023;A;22:00:00;10357
8/05/2023;B;22:00:00;1759
8/06/2023;A;22:00:00;3564
8/06/2023;B;22:00:00;3589
8/07/2023;A;22:00:00;2268
8/07/2023;B;22:00:00;2271
8/08/2023;A;22:00:00;9220
8/08/2023;B;22:00:00;1269
8/09/2023;A;22:00:00;10021
8/09/2023;B;22:00:00;1456
8/10/2023;A;22:00:00;9296
8/10/2023;B;22:00:00;1262
8/11/2023;A;22:00:00;11451
8/11/2023;B;22:00:00;1660
8/12/2023;A;22:00:00;8398
8/12/2023;B;22:00:00;1198
13/08/2023;A;22:00:00;748
13/08/2023;B;22:00:00;1776
14/08/2023;A;22:00:00;8390
14/08/2023;B;22:00:00;1104
15/08/2023;A;22:00:00;9321
15/08/2023;B;22:00:00;1320
16/08/2023;A;22:00:00;9423
16/08/2023;B;22:00:00;1235
17/08/2023;A;22:00:00;9759
17/08/2023;B;22:00:00;4783
18/08/2023;A;22:00:00;11718
18/08/2023;B;22:00:00;1572
19/08/2023;A;22:00:00;8673
19/08/2023;B;22:00:00;1212
20/08/2023;A;22:00:00;970
20/08/2023;B;22:00:00;223
21/08/2023;A;22:00:00;695
21/08/2023;B;22:00:00;109
22/08/2023;A;22:00:00;8428
22/08/2023;B;22:00:00;1135
23/08/2023;A;22:00:00;9216
23/08/2023;B;22:00:00;1223
24/08/2023;A;22:00:00;9475
24/08/2023;B;22:00:00;1494
25/08/2023;A;22:00:00;12309
25/08/2023;B;22:00:00;1449
26/08/2023;A;22:00:00;9499
26/08/2023;B;22:00:00;1196
27/08/2023;A;22:00:00;804
27/08/2023;B;22:00:00;137
28/08/2023;A;22:00:00;7148
28/08/2023;B;22:00:00;902
29/08/2023;A;22:00:00;9041
29/08/2023;B;22:00:00;1107
30/08/2023;A;22:00:00;9916
30/08/2023;B;22:00:00;1311
31/08/2023;A;22:00:00;10210
31/08/2023;B;22:00:00;1363
9/01/2023;A;22:00:00;12623
9/01/2023;B;22:00:00;1710
9/02/2023;A;22:00:00;9017
9/02/2023;B;22:00:00;1270
9/03/2023;A;22:00:00;821
9/03/2023;B;22:00:00;147
9/04/2023;A;22:00:00;8281
9/04/2023;B;22:00:00;1165
9/05/2023;A;22:00:00;9134
9/05/2023;B;22:00:00;1245
9/06/2023;A;22:00:00;9508
9/06/2023;B;22:00:00;1339
9/07/2023;A;22:00:00;9540
9/07/2023;B;22:00:00;1360
9/08/2023;A;22:00:00;11560
9/08/2023;B;22:00:00;1536
9/09/2023;A;22:00:00;8282
9/09/2023;B;22:00:00;4091
9/10/2023;A;22:00:00;885
9/10/2023;B;22:00:00;120
9/11/2023;A;22:00:00;8252
9/11/2023;B;22:00:00;1065
9/12/2023;A;22:00:00;9290
9/12/2023;B;22:00:00;1267
13/09/2023;A;22:00:00;9497
13/09/2023;B;22:00:00;2773
14/09/2023;A;22:00:00;9765
14/09/2023;B;22:00:00;1776
15/09/2023;A;22:00:00;12331
15/09/2023;B;22:00:00;1653
16/09/2023;A;22:00:00;9630
16/09/2023;B;22:00:00;1455
17/09/2023;A;22:00:00;1034
17/09/2023;B;22:00:00;196
18/09/2023;A;22:00:00;8405
18/09/2023;B;22:00:00;1672
19/09/2023;A;22:00:00;8767
19/09/2023;B;22:00:00;1126
20/09/2023;A;22:00:00;9474
20/09/2023;B;22:00:00;3358
21/09/2023;A;22:00:00;10013
21/09/2023;B;22:00:00;1355
22/09/2023;A;22:00:00;7739
22/09/2023;B;22:00:00;373
23/09/2023;A;22:00:00;8485
23/09/2023;B;22:00:00;1283
24/09/2023;A;22:00:00;804
24/09/2023;B;22:00:00;144
25/09/2023;A;22:00:00;8542
25/09/2023;B;22:00:00;2295
26/09/2023;A;22:00:00;8887
26/09/2023;B;22:00:00;1108
27/09/2023;A;22:00:00;10271
27/09/2023;B;22:00:00;1596
28/09/2023;A;22:00:00;11340
28/09/2023;B;22:00:00;1994
29/09/2023;A;22:00:00;12502
29/09/2023;B;22:00:00;1654
30/09/2023;A;22:00:00;9398
30/09/2023;B;22:00:00;1446
10/01/2023;A;22:00:00;908
10/01/2023;B;22:00:00;167
10/02/2023;A;22:00:00;8680
10/02/2023;B;22:00:00;1091
10/03/2023;A;22:00:00;8947
10/03/2023;B;22:00:00;1160
10/04/2023;A;22:00:00;9566
10/04/2023;B;22:00:00;2147
10/05/2023;A;22:00:00;9561
10/05/2023;B;22:00:00;1409
10/06/2023;A;22:00:00;12019
10/06/2023;B;22:00:00;1696
10/07/2023;A;22:00:00;8421
10/07/2023;B;22:00:00;1207
10/08/2023;A;22:00:00;813
10/08/2023;B;22:00:00;169
10/09/2023;A;22:00:00;8275
10/09/2023;B;22:00:00;1063
10/10/2023;A;22:00:00;8922
10/10/2023;B;22:00:00;1106
10/11/2023;A;22:00:00;9290
10/11/2023;B;22:00:00;1260
10/12/2023;A;22:00:00;9327
10/12/2023;B;22:00:00;1327
13/10/2023;A;22:00:00;11297
13/10/2023;B;22:00:00;1528
14/10/2023;A;22:00:00;8145
14/10/2023;B;22:00:00;1433
15/10/2023;A;22:00:00;1034
15/10/2023;B;22:00:00;170
16/10/2023;A;22:00:00;795
16/10/2023;B;22:00:00;135
17/10/2023;A;22:00:00;8833
17/10/2023;B;22:00:00;1069
18/10/2023;A;22:00:00;9419
18/10/2023;B;22:00:00;1278
19/10/2023;A;22:00:00;9326
19/10/2023;B;22:00:00;1386
20/10/2023;A;22:00:00;11663
20/10/2023;B;22:00:00;1608
21/10/2023;A;22:00:00;8432
21/10/2023;B;22:00:00;1267
22/10/2023;A;22:00:00;699
22/10/2023;B;22:00:00;140
23/10/2023;A;22:00:00;8050
23/10/2023;B;22:00:00;968
24/10/2023;A;22:00:00;8988
24/10/2023;B;22:00:00;1153
25/10/2023;A;22:00:00;9327
25/10/2023;B;22:00:00;1138
26/10/2023;A;22:00:00;9561
26/10/2023;B;22:00:00;2273
27/10/2023;A;22:00:00;11570
27/10/2023;B;22:00:00;1601
28/10/2023;A;22:00:00;7511
28/10/2023;B;22:00:00;1073
29/10/2023;A;22:00:00;643
29/10/2023;B;22:00:00;107
30/10/2023;A;22:00:00;8462
30/10/2023;B;22:00:00;1029
31/10/2023;A;22:00:00;12134
31/10/2023;B;22:00:00;1359
11/01/2023;A;22:00:00;9367
11/01/2023;B;22:00:00;1106
11/02/2023;A;22:00:00;9751
11/02/2023;B;22:00:00;1231
11/03/2023;A;22:00:00;11354
11/03/2023;B;22:00:00;1693
11/04/2023;A;22:00:00;8861
11/04/2023;B;22:00:00;1301
11/05/2023;A;22:00:00;1024
11/05/2023;B;22:00:00;220
11/06/2023;A;22:00:00;702
11/06/2023;B;22:00:00;196
11/07/2023;A;22:00:00;9124
11/07/2023;B;22:00:00;1149
11/08/2023;A;22:00:00;9475
11/08/2023;B;22:00:00;1705
11/09/2023;A;22:00:00;9865
11/09/2023;B;22:00:00;1703
11/10/2023;A;22:00:00;11595
11/10/2023;B;22:00:00;1741
11/11/2023;A;22:00:00;7749
11/11/2023;B;22:00:00;1147
11/12/2023;A;22:00:00;921
11/12/2023;B;22:00:00;185
13/11/2023;A;22:00:00;713
13/11/2023;B;22:00:00;149
14/11/2023;A;22:00:00;9026
14/11/2023;B;22:00:00;2117
15/11/2023;A;22:00:00;10533
15/11/2023;B;22:00:00;1478
16/11/2023;A;22:00:00;9703
16/11/2023;B;22:00:00;1311
17/11/2023;A;22:00:00;12021
17/11/2023;B;22:00:00;1445
18/11/2023;A;22:00:00;8708
18/11/2023;B;22:00:00;1226
19/11/2023;A;22:00:00;740
19/11/2023;B;22:00:00;304
20/11/2023;A;22:00:00;8819
20/11/2023;B;22:00:00;1003
21/11/2023;A;22:00:00;9291
21/11/2023;B;22:00:00;1147
22/11/2023;A;22:00:00;9695
22/11/2023;B;22:00:00;1237
23/11/2023;A;22:00:00;10724
23/11/2023;B;22:00:00;4312
24/11/2023;A;22:00:00;12999
24/11/2023;B;22:00:00;1531
25/11/2023;A;22:00:00;10268
25/11/2023;B;22:00:00;1432
26/11/2023;A;22:00:00;841
26/11/2023;B;22:00:00;249
27/11/2023;A;22:00:00;9015
27/11/2023;B;22:00:00;1130
28/11/2023;A;22:00:00;9498
28/11/2023;B;22:00:00;1218
29/11/2023;A;22:00:00;10330
29/11/2023;B;22:00:00;1950
30/11/2023;A;22:00:00;12481
30/11/2023;B;22:00:00;1623
12/01/2023;A;22:00:00;14082
12/01/2023;B;22:00:00;2022
12/02/2023;A;22:00:00;13190
12/02/2023;B;22:00:00;2044
12/03/2023;A;22:00:00;1554
12/03/2023;B;22:00:00;228
12/04/2023;A;22:00:00;10354
12/04/2023;B;22:00:00;1162
12/05/2023;A;22:00:00;11135
12/05/2023;B;22:00:00;1308
12/06/2023;A;22:00:00;12685
12/06/2023;B;22:00:00;5780
12/07/2023;A;22:00:00;10446
12/07/2023;B;22:00:00;1227
12/08/2023;A;22:00:00;7918
12/08/2023;B;22:00:00;950
12/09/2023;A;22:00:00;14141
12/09/2023;B;22:00:00;1661
12/10/2023;A;22:00:00;1637
12/10/2023;B;22:00:00;283
12/11/2023;A;22:00:00;11197
12/11/2023;B;22:00:00;1178
12/12/2023;A;22:00:00;11678
12/12/2023;B;22:00:00;1309
13/12/2023;A;22:00:00;12385
13/12/2023;B;22:00:00;6901
14/12/2023;A;22:00:00;26110
14/12/2023;B;22:00:00;2872
15/12/2023;A;22:00:00;18276
15/12/2023;B;22:00:00;2003
16/12/2023;A;22:00:00;15784
16/12/2023;B;22:00:00;1660
17/12/2023;A;22:00:00;2903
17/12/2023;B;22:00:00;305
18/12/2023;A;22:00:00;13243
18/12/2023;B;22:00:00;1179
19/12/2023;A;22:00:00;13717
19/12/2023;B;22:00:00;1238
20/12/2023;A;22:00:00;15034
20/12/2023;B;22:00:00;1475
21/12/2023;A;22:00:00;15554
21/12/2023;B;22:00:00;1463
22/12/2023;A;22:00:00;17298
22/12/2023;B;22:00:00;1598
23/12/2023;A;22:00:00;14253
23/12/2023;B;22:00:00;1362
24/12/2023;A;22:00:00;
24/12/2023;B;22:00:00;
25/12/2023;A;22:00:00;570
25/12/2023;B;22:00:00;69
26/12/2023;A;22:00:00;10630
26/12/2023;B;22:00:00;1072
27/12/2023;A;22:00:00;11432
27/12/2023;B;22:00:00;1215
28/12/2023;A;22:00:00;12129
28/12/2023;B;22:00:00;1423
29/12/2023;A;22:00:00;13713
29/12/2023;B;22:00:00;1726
30/12/2023;A;22:00:00;11307
30/12/2023;B;22:00:00;1267
31/12/2023;A;22:00:00;
31/12/2023;B;22:00:00;
1/01/2024;A;22:00:00;664
1/01/2024;B;22:00:00;85
2/01/2024;A;22:00:00;9328
2/01/2024;B;22:00:00;925
3/01/2024;A;22:00:00;9213
3/01/2024;B;22:00:00;1075
4/01/2024;A;22:00:00;9335
4/01/2024;B;22:00:00;1100
5/01/2024;A;22:00:00;11283
5/01/2024;B;22:00:00;1102
6/01/2024;A;22:00:00;11111
6/01/2024;B;22:00:00;1236
7/01/2024;A;22:00:00;1849
7/01/2024;B;22:00:00;198
8/01/2024;A;22:00:00;1053
8/01/2024;B;22:00:00;162
9/01/2024;A;22:00:00;7961
9/01/2024;B;22:00:00;947
10/01/2024;A;22:00:00;8188
10/01/2024;B;22:00:00;922
11/01/2024;A;22:00:00;8086
11/01/2024;B;22:00:00;1056
12/01/2024;A;22:00:00;9392
12/01/2024;B;22:00:00;1087
13/01/2024;A;22:00:00;8572
13/01/2024;B;22:00:00;1116
14/01/2024;A;22:00:00;912
14/01/2024;B;22:00:00;155
15/01/2024;A;22:00:00;8309
15/01/2024;B;22:00:00;945
16/01/2024;A;22:00:00;8455
16/01/2024;B;22:00:00;988
17/01/2024;A;22:00:00;8390
17/01/2024;B;22:00:00;1030
18/01/2024;A;22:00:00;8684
18/01/2024;B;22:00:00;1050
19/01/2024;A;22:00:00;9836
19/01/2024;B;22:00:00;1355
20/01/2024;A;22:00:00;7939
20/01/2024;B;22:00:00;1084
21/01/2024;A;22:00:00;743
21/01/2024;B;22:00:00;157
22/01/2024;A;22:00:00;7737
22/01/2024;B;22:00:00;921
23/01/2024;A;22:00:00;8215
23/01/2024;B;22:00:00;978
24/01/2024;A;22:00:00;8596
24/01/2024;B;22:00:00;986
25/01/2024;A;22:00:00;8557
25/01/2024;B;22:00:00;1088
26/01/2024;A;22:00:00;10122
26/01/2024;B;22:00:00;1238
27/01/2024;A;22:00:00;7478
27/01/2024;B;22:00:00;2797
28/01/2024;A;22:00:00;722
28/01/2024;B;22:00:00;137
29/01/2024;A;22:00:00;7485
29/01/2024;B;22:00:00;930
30/01/2024;A;22:00:00;8455
30/01/2024;B;22:00:00;1060
31/01/2024;A;22:00:00;9043
31/01/2024;B;22:00:00;1163
1/02/2024;A;22:00:00;8667
1/02/2024;B;22:00:00;1066
2/02/2024;A;22:00:00;9937
2/02/2024;B;22:00:00;1434
3/02/2024;A;22:00:00;8358
3/02/2024;B;22:00:00;1266
4/02/2024;A;22:00:00;764
4/02/2024;B;22:00:00;149
5/02/2024;A;22:00:00;8163
5/02/2024;B;22:00:00;3023
6/02/2024;A;22:00:00;8736
6/02/2024;B;22:00:00;1093
7/02/2024;A;22:00:00;8914
7/02/2024;B;22:00:00;1219
8/02/2024;A;22:00:00;8832
8/02/2024;B;22:00:00;1228
9/02/2024;A;22:00:00;10698
9/02/2024;B;22:00:00;1479
10/02/2024;A;22:00:00;8293
10/02/2024;B;22:00:00;3298
11/02/2024;A;22:00:00;719
11/02/2024;B;22:00:00;223
12/02/2024;A;22:00:00;8336
12/02/2024;B;22:00:00;1012
13/02/2024;A;22:00:00;9035
13/02/2024;B;22:00:00;1172
14/02/2024;A;22:00:00;9138
14/02/2024;B;22:00:00;1270
15/02/2024;A;22:00:00;9693
15/02/2024;B;22:00:00;1348
16/02/2024;A;22:00:00;11554
16/02/2024;B;22:00:00;1655
17/02/2024;A;22:00:00;8407
17/02/2024;B;22:00:00;1287
18/02/2024;A;22:00:00;913
18/02/2024;B;22:00:00;174
19/02/2024;A;22:00:00;8403
19/02/2024;B;22:00:00;1055
20/02/2024;A;22:00:00;8886
20/02/2024;B;22:00:00;1125
21/02/2024;A;22:00:00;8757
21/02/2024;B;22:00:00;1282
22/02/2024;A;22:00:00;7255
22/02/2024;B;22:00:00;1096
23/02/2024;A;22:00:00;11712
23/02/2024;B;22:00:00;1634
24/02/2024;A;22:00:00;8067
24/02/2024;B;22:00:00;1233
25/02/2024;A;22:00:00;741
25/02/2024;B;22:00:00;148
26/02/2024;A;22:00:00;8247
26/02/2024;B;22:00:00;1070
27/02/2024;A;22:00:00;9925
27/02/2024;B;22:00:00;1325
28/02/2024;A;22:00:00;9129
28/02/2024;B;22:00:00;1706
29/02/2024;A;22:00:00;10232
29/02/2024;B;22:00:00;2096
1/03/2024;A;22:00:00;11443
1/03/2024;B;22:00:00;1536
2/03/2024;A;22:00:00;8462
2/03/2024;B;22:00:00;1253
3/03/2024;A;22:00:00;788
3/03/2024;B;22:00:00;178
4/03/2024;A;22:00:00;8374
4/03/2024;B;22:00:00;1121
5/03/2024;A;22:00:00;8938
5/03/2024;B;22:00:00;1174
6/03/2024;A;22:00:00;9198
6/03/2024;B;22:00:00;1210
7/03/2024;A;22:00:00;9373
7/03/2024;B;22:00:00;1296
8/03/2024;A;22:00:00;11513
8/03/2024;B;22:00:00;1540
9/03/2024;A;22:00:00;8175
9/03/2024;B;22:00:00;1242
10/03/2024;A;22:00:00;785
10/03/2024;B;22:00:00;186
11/03/2024;A;22:00:00;7813
11/03/2024;B;22:00:00;1082
12/03/2024;A;22:00:00;8571
12/03/2024;B;22:00:00;1131
13/03/2024;A;22:00:00;8515
13/03/2024;B;22:00:00;1252
14/03/2024;A;22:00:00;9356
14/03/2024;B;22:00:00;1506
15/03/2024;A;22:00:00;11464
15/03/2024;B;22:00:00;1573
16/03/2024;A;22:00:00;8603
16/03/2024;B;22:00:00;3504
17/03/2024;A;22:00:00;777
17/03/2024;B;22:00:00;141
18/03/2024;A;22:00:00;8448
18/03/2024;B;22:00:00;1097
19/03/2024;A;22:00:00;8923
19/03/2024;B;22:00:00;1164
20/03/2024;A;22:00:00;9016
20/03/2024;B;22:00:00;1325
21/03/2024;A;22:00:00;9530
21/03/2024;B;22:00:00;1427
22/03/2024;A;22:00:00;11871
22/03/2024;B;22:00:00;1567
23/03/2024;A;22:00:00;8181
23/03/2024;B;22:00:00;1119
24/03/2024;A;22:00:00;750
24/03/2024;B;22:00:00;163
25/03/2024;A;22:00:00;659
25/03/2024;B;22:00:00;146
26/03/2024;A;22:00:00;7235
26/03/2024;B;22:00:00;951
27/03/2024;A;22:00:00;7841
27/03/2024;B;22:00:00;1219
28/03/2024;A;22:00:00;695
28/03/2024;B;22:00:00;175
29/03/2024;A;22:00:00;535
29/03/2024;B;22:00:00;92
30/03/2024;A;22:00:00;5941
30/03/2024;B;22:00:00;815
31/03/2024;A;22:00:00;623
31/03/2024;B;22:00:00;150
1/04/2024;A;22:00:00;7802
1/04/2024;B;22:00:00;1004
2/04/2024;A;22:00:00;8603
2/04/2024;B;22:00:00;1091
3/04/2024;A;22:00:00;8585
3/04/2024;B;22:00:00;1171
4/04/2024;A;22:00:00;8533
4/04/2024;B;22:00:00;1162
5/04/2024;A;22:00:00;10958
5/04/2024;B;22:00:00;1692
6/04/2024;A;22:00:00;8183
6/04/2024;B;22:00:00;1172
7/04/2024;A;22:00:00;763
7/04/2024;B;22:00:00;165
8/04/2024;A;22:00:00;7805
8/04/2024;B;22:00:00;1034
9/04/2024;A;22:00:00;8612
9/04/2024;B;22:00:00;1148
10/04/2024;A;22:00:00;8801
10/04/2024;B;22:00:00;1714
11/04/2024;A;22:00:00;8992
11/04/2024;B;22:00:00;1330
12/04/2024;A;22:00:00;10582
12/04/2024;B;22:00:00;1516
13/04/2024;A;22:00:00;7884
13/04/2024;B;22:00:00;1209
14/04/2024;A;22:00:00;651
14/04/2024;B;22:00:00;189
15/04/2024;A;22:00:00;8291
15/04/2024;B;22:00:00;1125
16/04/2024;A;22:00:00;8704
16/04/2024;B;22:00:00;1255
17/04/2024;A;22:00:00;8990
17/04/2024;B;22:00:00;2994
18/04/2024;A;22:00:00;8709
18/04/2024;B;22:00:00;1297
19/04/2024;A;22:00:00;10338
19/04/2024;B;22:00:00;1495
20/04/2024;A;22:00:00;7858
20/04/2024;B;22:00:00;1237
21/04/2024;A;22:00:00;718
21/04/2024;B;22:00:00;263
22/04/2024;A;22:00:00;7755
22/04/2024;B;22:00:00;891
23/04/2024;A;22:00:00;8119
23/04/2024;B;22:00:00;1155
24/04/2024;A;22:00:00;8584
24/04/2024;B;22:00:00;1297
25/04/2024;A;22:00:00;8853
25/04/2024;B;22:00:00;1490
26/04/2024;A;22:00:00;10290
26/04/2024;B;22:00:00;1416
27/04/2024;A;22:00:00;7531
27/04/2024;B;22:00:00;1440
28/04/2024;A;22:00:00;636
28/04/2024;B;22:00:00;168
29/04/2024;A;22:00:00;8239
29/04/2024;B;22:00:00;1122
30/04/2024;A;22:00:00;10178
30/04/2024;B;22:00:00;1480
1/05/2024;A;22:00:00;984
1/05/2024;B;22:00:00;232
2/05/2024;A;22:00:00;9167
2/05/2024;B;22:00:00;1372
3/05/2024;A;22:00:00;10745
3/05/2024;B;22:00:00;1650
4/05/2024;A;22:00:00;8877
4/05/2024;B;22:00:00;1445
5/05/2024;A;22:00:00;748
5/05/2024;B;22:00:00;199
6/05/2024;A;22:00:00;8095
6/05/2024;B;22:00:00;1030
7/05/2024;A;22:00:00;7974
7/05/2024;B;22:00:00;978
8/05/2024;A;22:00:00;9042
8/05/2024;B;22:00:00;1306
9/05/2024;A;22:00:00;9001
9/05/2024;B;22:00:00;1305
10/05/2024;A;22:00:00;11226
10/05/2024;B;22:00:00;1526
11/05/2024;A;22:00:00;8551
11/05/2024;B;22:00:00;1174
12/05/2024;A;22:00:00;998
12/05/2024;B;22:00:00;217
13/05/2024;A;22:00:00;668
13/05/2024;B;22:00:00;113
14/05/2024;A;22:00:00;8684
14/05/2024;B;22:00:00;1090
15/05/2024;A;22:00:00;9333
15/05/2024;B;22:00:00;1269
16/05/2024;A;22:00:00;9125
16/05/2024;B;22:00:00;1646
17/05/2024;A;22:00:00;11279
17/05/2024;B;22:00:00;1546
18/05/2024;A;22:00:00;8620
18/05/2024;B;22:00:00;1350
19/05/2024;A;22:00:00;667
19/05/2024;B;22:00:00;179
20/05/2024;A;22:00:00;7953
20/05/2024;B;22:00:00;1043
21/05/2024;A;22:00:00;8288
21/05/2024;B;22:00:00;1091
22/05/2024;A;22:00:00;8481
22/05/2024;B;22:00:00;1248
23/05/2024;A;22:00:00;9308
23/05/2024;B;22:00:00;1230
24/05/2024;A;22:00:00;10897
24/05/2024;B;22:00:00;1600
25/05/2024;A;22:00:00;8401
25/05/2024;B;22:00:00;1248
26/05/2024;A;22:00:00;666
26/05/2024;B;22:00:00;163
27/05/2024;A;22:00:00;7711
27/05/2024;B;22:00:00;1012
28/05/2024;A;22:00:00;8579
28/05/2024;B;22:00:00;1130
29/05/2024;A;22:00:00;8457
29/05/2024;B;22:00:00;1578
30/05/2024;A;22:00:00;9223
30/05/2024;B;22:00:00;1191
31/05/2024;A;22:00:00;11984
31/05/2024;B;22:00:00;1521
1/06/2024;A;22:00:00;8803
1/06/2024;B;22:00:00;1237
2/06/2024;A;22:00:00;821
2/06/2024;B;22:00:00;211
3/06/2024;A;22:00:00;684
3/06/2024;B;22:00:00;169
4/06/2024;A;22:00:00;8109
4/06/2024;B;22:00:00;1012
5/06/2024;A;22:00:00;8892
5/06/2024;B;22:00:00;1330
6/06/2024;A;22:00:00;8768
6/06/2024;B;22:00:00;1439
7/06/2024;A;22:00:00;10883
7/06/2024;B;22:00:00;1390
8/06/2024;A;22:00:00;7866
8/06/2024;B;22:00:00;1141
9/06/2024;A;22:00:00;768
9/06/2024;B;22:00:00;202
10/06/2024;A;22:00:00;578
10/06/2024;B;22:00:00;117
11/06/2024;A;22:00:00;8213
11/06/2024;B;22:00:00;975
12/06/2024;A;22:00:00;8807
12/06/2024;B;22:00:00;1213
13/06/2024;A;22:00:00;8493
13/06/2024;B;22:00:00;1170
14/06/2024;A;22:00:00;10616
14/06/2024;B;22:00:00;1528
15/06/2024;A;22:00:00;10060
15/06/2024;B;22:00:00;1432
16/06/2024;A;22:00:00;987
16/06/2024;B;22:00:00;292
17/06/2024;A;22:00:00;8130
17/06/2024;B;22:00:00;1029
18/06/2024;A;22:00:00;8592
18/06/2024;B;22:00:00;1175
19/06/2024;A;22:00:00;8840
19/06/2024;B;22:00:00;1087
20/06/2024;A;22:00:00;9121
20/06/2024;B;22:00:00;1153
21/06/2024;A;22:00:00;10632
21/06/2024;B;22:00:00;1245
22/06/2024;A;22:00:00;8539
22/06/2024;B;22:00:00;1032
23/06/2024;A;22:00:00;864
23/06/2024;B;22:00:00;133
24/06/2024;A;22:00:00;8227
24/06/2024;B;22:00:00;1024
25/06/2024;A;22:00:00;8066
25/06/2024;B;22:00:00;1037
26/06/2024;A;22:00:00;8951
26/06/2024;B;22:00:00;1203
27/06/2024;A;22:00:00;9274
27/06/2024;B;22:00:00;1108
28/06/2024;A;22:00:00;11375
28/06/2024;B;22:00:00;1435
29/06/2024;A;22:00:00;8659
29/06/2024;B;22:00:00;1215
30/06/2024;A;22:00:00;1068
30/06/2024;B;22:00:00;217
1/07/2024;A;22:00:00;770
1/07/2024;B;22:00:00;129
2/07/2024;A;22:00:00;11165
2/07/2024;B;22:00:00;2808
3/07/2024;A;22:00:00;8552
3/07/2024;B;22:00:00;1098
4/07/2024;A;22:00:00;8990
4/07/2024;B;22:00:00;1218
5/07/2024;A;22:00:00;10383
5/07/2024;B;22:00:00;1395
6/07/2024;A;22:00:00;8798
6/07/2024;B;22:00:00;1454
7/07/2024;A;22:00:00;901
7/07/2024;B;22:00:00;180
8/07/2024;A;22:00:00;7650
8/07/2024;B;22:00:00;1008
9/07/2024;A;22:00:00;8019
9/07/2024;B;22:00:00;1130
10/07/2024;A;22:00:00;9787
10/07/2024;B;22:00:00;1517
11/07/2024;A;22:00:00;8357
11/07/2024;B;22:00:00;1111
12/07/2024;A;22:00:00;9601
12/07/2024;B;22:00:00;1314
13/07/2024;A;22:00:00;7869
13/07/2024;B;22:00:00;1203
14/07/2024;A;22:00:00;409
14/07/2024;B;22:00:00;113
15/07/2024;A;22:00:00;7573
15/07/2024;B;22:00:00;936
16/07/2024;A;22:00:00;8451
16/07/2024;B;22:00:00;1041
17/07/2024;A;22:00:00;8194
17/07/2024;B;22:00:00;1175
18/07/2024;A;22:00:00;8387
18/07/2024;B;22:00:00;3935
19/07/2024;A;22:00:00;10397
19/07/2024;B;22:00:00;1397
20/07/2024;A;22:00:00;1586
20/07/2024;B;22:00:00;296
21/07/2024;A;22:00:00;874
21/07/2024;B;22:00:00;198
22/07/2024;A;22:00:00;7526
22/07/2024;B;22:00:00;986
23/07/2024;A;22:00:00;8017
23/07/2024;B;22:00:00;1094
24/07/2024;A;22:00:00;8765
24/07/2024;B;22:00:00;1223
25/07/2024;A;22:00:00;8976
25/07/2024;B;22:00:00;1149
26/07/2024;A;22:00:00;10351
26/07/2024;B;22:00:00;1333
27/07/2024;A;22:00:00;7745
27/07/2024;B;22:00:00;3343
28/07/2024;A;22:00:00;817
28/07/2024;B;22:00:00;121
29/07/2024;A;22:00:00;7631
29/07/2024;B;22:00:00;990
30/07/2024;A;22:00:00;8722
30/07/2024;B;22:00:00;4173
31/07/2024;A;22:00:00;9206
31/07/2024;B;22:00:00;3242
1/08/2024;A;22:00:00;9120
1/08/2024;B;22:00:00;1217
2/08/2024;A;22:00:00;10990
2/08/2024;B;22:00:00;1946
3/08/2024;A;22:00:00;8908
3/08/2024;B;22:00:00;1360
4/08/2024;A;22:00:00;979
4/08/2024;B;22:00:00;172
5/08/2024;A;22:00:00;8525
5/08/2024;B;22:00:00;1544
6/08/2024;A;22:00:00;9800
6/08/2024;B;22:00:00;1249
7/08/2024;A;22:00:00;1148
7/08/2024;B;22:00:00;274
8/08/2024;A;22:00:00;9165
8/08/2024;B;22:00:00;1243
9/08/2024;A;22:00:00;10659
9/08/2024;B;22:00:00;1520
10/08/2024;A;22:00:00;8086
10/08/2024;B;22:00:00;1269
11/08/2024;A;22:00:00;761
11/08/2024;B;22:00:00;167
12/08/2024;A;22:00:00;8120
12/08/2024;B;22:00:00;1057
13/08/2024;A;22:00:00;8871
13/08/2024;B;22:00:00;1215
14/08/2024;A;22:00:00;9421
14/08/2024;B;22:00:00;1371
15/08/2024;A;22:00:00;10276
15/08/2024;B;22:00:00;1403
16/08/2024;A;22:00:00;11663
16/08/2024;B;22:00:00;1466
17/08/2024;A;22:00:00;8342
17/08/2024;B;22:00:00;1190
18/08/2024;A;22:00:00;1016
18/08/2024;B;22:00:00;184
19/08/2024;A;22:00:00;822
19/08/2024;B;22:00:00;142
20/08/2024;A;22:00:00;9018
20/08/2024;B;22:00:00;1186
21/08/2024;A;22:00:00;9138
21/08/2024;B;22:00:00;1372
22/08/2024;A;22:00:00;9084
22/08/2024;B;22:00:00;1203
23/08/2024;A;22:00:00;10300
23/08/2024;B;22:00:00;1372
24/08/2024;A;22:00:00;8007
24/08/2024;B;22:00:00;1042
25/08/2024;A;22:00:00;659
25/08/2024;B;22:00:00;109
26/08/2024;A;22:00:00;7866
26/08/2024;B;22:00:00;1044
27/08/2024;A;22:00:00;8842
27/08/2024;B;22:00:00;1132
28/08/2024;A;22:00:00;8910
28/08/2024;B;22:00:00;1196
29/08/2024;A;22:00:00;9038
29/08/2024;B;22:00:00;1153
30/08/2024;A;22:00:00;11552
30/08/2024;B;22:00:00;1466
31/08/2024;A;22:00:00;10504
31/08/2024;B;22:00:00;1364
1/09/2024;A;22:00:00;927
1/09/2024;B;22:00:00;170
2/09/2024;A;22:00:00;8391
2/09/2024;B;22:00:00;1160
3/09/2024;A;22:00:00;8702
3/09/2024;B;22:00:00;1325
4/09/2024;A;22:00:00;8777
4/09/2024;B;22:00:00;1241
5/09/2024;A;22:00:00;8739
5/09/2024;B;22:00:00;1251
6/09/2024;A;22:00:00;10511
6/09/2024;B;22:00:00;2319
7/09/2024;A;22:00:00;8466
7/09/2024;B;22:00:00;1138
8/09/2024;A;22:00:00;819
8/09/2024;B;22:00:00;146
9/09/2024;A;22:00:00;8059
9/09/2024;B;22:00:00;1118
10/09/2024;A;22:00:00;8789
10/09/2024;B;22:00:00;1134
11/09/2024;A;22:00:00;9196
11/09/2024;B;22:00:00;1345
12/09/2024;A;22:00:00;9202
12/09/2024;B;22:00:00;1718
13/09/2024;A;22:00:00;11602
13/09/2024;B;22:00:00;1546
14/09/2024;A;22:00:00;8325
14/09/2024;B;22:00:00;1112
15/09/2024;A;22:00:00;1380
15/09/2024;B;22:00:00;230
16/09/2024;A;22:00:00;8004
16/09/2024;B;22:00:00;1048
17/09/2024;A;22:00:00;8664
17/09/2024;B;22:00:00;1144
18/09/2024;A;22:00:00;9087
18/09/2024;B;22:00:00;1316
19/09/2024;A;22:00:00;10028
19/09/2024;B;22:00:00;1942
20/09/2024;A;22:00:00;10931
20/09/2024;B;22:00:00;1508
21/09/2024;A;22:00:00;8817
21/09/2024;B;22:00:00;1221
22/09/2024;A;22:00:00;764
22/09/2024;B;22:00:00;145
23/09/2024;A;22:00:00;7968
23/09/2024;B;22:00:00;1062
24/09/2024;A;22:00:00;8512
24/09/2024;B;22:00:00;1127
25/09/2024;A;22:00:00;8378
25/09/2024;B;22:00:00;3784
26/09/2024;A;22:00:00;8782
26/09/2024;B;22:00:00;3923
27/09/2024;A;22:00:00;10791
27/09/2024;B;22:00:00;1796
28/09/2024;A;22:00:00;7987
28/09/2024;B;22:00:00;1183
29/09/2024;A;22:00:00;716
29/09/2024;B;22:00:00;119
30/09/2024;A;22:00:00;8513
30/09/2024;B;22:00:00;1104
1/10/2024;A;22:00:00;8843
1/10/2024;B;22:00:00;1228
2/10/2024;A;22:00:00;8881
2/10/2024;B;22:00:00;1263
3/10/2024;A;22:00:00;10046
3/10/2024;B;22:00:00;1408
4/10/2024;A;22:00:00;11355
4/10/2024;B;22:00:00;1550
5/10/2024;A;22:00:00;8763
5/10/2024;B;22:00:00;1144
6/10/2024;A;22:00:00;744
6/10/2024;B;22:00:00;144
7/10/2024;A;22:00:00;7908
7/10/2024;B;22:00:00;960
8/10/2024;A;22:00:00;8658
8/10/2024;B;22:00:00;1111
9/10/2024;A;22:00:00;9098
9/10/2024;B;22:00:00;1386
10/10/2024;A;22:00:00;9582
10/10/2024;B;22:00:00;1278
11/10/2024;A;22:00:00;10993
11/10/2024;B;22:00:00;1412
12/10/2024;A;22:00:00;7922
12/10/2024;B;22:00:00;1304
13/10/2024;A;22:00:00;886
13/10/2024;B;22:00:00;219
14/10/2024;A;22:00:00;648
14/10/2024;B;22:00:00;132
15/10/2024;A;22:00:00;8808
15/10/2024;B;22:00:00;1113
16/10/2024;A;22:00:00;9280
16/10/2024;B;22:00:00;1299
17/10/2024;A;22:00:00;9720
17/10/2024;B;22:00:00;1272
18/10/2024;A;22:00:00;11954
18/10/2024;B;22:00:00;1483
19/10/2024;A;22:00:00;10045
19/10/2024;B;22:00:00;1469
20/10/2024;A;22:00:00;1012
20/10/2024;B;22:00:00;149
21/10/2024;A;22:00:00;6889
21/10/2024;B;22:00:00;873
22/10/2024;A;22:00:00;8595
22/10/2024;B;22:00:00;1113
23/10/2024;A;22:00:00;8808
23/10/2024;B;22:00:00;1241
24/10/2024;A;22:00:00;9353
24/10/2024;B;22:00:00;3016
25/10/2024;A;22:00:00;11331
25/10/2024;B;22:00:00;1778
26/10/2024;A;22:00:00;8198
26/10/2024;B;22:00:00;1083
27/10/2024;A;22:00:00;678
27/10/2024;B;22:00:00;114
28/10/2024;A;22:00:00;8213
28/10/2024;B;22:00:00;2801
29/10/2024;A;22:00:00;9116
29/10/2024;B;22:00:00;1255
30/10/2024;A;22:00:00;9121
30/10/2024;B;22:00:00;1244
31/10/2024;A;22:00:00;11277
31/10/2024;B;22:00:00;6457
